person 0.0141 478 216 499 330
person 0.0039 482 158 499 313
person 0.0025 406 140 430 216
car 0.0033 480 183 499 325
boat 0.0010 453 119 463 124
cat 0.0010 26 186 273 321
dog 0.0040 49 187 275 316
horse 0.1950 26 186 273 321
horse 0.0505 478 216 499 330
horse 0.0031 482 158 499 313
horse 0.0017 490 235 499 319
sheep 0.1697 49 187 275 316
sheep 0.0113 478 216 499 330
sheep 0.0020 490 235 499 319
sheep 0.0012 482 158 499 313
cow 0.2874 49 187 275 316
cow 0.0312 478 216 499 330
cow 0.0017 490 235 499 319
cow 0.0011 482 158 499 313
