person 0.0506 38 319 48 327
person 0.0469 46 318 57 326
person 0.0228 55 317 68 325
person 0.0139 108 322 114 328
person 0.0121 115 320 122 329
person 0.0115 382 329 390 349
person 0.0113 79 321 85 329
person 0.0084 25 306 96 356
person 0.0072 97 322 103 327
person 0.0062 28 318 39 328
person 0.0052 351 327 490 385
person 0.0046 87 322 93 329
person 0.0043 1 318 7 328
person 0.0033 2 323 12 341
person 0.0032 276 327 291 335
person 0.0032 64 317 78 326
person 0.0032 15 322 32 359
person 0.0030 147 320 155 328
person 0.0027 268 328 281 335
person 0.0023 18 316 28 328
person 0.0023 165 327 172 333
person 0.0022 236 327 249 339
person 0.0020 123 322 131 328
person 0.0019 157 326 163 333
person 0.0019 115 326 124 334
person 0.0018 222 328 229 340
person 0.0018 153 322 160 328
person 0.0017 231 327 243 339
person 0.0015 288 336 299 346
person 0.0013 461 336 472 349
person 0.0011 268 335 279 343
car 0.9993 229 329 331 375
car 0.9942 83 325 115 348
car 0.9911 108 325 148 351
car 0.9789 360 330 497 385
car 0.9731 173 328 254 362
car 0.9715 140 322 190 357
car 0.8138 2 323 12 341
car 0.4931 13 309 85 361
car 0.2035 1 320 21 343
car 0.0763 1 318 7 328
car 0.0299 78 326 88 340
car 0.0237 155 328 196 355
car 0.0231 1 311 7 321
car 0.0202 6 318 18 327
car 0.0199 92 327 109 338
car 0.0105 7 311 17 319
car 0.0102 129 325 172 353
car 0.0084 79 329 88 348
car 0.0060 108 324 131 348
car 0.0059 83 327 95 340
car 0.0056 14 315 34 351
car 0.0056 0 309 14 341
car 0.0049 105 326 115 336
car 0.0046 4 316 41 345
car 0.0045 115 326 124 334
car 0.0045 1 331 5 345
car 0.0041 79 321 85 329
car 0.0036 412 322 480 338
car 0.0035 8 332 17 344
car 0.0033 128 328 148 351
car 0.0031 88 331 111 346
car 0.0026 18 316 28 328
car 0.0025 272 326 313 338
car 0.0020 16 324 26 340
car 0.0020 0 330 7 392
car 0.0017 83 330 96 347
car 0.0016 0 359 11 401
car 0.0016 218 327 252 354
car 0.0015 248 326 300 340
car 0.0014 383 316 486 350
car 0.0014 94 322 160 357
car 0.0013 496 331 499 352
car 0.0012 1 369 9 390
car 0.0012 0 311 33 337
car 0.0012 97 322 103 327
car 0.0011 190 326 242 345
car 0.0011 133 327 144 335
car 0.0010 42 307 83 324
car 0.0010 231 327 243 339
motorbike 0.0010 351 327 490 385
bus 0.0045 13 309 85 361
bus 0.0023 42 307 83 324
bus 0.0014 1 311 7 321
pottedplant 0.0014 152 296 160 307
pottedplant 0.0011 117 308 125 320
