person 0.0643 32 18 68 176
person 0.0014 35 34 383 226
person 0.0012 78 160 340 220
cat 0.9835 142 166 369 222
cat 0.0072 103 135 357 202
cat 0.0036 35 34 383 226
cat 0.0030 29 203 391 260
cat 0.0028 189 110 335 171
cat 0.0025 63 145 390 242
cat 0.0010 70 155 273 216
dog 0.0019 115 165 354 224
chair 0.7218 53 37 403 225
chair 0.0229 29 203 391 260
chair 0.0156 53 120 148 207
chair 0.0134 33 124 404 255
chair 0.0042 6 127 39 188
chair 0.0038 54 163 82 209
chair 0.0020 9 110 38 131
chair 0.0020 189 110 335 171
chair 0.0010 7 117 147 253
chair 0.0010 3 93 43 195
sofa 0.3293 29 203 391 260
sofa 0.1418 100 37 412 214
sofa 0.0522 28 130 394 257
sofa 0.0103 53 120 148 207
sofa 0.0027 78 160 340 220
