person 0.9999 24 2 447 377
person 0.6794 0 85 48 223
person 0.0061 0 132 27 219
person 0.0042 9 77 43 167
person 0.0038 0 83 30 161
person 0.0030 40 113 70 193
person 0.0029 87 98 111 166
person 0.0018 5 169 57 226
person 0.0015 324 147 352 202
person 0.0015 -1 72 189 298
person 0.0012 34 239 170 365
person 0.0011 -3 85 32 308
person 0.0010 0 65 5 183
car 0.0014 26 51 448 377
bottle 0.9483 40 106 70 178
bottle 0.9369 88 96 106 161
bottle 0.8749 326 149 350 198
bottle 0.5915 429 159 439 186
bottle 0.0554 0 -6 448 330
bottle 0.0469 123 141 135 164
bottle 0.0236 115 140 124 163
bottle 0.0172 301 156 318 191
bottle 0.0165 53 177 86 226
bottle 0.0132 298 156 311 174
bottle 0.0124 423 159 438 200
bottle 0.0109 73 175 88 225
bottle 0.0063 36 135 69 211
bottle 0.0055 17 63 78 217
bottle 0.0055 14 171 54 227
bottle 0.0038 295 153 314 179
bottle 0.0032 72 139 84 162
bottle 0.0030 47 140 81 214
bottle 0.0027 2 99 42 210
bottle 0.0026 42 114 65 156
bottle 0.0025 106 137 118 164
bottle 0.0024 35 83 50 146
bottle 0.0023 424 175 435 188
bottle 0.0022 302 156 314 176
bottle 0.0021 33 109 49 156
bottle 0.0018 430 171 439 187
bottle 0.0018 430 158 438 174
bottle 0.0016 334 181 347 199
bottle 0.0016 21 112 78 169
bottle 0.0014 46 82 59 145
bottle 0.0011 0 196 15 228
bottle 0.0010 25 65 38 127
chair 0.0337 26 51 448 377
chair 0.0020 104 141 182 213
sofa 0.0142 17 36 435 390
sofa 0.0015 69 145 176 215
pottedplant 0.0015 361 193 402 214
diningtable 0.0105 69 145 176 215
diningtable 0.0076 17 133 178 233
diningtable 0.0030 17 36 435 390
diningtable 0.0023 57 143 153 180
diningtable 0.0015 2 193 94 233
diningtable 0.0014 334 201 494 225
diningtable 0.0011 296 187 508 250
