person 0.8709 124 354 138 388
person 0.6760 121 354 132 389
person 0.2554 129 358 137 383
person 0.0949 131 366 139 388
person 0.0534 -2 459 39 489
person 0.0496 135 368 142 387
person 0.0411 -2 1 15 8
person 0.0332 121 367 129 387
person 0.0108 -4 471 40 498
person 0.0102 128 355 135 369
person 0.0090 132 355 144 388
person 0.0075 -11 0 12 5
person 0.0068 -7 490 41 499
person 0.0064 -3 492 20 498
person 0.0045 -29 0 24 9
person 0.0036 184 364 191 376
person 0.0023 181 364 187 377
person 0.0023 -2 495 32 498
person 0.0019 119 382 125 390
person 0.0015 122 356 130 369
person 0.0014 -14 0 48 8
person 0.0013 125 441 137 448
person 0.0011 119 440 128 449
person 0.0010 1 0 31 3
car 0.9865 91 429 159 480
car 0.1403 78 410 180 492
car 0.0110 -2 459 39 489
car 0.0042 68 423 99 479
car 0.0014 -2 1 15 8
car 0.0012 155 444 171 455
car 0.0012 -3 492 20 498
car 0.0010 -7 490 41 499
bus 0.0045 78 410 180 492
bus 0.0010 95 429 163 479
bird 0.0054 -2 1 15 8
bird 0.0023 -2 459 39 489
dog 0.0012 -2 1 15 8
