person 0.0358 99 204 105 213
person 0.0356 148 205 154 213
person 0.0318 106 203 112 212
person 0.0250 152 203 159 213
person 0.0206 300 207 304 213
person 0.0185 90 204 96 213
person 0.0153 335 208 343 216
person 0.0147 327 215 333 224
person 0.0136 192 206 199 215
person 0.0122 321 216 328 225
person 0.0107 116 203 123 212
person 0.0087 125 204 133 214
person 0.0079 122 94 136 111
person 0.0076 440 195 457 210
person 0.0069 334 214 346 223
person 0.0068 60 207 64 213
person 0.0067 164 200 171 214
person 0.0066 328 208 335 215
person 0.0064 135 205 141 214
person 0.0054 125 222 131 230
person 0.0042 68 185 73 195
person 0.0041 320 208 327 214
person 0.0036 186 207 192 215
person 0.0034 117 222 122 229
person 0.0028 125 215 132 226
person 0.0027 175 128 183 136
person 0.0025 122 189 130 196
person 0.0024 345 216 357 223
person 0.0023 204 205 210 214
person 0.0021 117 216 123 226
person 0.0019 135 98 145 112
person 0.0016 120 90 139 116
person 0.0016 213 208 218 213
person 0.0015 318 222 327 228
person 0.0014 135 213 141 225
person 0.0014 74 205 83 213
person 0.0014 297 215 305 222
person 0.0014 110 222 115 228
person 0.0013 137 104 145 119
person 0.0013 154 227 159 235
person 0.0012 106 200 111 207
person 0.0012 80 69 389 272
person 0.0012 135 223 139 230
person 0.0011 98 197 104 206
person 0.0010 115 106 122 115
person 0.0010 223 223 232 230
person 0.0010 325 222 335 228
person 0.0010 175 204 180 215
car 0.0343 227 222 243 229
car 0.0086 238 226 250 232
car 0.0080 226 220 242 226
car 0.0074 268 226 281 232
car 0.0058 239 232 249 237
car 0.0058 248 226 260 232
car 0.0048 255 223 271 230
car 0.0045 275 225 290 232
car 0.0038 223 223 232 230
car 0.0035 252 217 271 225
car 0.0027 287 225 299 231
car 0.0023 320 207 362 228
car 0.0014 307 225 319 231
car 0.0012 318 222 327 228
car 0.0011 259 221 310 234
car 0.0010 223 219 233 226
car 0.0010 440 195 457 210
car 0.0010 248 233 259 236
boat 0.9992 40 69 377 273
boat 0.8687 440 195 457 210
boat 0.0364 320 207 362 228
boat 0.0108 448 196 457 207
boat 0.0044 329 204 367 220
boat 0.0034 357 206 365 216
boat 0.0031 339 208 362 216
boat 0.0028 335 208 343 216
boat 0.0024 70 164 358 257
boat 0.0023 262 202 307 222
boat 0.0018 227 222 243 229
boat 0.0017 439 177 458 210
boat 0.0017 345 216 357 223
boat 0.0017 354 213 364 221
boat 0.0015 433 190 463 211
boat 0.0013 181 180 266 220
boat 0.0013 328 208 335 215
boat 0.0013 261 208 308 228
boat 0.0013 226 220 242 226
boat 0.0012 306 204 359 221
boat 0.0011 449 203 456 209
boat 0.0010 252 217 271 225
bird 0.0028 80 69 389 272
bird 0.0019 206 247 211 254
