person 0.0118 98 76 356 508
person 0.0042 1 122 86 249
person 0.0010 14 122 159 239
car 0.1041 11 45 327 477
car 0.0040 86 110 320 399
car 0.0021 14 122 159 239
boat 0.0359 11 45 327 477
boat 0.0017 14 122 159 239
boat 0.0013 86 110 320 399
bird 0.0027 7 238 240 478
bird 0.0011 17 118 327 508
dog 0.9769 49 91 338 494
dog 0.0663 9 228 239 450
dog 0.0025 71 108 262 389
dog 0.0015 13 149 152 248
horse 0.0017 51 60 338 458
sheep 0.0014 7 238 240 478
sheep 0.0011 17 118 327 508
cow 0.0043 17 118 327 508
cow 0.0024 7 238 240 478
bottle 0.0012 9 228 239 450
sofa 0.0174 17 118 327 508
