person 0.1126 308 182 327 209
person 0.0183 309 182 324 196
person 0.0129 309 187 324 202
person 0.0046 299 188 337 207
person 0.0025 304 190 328 221
person 0.0025 329 181 338 195
person 0.0022 0 434 96 499
person 0.0018 152 213 199 253
person 0.0017 316 182 337 211
person 0.0016 211 190 225 205
person 0.0014 266 286 372 375
person 0.0012 341 259 377 342
bird 0.0011 329 137 337 163
cat 0.0068 310 287 357 316
cat 0.0020 310 267 346 297
cat 0.0014 301 261 332 290
bottle 0.0040 329 181 338 195
bottle 0.0014 6 164 293 337
chair 0.7695 267 189 292 263
chair 0.6966 278 191 309 263
chair 0.6081 266 286 372 375
chair 0.4290 296 198 332 269
chair 0.2585 0 434 96 499
chair 0.2536 339 269 377 362
chair 0.1409 329 181 338 195
chair 0.1028 309 182 324 196
chair 0.0906 292 190 307 200
chair 0.0789 284 182 293 195
chair 0.0747 310 187 339 263
chair 0.0504 272 192 288 203
chair 0.0480 309 187 324 202
chair 0.0438 323 181 334 195
chair 0.0387 271 192 291 221
chair 0.0384 314 229 334 261
chair 0.0325 299 191 311 200
chair 0.0315 315 206 337 246
chair 0.0314 98 302 137 325
chair 0.0298 275 184 282 195
chair 0.0241 308 179 328 201
chair 0.0238 268 186 275 265
chair 0.0232 321 194 335 202
chair 0.0206 328 191 338 199
chair 0.0195 271 197 291 211
chair 0.0174 0 385 60 441
chair 0.0168 261 195 335 253
chair 0.0164 331 170 339 191
chair 0.0157 299 197 337 215
chair 0.0154 319 200 333 209
chair 0.0153 300 215 336 254
chair 0.0138 -3 371 88 499
chair 0.0128 280 191 294 200
chair 0.0116 304 190 328 221
chair 0.0107 269 190 309 207
chair 0.0104 317 210 337 222
chair 0.0101 305 202 327 209
chair 0.0098 301 202 336 227
chair 0.0095 276 183 296 213
chair 0.0091 269 190 276 205
chair 0.0087 276 198 294 254
chair 0.0086 19 466 103 500
chair 0.0085 355 261 374 289
chair 0.0081 349 236 375 328
chair 0.0081 297 189 316 223
chair 0.0080 289 188 308 224
chair 0.0079 316 191 338 221
chair 0.0079 318 237 333 251
chair 0.0079 275 200 295 209
chair 0.0077 350 284 375 375
chair 0.0076 305 205 329 248
chair 0.0064 296 172 331 235
chair 0.0058 299 188 337 207
chair 0.0055 299 199 316 252
chair 0.0054 316 182 337 211
chair 0.0051 315 249 334 257
chair 0.0048 285 172 316 197
chair 0.0046 302 201 317 209
chair 0.0044 322 230 334 245
chair 0.0039 309 219 344 290
chair 0.0039 4 318 156 462
chair 0.0035 270 221 289 265
chair 0.0034 282 172 312 240
chair 0.0031 305 210 327 219
chair 0.0029 288 205 307 263
chair 0.0029 326 172 341 201
chair 0.0028 270 184 276 194
chair 0.0028 301 211 317 220
chair 0.0027 322 174 331 185
chair 0.0025 275 174 342 272
chair 0.0024 269 201 310 227
chair 0.0024 328 200 337 210
chair 0.0024 296 183 317 209
chair 0.0023 28 452 128 499
chair 0.0022 340 224 375 293
chair 0.0021 292 193 304 214
chair 0.0020 274 184 342 223
chair 0.0018 301 261 332 290
chair 0.0016 349 279 375 326
chair 0.0016 267 183 275 231
chair 0.0015 320 217 336 230
chair 0.0015 297 208 359 268
chair 0.0014 277 210 295 219
chair 0.0013 56 460 96 498
chair 0.0012 311 235 321 252
chair 0.0012 273 241 384 359
chair 0.0011 299 226 316 263
chair 0.0011 -3 323 81 464
chair 0.0011 326 178 339 214
chair 0.0011 297 181 313 194
chair 0.0011 312 175 324 187
chair 0.0010 308 235 331 269
chair 0.0010 359 270 373 290
chair 0.0010 264 169 288 246
chair 0.0010 291 181 306 193
sofa 0.4002 348 269 375 361
sofa 0.2900 268 284 381 371
sofa 0.2780 0 434 96 499
sofa 0.0342 -1 303 166 480
sofa 0.0119 322 263 372 369
sofa 0.0100 -3 371 88 499
sofa 0.0076 349 236 375 328
sofa 0.0038 289 172 322 197
sofa 0.0033 299 188 337 207
sofa 0.0031 349 279 375 326
sofa 0.0030 19 466 103 500
sofa 0.0021 0 385 60 441
sofa 0.0019 274 197 342 215
sofa 0.0018 274 184 342 223
sofa 0.0015 355 266 375 297
sofa 0.0013 98 302 137 325
sofa 0.0010 314 272 374 328
sofa 0.0010 300 178 333 200
pottedplant 0.9029 34 188 64 245
pottedplant 0.7801 0 145 34 249
pottedplant 0.4316 5 205 32 250
pottedplant 0.2694 289 172 322 197
pottedplant 0.0667 0 123 41 212
pottedplant 0.0450 290 172 311 189
pottedplant 0.0313 291 181 306 193
pottedplant 0.0302 41 221 61 246
pottedplant 0.0293 297 181 313 194
pottedplant 0.0220 284 182 293 195
pottedplant 0.0095 -2 188 29 252
pottedplant 0.0069 0 203 18 251
pottedplant 0.0067 322 276 345 291
pottedplant 0.0063 296 172 331 235
pottedplant 0.0063 368 203 376 214
pottedplant 0.0054 318 271 348 294
pottedplant 0.0052 11 191 76 245
pottedplant 0.0042 282 172 312 240
pottedplant 0.0042 329 181 338 195
pottedplant 0.0028 -4 135 45 304
pottedplant 0.0028 12 228 28 246
pottedplant 0.0027 309 182 324 196
pottedplant 0.0025 299 191 311 200
pottedplant 0.0024 23 192 37 242
pottedplant 0.0021 292 190 307 200
pottedplant 0.0020 19 205 34 248
pottedplant 0.0020 277 168 339 208
pottedplant 0.0018 10 228 31 256
pottedplant 0.0017 325 133 341 183
pottedplant 0.0016 301 261 332 290
pottedplant 0.0016 28 141 59 234
pottedplant 0.0016 275 184 282 195
pottedplant 0.0016 3 225 13 248
pottedplant 0.0016 331 170 339 191
pottedplant 0.0016 0 147 19 211
pottedplant 0.0015 308 179 328 201
pottedplant 0.0014 296 183 317 209
pottedplant 0.0014 369 206 376 219
pottedplant 0.0013 289 184 309 211
pottedplant 0.0013 310 281 347 310
pottedplant 0.0011 5 160 29 211
pottedplant 0.0010 341 259 377 342
diningtable 0.5714 -1 304 171 441
diningtable 0.2670 272 195 344 253
diningtable 0.2154 299 197 337 215
diningtable 0.1126 296 198 332 269
diningtable 0.0451 305 202 327 209
diningtable 0.0427 0 434 96 499
diningtable 0.0396 299 188 337 207
diningtable 0.0333 301 202 336 227
diningtable 0.0286 278 194 310 271
diningtable 0.0276 274 184 342 223
diningtable 0.0247 269 199 328 214
diningtable 0.0217 319 200 333 209
diningtable 0.0119 266 286 372 375
diningtable 0.0109 301 210 337 240
diningtable 0.0101 328 191 338 199
diningtable 0.0099 271 197 291 211
diningtable 0.0094 321 194 335 202
diningtable 0.0089 271 192 307 217
diningtable 0.0081 273 190 321 205
diningtable 0.0074 236 187 368 290
diningtable 0.0074 271 206 326 225
diningtable 0.0062 275 200 295 209
diningtable 0.0061 272 192 288 203
diningtable 0.0055 269 199 290 255
diningtable 0.0054 317 210 337 222
diningtable 0.0043 305 210 327 219
diningtable 0.0040 329 181 338 195
diningtable 0.0039 2 299 164 371
diningtable 0.0030 316 191 338 221
diningtable 0.0029 310 187 339 263
diningtable 0.0024 304 190 328 221
diningtable 0.0021 277 210 295 219
diningtable 0.0019 280 191 294 200
diningtable 0.0017 262 189 330 284
diningtable 0.0015 292 190 307 200
diningtable 0.0014 309 187 324 202
diningtable 0.0013 328 200 337 210
diningtable 0.0013 339 269 377 362
diningtable 0.0013 302 201 317 209
diningtable 0.0012 301 211 317 220
diningtable 0.0012 19 466 103 500
diningtable 0.0010 273 215 323 234
tvmonitor 0.9988 147 206 205 261
tvmonitor 0.0080 209 187 229 211
tvmonitor 0.0064 232 188 246 211
tvmonitor 0.0040 211 190 225 205
tvmonitor 0.0015 195 185 230 212
tvmonitor 0.0012 139 197 214 293
