person 0.2661 385 56 497 375
person 0.1000 78 45 483 381
person 0.0404 384 166 501 277
person 0.0299 400 187 496 243
person 0.0032 295 140 500 392
person 0.0013 -4 -7 147 373
bicycle 0.0011 54 16 430 380
car 0.0063 72 3 486 383
motorbike 0.0017 54 16 430 380
boat 0.0043 72 3 486 383
bird 0.9635 54 52 427 372
bird 0.7121 -4 -7 147 373
cat 0.0140 34 25 406 371
cat 0.0124 -3 -10 148 326
dog 0.0060 78 45 483 381
dog 0.0011 -1 -4 162 371
horse 0.0023 54 16 430 380
sheep 0.0031 78 45 483 381
cow 0.0021 72 3 486 383
bottle 0.0069 34 25 406 371
chair 0.0123 54 16 430 380
chair 0.0050 402 3 501 163
chair 0.0021 380 22 498 285
sofa 0.0018 72 3 486 383
pottedplant 0.0049 46 -27 445 338
diningtable 0.0061 72 3 486 383
tvmonitor 0.0011 72 3 486 383
