person 0.0043 427 256 431 260
person 0.0040 446 268 451 273
person 0.0017 438 257 441 260
person 0.0011 254 156 268 170
person 0.0010 132 144 143 163
car 0.0059 457 255 474 259
car 0.0021 442 256 447 259
car 0.0015 453 255 464 259
car 0.0013 345 247 357 251
car 0.0012 411 258 420 262
car 0.0012 403 258 418 263
car 0.0011 32 321 466 378
aeroplane 0.0024 243 119 414 249
bus 0.0011 243 119 414 249
bus 0.0010 32 321 466 378
train 0.0039 481 192 499 347
boat 0.9825 100 128 250 256
boat 0.5087 243 119 414 249
boat 0.0919 29 223 94 236
boat 0.0228 31 227 51 233
boat 0.0226 27 229 42 234
boat 0.0216 3 225 26 232
boat 0.0139 473 224 479 229
boat 0.0107 45 227 60 233
boat 0.0097 59 227 85 233
boat 0.0093 53 228 71 233
boat 0.0081 32 321 466 378
boat 0.0081 15 226 31 232
boat 0.0078 68 227 92 233
boat 0.0070 0 223 45 234
boat 0.0058 51 223 109 234
boat 0.0044 91 225 107 232
boat 0.0039 1 226 5 233
boat 0.0032 242 115 485 324
boat 0.0031 93 106 418 255
boat 0.0026 20 224 67 236
boat 0.0023 457 255 474 259
boat 0.0023 82 227 101 233
boat 0.0022 481 192 499 347
boat 0.0020 29 217 96 232
boat 0.0017 472 220 480 227
boat 0.0015 13 217 113 245
boat 0.0011 237 112 323 246
bird 0.0035 446 268 451 273
bird 0.0024 473 224 479 229
bird 0.0010 427 256 431 260
