person 0.9793 139 152 230 314
person 0.9321 62 281 135 373
person 0.7289 127 300 199 375
person 0.6468 1 211 43 374
person 0.3170 125 306 165 368
person 0.2987 134 5 453 374
person 0.2890 29 291 52 324
person 0.1888 33 313 73 374
person 0.1740 108 316 128 352
person 0.1357 247 289 416 366
person 0.1219 319 171 495 373
person 0.1207 138 143 271 382
person 0.0974 173 247 322 367
person 0.0854 457 317 498 373
person 0.0709 205 211 451 367
person 0.0671 145 304 169 347
person 0.0647 0 203 24 347
person 0.0629 62 307 77 321
person 0.0616 208 11 388 303
person 0.0536 112 318 126 335
person 0.0507 30 295 104 378
person 0.0462 26 285 58 345
person 0.0430 245 261 320 370
person 0.0361 119 318 141 352
person 0.0350 104 311 124 345
person 0.0344 55 306 73 316
person 0.0292 107 307 143 366
person 0.0286 9 286 49 373
person 0.0245 109 317 178 371
person 0.0229 121 293 303 367
person 0.0223 9 247 129 368
person 0.0219 124 319 137 334
person 0.0205 120 318 160 354
person 0.0204 376 238 496 361
person 0.0202 1 104 29 407
person 0.0194 80 282 124 349
person 0.0138 48 316 126 373
person 0.0127 472 334 498 375
person 0.0117 202 299 275 372
person 0.0101 107 317 119 334
person 0.0100 71 276 130 321
person 0.0094 34 290 50 306
person 0.0084 154 321 244 374
person 0.0081 121 339 155 372
person 0.0081 158 195 237 353
person 0.0072 103 248 256 368
person 0.0070 300 297 495 364
person 0.0070 129 319 143 332
person 0.0070 461 320 496 352
person 0.0067 95 301 157 371
person 0.0060 148 88 359 362
person 0.0057 111 313 125 328
person 0.0054 107 305 127 335
person 0.0053 129 304 170 333
person 0.0052 47 306 79 328
person 0.0051 64 293 213 373
person 0.0050 0 112 50 358
person 0.0048 441 278 500 376
person 0.0047 28 301 74 332
person 0.0046 113 326 125 344
person 0.0046 1 146 18 328
person 0.0044 488 332 499 377
person 0.0042 48 303 60 313
person 0.0039 204 334 228 373
person 0.0037 35 297 50 315
person 0.0036 31 294 70 323
person 0.0035 160 278 197 352
person 0.0031 399 301 474 372
person 0.0031 157 315 202 373
person 0.0031 200 323 237 373
person 0.0030 494 349 499 379
person 0.0030 2 286 31 373
person 0.0030 122 326 136 344
person 0.0029 148 289 183 345
person 0.0028 215 319 297 373
person 0.0026 496 333 499 378
person 0.0025 124 323 150 368
person 0.0025 355 288 385 307
person 0.0025 0 254 4 361
person 0.0024 237 295 276 372
person 0.0023 146 303 168 318
person 0.0023 148 306 166 323
person 0.0022 12 243 77 383
person 0.0021 459 335 477 374
person 0.0020 106 311 118 327
person 0.0019 126 316 147 341
person 0.0019 253 326 274 367
person 0.0018 475 309 498 345
person 0.0018 23 161 251 373
person 0.0018 32 277 53 302
person 0.0018 471 268 499 360
person 0.0017 90 336 130 372
person 0.0015 256 282 298 372
person 0.0015 72 284 114 313
person 0.0015 31 313 73 339
person 0.0013 461 350 496 375
person 0.0012 107 328 118 344
person 0.0012 489 304 499 369
person 0.0012 463 334 489 374
person 0.0012 115 337 124 352
motorbike 0.0023 212 -5 492 376
boat 0.0029 212 -5 492 376
bird 0.0038 212 -5 492 376
dog 0.6227 218 10 421 312
dog 0.0122 175 51 482 374
dog 0.0014 141 141 228 360
horse 0.8279 217 2 429 371
horse 0.0032 66 69 443 372
horse 0.0030 153 36 361 341
horse 0.0023 171 158 403 383
sheep 0.0065 212 -5 492 376
cow 0.0585 212 -5 492 376
cow 0.0119 208 11 388 303
chair 0.0045 71 276 130 321
