person 0.9749 96 75 187 273
person 0.9596 119 75 246 284
person 0.9470 79 126 515 345
person 0.4263 249 193 386 287
person 0.4108 120 173 384 325
person 0.0105 178 87 251 260
person 0.0078 127 85 190 227
person 0.0077 246 207 349 262
person 0.0066 120 229 305 326
person 0.0064 318 201 386 268
person 0.0034 0 244 81 315
person 0.0026 120 190 292 300
person 0.0025 276 213 308 241
person 0.0025 253 224 340 283
person 0.0018 50 34 458 307
person 0.0018 292 192 383 250
person 0.0017 241 199 319 307
person 0.0015 379 201 397 240
person 0.0013 126 197 201 311
person 0.0013 141 145 181 212
person 0.0013 142 118 230 269
person 0.0012 1 93 15 260
person 0.0011 105 83 247 192
cat 0.1390 -1 248 73 319
dog 0.8486 -1 245 75 313
dog 0.0010 123 240 238 326
bottle 0.0384 16 152 28 170
bottle 0.0094 14 133 50 168
bottle 0.0090 16 137 31 170
bottle 0.0079 17 142 28 165
bottle 0.0054 44 119 56 165
bottle 0.0026 36 142 46 165
bottle 0.0024 251 215 259 228
bottle 0.0016 258 214 269 227
bottle 0.0016 252 220 259 231
bottle 0.0015 244 211 249 227
bottle 0.0012 34 156 46 167
bottle 0.0011 91 164 106 177
bottle 0.0010 23 136 42 146
chair 0.0458 137 128 257 273
chair 0.0426 413 287 499 332
chair 0.0206 141 162 179 222
chair 0.0189 291 196 385 268
chair 0.0095 155 164 176 197
chair 0.0073 420 315 493 333
chair 0.0071 178 87 251 260
chair 0.0056 467 284 498 309
chair 0.0050 452 291 500 319
chair 0.0042 151 166 171 211
chair 0.0042 439 207 498 336
chair 0.0037 0 244 81 315
chair 0.0029 240 233 273 265
chair 0.0026 125 186 237 301
chair 0.0025 217 192 375 297
chair 0.0024 231 126 257 224
chair 0.0021 14 133 50 168
chair 0.0021 -1 183 120 290
chair 0.0019 164 174 175 191
chair 0.0017 101 90 186 293
chair 0.0015 128 219 366 326
chair 0.0014 0 128 14 302
chair 0.0014 130 166 160 254
chair 0.0013 493 232 499 321
chair 0.0012 452 257 498 328
chair 0.0012 314 259 360 281
chair 0.0011 371 231 508 324
chair 0.0010 243 247 310 306
chair 0.0010 497 264 499 308
sofa 0.5036 249 193 386 287
sofa 0.1470 128 219 366 326
sofa 0.0956 145 161 428 328
sofa 0.0553 318 201 386 268
sofa 0.0179 120 190 292 300
sofa 0.0171 79 126 515 345
sofa 0.0113 243 247 310 306
sofa 0.0100 137 128 257 273
sofa 0.0082 239 224 317 281
sofa 0.0052 205 239 523 317
sofa 0.0044 126 197 201 311
sofa 0.0035 123 240 238 326
sofa 0.0030 -1 183 120 290
sofa 0.0023 141 162 179 222
sofa 0.0022 292 192 383 250
sofa 0.0020 246 207 349 262
sofa 0.0019 101 90 186 293
sofa 0.0019 0 244 81 315
sofa 0.0019 240 233 273 265
sofa 0.0016 339 207 398 262
sofa 0.0015 151 162 172 201
sofa 0.0015 259 226 370 279
sofa 0.0014 232 212 296 262
sofa 0.0011 203 196 521 352
sofa 0.0010 371 231 508 324
pottedplant 0.0041 14 133 50 168
pottedplant 0.0015 245 216 280 238
diningtable 0.1029 -6 158 131 264
diningtable 0.0081 -5 137 132 218
diningtable 0.0050 0 157 129 192
diningtable 0.0023 72 86 192 233
diningtable 0.0017 0 211 105 264
diningtable 0.0017 23 126 180 208
diningtable 0.0016 -14 109 138 308
diningtable 0.0011 247 261 304 311
diningtable 0.0010 5 229 96 278
tvmonitor 0.0086 245 130 258 177
