person 0.0197 59 149 483 370
person 0.0121 281 136 290 145
person 0.0075 240 131 247 139
person 0.0065 241 169 285 199
person 0.0039 224 131 232 142
person 0.0033 230 132 237 141
person 0.0015 251 139 259 147
person 0.0015 85 140 97 151
person 0.0015 268 131 276 142
person 0.0014 268 137 277 146
person 0.0013 223 137 232 145
person 0.0013 1 129 4 141
person 0.0012 1 141 7 149
person 0.0011 256 130 271 139
person 0.0011 123 131 137 142
person 0.0011 125 141 149 150
car 0.9883 43 157 452 364
car 0.0230 116 150 385 217
car 0.0060 238 127 277 142
car 0.0059 1 141 7 149
car 0.0041 20 139 46 148
car 0.0040 15 139 108 155
car 0.0029 24 134 42 141
car 0.0025 175 158 345 200
car 0.0018 244 130 265 139
car 0.0017 109 131 127 141
car 0.0015 13 137 51 152
car 0.0013 104 132 119 142
car 0.0012 5 142 18 149
car 0.0012 -2 199 91 268
car 0.0012 240 131 247 139
car 0.0010 1 129 4 141
motorbike 0.0014 59 149 483 370
boat 0.7703 422 149 457 159
boat 0.5642 326 137 376 154
boat 0.1677 10 144 100 157
boat 0.1440 372 137 423 150
boat 0.1062 106 137 153 152
boat 0.0923 126 147 149 155
boat 0.0539 125 141 149 150
boat 0.0472 449 136 499 152
boat 0.0335 108 145 153 155
boat 0.0168 347 141 374 150
boat 0.0151 12 130 116 159
boat 0.0142 417 136 459 156
boat 0.0129 361 126 419 149
boat 0.0126 13 137 51 152
boat 0.0125 489 148 497 156
boat 0.0121 309 144 378 156
boat 0.0105 382 142 414 148
boat 0.0103 431 150 457 157
boat 0.0101 38 138 103 154
boat 0.0084 105 125 151 147
boat 0.0079 358 129 464 158
boat 0.0068 20 139 46 148
boat 0.0068 110 138 127 148
boat 0.0060 376 137 458 152
boat 0.0057 241 126 282 143
boat 0.0056 143 138 195 148
boat 0.0056 367 144 467 158
boat 0.0047 327 125 374 150
boat 0.0042 2 138 104 167
boat 0.0039 104 137 121 147
boat 0.0038 1 141 7 149
boat 0.0037 347 146 373 154
boat 0.0034 140 142 155 150
boat 0.0034 322 142 337 149
boat 0.0031 126 134 149 154
boat 0.0031 421 145 512 156
boat 0.0031 140 148 152 154
boat 0.0030 492 139 498 153
boat 0.0025 330 142 352 150
boat 0.0024 85 136 137 151
boat 0.0023 420 154 459 164
boat 0.0022 479 148 498 155
boat 0.0022 340 135 396 150
boat 0.0021 29 129 175 157
boat 0.0020 341 141 361 148
boat 0.0018 5 142 18 149
boat 0.0018 375 140 403 147
boat 0.0018 116 139 179 150
boat 0.0017 352 140 473 165
boat 0.0017 313 124 394 160
boat 0.0015 451 124 498 150
boat 0.0014 317 142 332 150
boat 0.0014 350 131 372 142
boat 0.0014 374 144 425 156
boat 0.0014 348 127 388 146
boat 0.0014 67 135 113 152
boat 0.0013 281 136 290 145
boat 0.0013 332 147 352 152
boat 0.0013 85 140 97 151
boat 0.0013 53 144 106 157
boat 0.0012 84 147 99 155
boat 0.0012 149 141 167 147
boat 0.0012 334 147 367 152
boat 0.0012 404 126 501 160
boat 0.0012 495 156 499 172
boat 0.0011 301 138 364 152
boat 0.0011 396 141 417 148
boat 0.0011 421 157 456 161
boat 0.0010 413 138 501 154
boat 0.0010 152 141 181 148
boat 0.0010 374 140 387 147
dog 0.0048 241 169 285 199
diningtable 0.0029 59 149 483 370
