person 0.0026 40 68 438 366
person 0.0013 474 9 500 344
bicycle 0.9869 50 77 377 313
bicycle 0.0541 133 57 361 255
bicycle 0.0024 8 147 166 234
bicycle 0.0022 2 126 192 329
bicycle 0.0019 166 90 333 205
bicycle 0.0018 39 142 308 227
bicycle 0.0016 -28 25 314 349
bicycle 0.0011 17 176 176 267
bicycle 0.0011 33 180 317 349
car 0.0050 3 51 366 331
motorbike 0.2218 40 68 438 366
motorbike 0.0045 39 169 374 345
motorbike 0.0017 74 66 358 257
train 0.0018 34 23 392 295
boat 0.0179 42 43 435 343
cat 0.0010 402 234 469 286
bottle 0.0378 107 104 130 151
bottle 0.0310 235 262 272 319
bottle 0.0114 58 107 73 141
bottle 0.0097 227 138 239 154
bottle 0.0069 62 106 76 157
bottle 0.0041 219 136 232 152
bottle 0.0029 223 242 289 307
bottle 0.0022 210 134 226 148
bottle 0.0010 63 107 73 131
chair 0.0270 101 94 375 333
chair 0.0266 354 179 499 375
chair 0.0034 47 217 202 332
chair 0.0025 -2 250 116 361
chair 0.0017 210 90 275 143
chair 0.0014 17 176 176 267
chair 0.0011 33 180 317 349
sofa 0.9312 353 212 500 369
sofa 0.0153 0 71 367 361
pottedplant 0.0596 0 57 58 218
pottedplant 0.0407 0 77 47 164
pottedplant 0.0206 0 100 62 290
pottedplant 0.0089 4 91 129 208
pottedplant 0.0070 6 180 48 252
pottedplant 0.0057 3 51 366 331
pottedplant 0.0057 223 242 289 307
pottedplant 0.0056 3 171 82 299
pottedplant 0.0052 8 134 130 238
pottedplant 0.0045 0 47 127 318
pottedplant 0.0042 5 115 48 196
pottedplant 0.0028 10 167 199 360
pottedplant 0.0025 2 209 61 339
pottedplant 0.0024 0 -20 51 186
pottedplant 0.0023 235 262 272 319
pottedplant 0.0020 1 201 60 266
pottedplant 0.0017 1 59 118 172
pottedplant 0.0013 57 108 73 157
pottedplant 0.0013 8 105 79 171
pottedplant 0.0013 16 137 53 170
pottedplant 0.0013 0 168 63 230
pottedplant 0.0012 47 217 202 332
pottedplant 0.0012 4 212 48 293
pottedplant 0.0010 3 68 27 175
diningtable 0.0091 0 71 367 361
diningtable 0.0071 74 66 358 257
diningtable 0.0041 8 147 166 234
diningtable 0.0027 41 143 131 181
diningtable 0.0018 47 217 202 332
diningtable 0.0011 196 301 458 370
diningtable 0.0011 335 201 502 377
diningtable 0.0010 211 88 361 207
