person 0.9998 78 5 331 370
person 0.9934 59 121 97 272
person 0.9771 0 115 35 315
person 0.1710 12 100 33 148
person 0.0329 6 101 37 169
person 0.0119 327 189 334 201
person 0.0068 72 273 95 360
person 0.0065 3 120 24 166
person 0.0064 0 123 29 236
person 0.0056 63 133 106 374
person 0.0040 0 156 3 305
person 0.0036 206 24 354 338
person 0.0032 54 124 93 191
person 0.0029 1 115 7 136
person 0.0027 0 113 13 156
person 0.0024 323 187 328 198
person 0.0021 5 95 28 137
person 0.0020 2 217 24 327
person 0.0020 5 143 38 252
person 0.0018 330 193 336 203
person 0.0015 0 217 4 321
person 0.0014 5 139 25 169
person 0.0013 2 121 6 145
person 0.0012 12 124 31 161
person 0.0012 18 101 33 116
person 0.0011 22 102 40 146
person 0.0010 18 105 32 122
person 0.0010 0 224 1 275
person 0.0010 83 149 101 182
car 0.0019 81 67 413 367
boat 0.0010 307 124 405 163
bottle 0.0032 28 170 34 175
chair 0.0018 73 284 96 374
tvmonitor 0.0020 0 96 8 117
tvmonitor 0.0014 0 2 63 118
