person 0.0071 28 152 38 173
person 0.0061 26 148 41 178
person 0.0035 19 157 29 170
person 0.0023 27 149 37 160
person 0.0023 37 124 410 373
person 0.0012 37 155 46 172
person 0.0010 8 159 19 170
bicycle 0.9979 55 79 426 369
bicycle 0.0107 223 125 428 331
bicycle 0.0033 154 171 282 283
bicycle 0.0030 86 93 344 301
car 0.0195 86 165 115 174
car 0.0044 48 79 445 323
car 0.0026 101 165 114 175
car 0.0023 1 147 11 157
car 0.0016 43 153 80 177
car 0.0015 84 167 102 175
car 0.0012 4 148 21 157
car 0.0011 0 144 32 163
car 0.0010 19 150 67 176
motorbike 0.0195 48 79 445 323
bus 0.0035 48 79 445 323
train 0.0031 48 79 445 323
boat 0.0352 68 93 483 358
boat 0.0018 -1 177 28 188
dog 0.0012 70 141 372 361
bottle 0.9652 245 188 274 245
bottle 0.8982 189 189 249 244
bottle 0.0299 216 211 253 247
bottle 0.0290 170 175 241 232
bottle 0.0290 261 186 291 246
bottle 0.0139 222 193 259 244
bottle 0.0063 202 197 230 240
bottle 0.0058 228 221 263 256
bottle 0.0054 227 223 248 253
bottle 0.0048 231 188 289 243
bottle 0.0045 189 192 228 231
bottle 0.0045 180 172 259 293
bottle 0.0042 234 212 273 249
bottle 0.0030 224 207 247 240
bottle 0.0029 201 200 271 260
bottle 0.0023 212 201 238 240
bottle 0.0019 272 191 293 233
bottle 0.0019 167 170 204 224
bottle 0.0018 197 209 238 246
bottle 0.0018 171 203 240 261
bottle 0.0015 228 222 244 239
bottle 0.0011 192 191 207 210
bottle 0.0011 364 186 380 258
bottle 0.0011 275 186 309 246
bottle 0.0010 263 205 285 252
chair 0.2878 387 168 500 292
chair 0.0012 341 160 413 257
sofa 0.0031 404 153 501 290
pottedplant 0.0010 327 120 411 159
diningtable 0.0018 -1 177 28 188
