person 0.0068 59 250 69 256
person 0.0047 192 223 201 230
person 0.0027 185 226 192 233
person 0.0023 0 225 4 238
person 0.0021 194 221 204 228
person 0.0021 202 223 211 231
person 0.0019 199 220 210 228
person 0.0018 336 216 348 226
person 0.0016 37 175 45 191
person 0.0013 0 234 3 242
person 0.0013 6 227 23 237
person 0.0013 0 215 2 229
person 0.0013 68 171 78 191
person 0.0011 18 228 28 236
person 0.0010 113 229 124 236
car 0.0026 493 209 499 216
car 0.0015 194 221 204 228
car 0.0011 192 223 201 230
car 0.0011 382 228 402 235
aeroplane 0.0054 14 126 197 244
aeroplane 0.0022 11 179 191 251
boat 0.6316 14 126 197 244
boat 0.0825 202 136 329 240
boat 0.0813 384 227 408 234
boat 0.0555 219 197 312 244
boat 0.0403 2 219 31 241
boat 0.0318 11 179 191 251
boat 0.0230 59 250 69 256
boat 0.0219 0 234 3 242
boat 0.0162 84 219 207 251
boat 0.0143 380 224 416 236
boat 0.0100 4 233 26 241
boat 0.0075 232 164 323 233
boat 0.0073 0 225 4 238
boat 0.0069 320 225 398 237
boat 0.0068 6 227 23 237
boat 0.0054 59 252 70 258
boat 0.0053 199 245 212 251
boat 0.0047 206 244 223 250
boat 0.0045 0 204 27 239
boat 0.0045 106 223 150 237
boat 0.0040 399 226 415 232
boat 0.0038 397 202 503 237
boat 0.0037 392 226 503 237
boat 0.0031 203 182 343 246
boat 0.0031 390 234 504 242
boat 0.0030 240 158 281 239
boat 0.0030 10 194 128 241
boat 0.0020 1 180 27 252
boat 0.0019 85 235 193 247
boat 0.0018 493 213 499 224
boat 0.0015 493 209 499 216
boat 0.0012 193 245 206 251
boat 0.0012 18 228 28 236
boat 0.0010 0 230 32 244
boat 0.0010 367 217 504 241
