cat 0.0058 83 214 120 246
cat 0.0020 93 225 123 248
chair 0.0031 410 207 501 336
chair 0.0017 481 182 498 327
chair 0.0017 440 132 495 302
chair 0.0016 1 143 59 285
chair 0.0016 75 275 281 360
chair 0.0013 0 150 18 283
chair 0.0011 1 228 62 280
chair 0.0011 50 151 431 359
sofa 0.9857 51 166 424 336
sofa 0.0202 77 202 368 310
sofa 0.0014 28 290 312 367
pottedplant 0.0807 146 276 247 348
pottedplant 0.0704 109 280 300 353
pottedplant 0.0153 28 290 312 367
pottedplant 0.0014 179 287 256 343
pottedplant 0.0014 32 156 420 353
diningtable 0.2959 28 290 312 367
diningtable 0.0488 109 280 300 353
diningtable 0.0030 410 207 501 336
