person 0.9851 163 25 397 368
person 0.8012 89 67 202 169
person 0.4211 34 96 245 347
person 0.0116 99 150 187 206
person 0.0109 10 55 185 171
person 0.0081 42 60 227 248
person 0.0079 37 181 249 263
person 0.0071 3 41 336 396
person 0.0063 46 149 233 224
person 0.0060 127 123 198 303
person 0.0034 56 45 120 156
person 0.0029 102 79 194 230
person 0.0024 111 62 308 315
person 0.0018 138 89 280 199
person 0.0015 352 16 391 42
person 0.0015 120 135 201 189
person 0.0011 0 198 13 391
cat 0.0030 38 176 255 365
dog 0.0012 38 176 255 365
bottle 0.0024 192 337 240 372
bottle 0.0023 99 150 187 206
chair 0.9882 51 179 272 370
chair 0.2177 151 27 277 133
chair 0.1522 377 52 494 183
chair 0.1431 131 50 422 373
chair 0.0394 374 55 496 326
chair 0.0360 393 45 463 115
chair 0.0189 0 51 115 165
chair 0.0175 77 242 260 356
chair 0.0168 131 41 170 68
chair 0.0167 66 138 101 203
chair 0.0087 325 17 490 215
chair 0.0076 3 41 336 396
chair 0.0074 0 332 14 377
chair 0.0074 0 247 16 378
chair 0.0058 41 132 99 267
chair 0.0044 99 68 224 166
chair 0.0042 195 103 465 189
chair 0.0029 260 41 462 343
chair 0.0029 40 68 231 311
chair 0.0027 50 149 87 246
chair 0.0024 56 129 113 304
chair 0.0023 37 181 249 263
chair 0.0023 1 38 61 167
chair 0.0020 149 43 171 68
chair 0.0017 0 297 9 376
chair 0.0016 35 181 66 253
chair 0.0015 0 136 56 259
chair 0.0014 0 149 54 201
chair 0.0014 2 186 43 253
chair 0.0012 195 70 466 152
chair 0.0012 59 155 82 194
chair 0.0011 114 58 372 148
chair 0.0011 56 45 120 156
chair 0.0011 -1 39 119 261
chair 0.0011 3 180 25 258
chair 0.0011 344 30 468 127
chair 0.0010 71 120 140 314
sofa 0.1163 153 21 482 366
sofa 0.0999 379 67 496 210
sofa 0.0830 151 27 277 133
sofa 0.0192 373 71 499 370
sofa 0.0062 195 103 465 189
sofa 0.0053 325 17 490 215
sofa 0.0046 99 68 224 166
sofa 0.0035 231 70 410 365
sofa 0.0032 129 39 385 261
sofa 0.0025 195 70 466 152
sofa 0.0017 350 49 479 173
sofa 0.0011 114 58 372 148
diningtable 0.0014 151 27 277 133
diningtable 0.0011 37 199 258 376
tvmonitor 0.0018 2 39 87 169
