person 0.9960 148 194 190 290
person 0.9808 212 155 226 184
person 0.3837 146 146 155 157
person 0.3811 224 143 230 158
person 0.1490 471 157 479 171
person 0.0502 66 113 74 123
person 0.0474 209 147 218 158
person 0.0456 233 157 240 169
person 0.0382 222 142 229 153
person 0.0367 145 141 154 154
person 0.0342 437 154 445 167
person 0.0285 216 147 230 186
person 0.0208 474 161 483 177
person 0.0200 150 148 158 157
person 0.0168 62 114 69 123
person 0.0147 305 179 320 191
person 0.0132 282 146 289 161
person 0.0122 97 140 103 151
person 0.0108 287 146 297 162
person 0.0078 89 145 97 155
person 0.0070 22 147 32 156
person 0.0065 312 179 327 190
person 0.0060 477 163 484 178
person 0.0057 126 141 133 149
person 0.0056 0 135 2 152
person 0.0054 214 157 223 172
person 0.0052 471 148 480 165
person 0.0052 335 179 346 192
person 0.0051 248 196 256 214
person 0.0050 225 152 485 219
person 0.0049 217 159 392 233
person 0.0041 206 147 213 156
person 0.0041 203 141 213 151
person 0.0041 220 160 230 167
person 0.0040 233 193 257 225
person 0.0039 287 154 295 168
person 0.0037 477 157 487 171
person 0.0035 298 179 310 190
person 0.0035 23 145 36 157
person 0.0034 281 154 289 168
person 0.0032 209 158 238 185
person 0.0030 468 150 485 176
person 0.0028 466 159 474 169
person 0.0025 300 183 312 194
person 0.0025 493 153 499 168
person 0.0023 253 156 260 167
person 0.0021 128 146 132 154
person 0.0021 94 145 102 155
person 0.0018 296 146 308 157
person 0.0016 284 143 300 168
person 0.0015 242 140 249 150
person 0.0015 195 141 202 149
person 0.0015 0 124 3 148
person 0.0014 135 139 141 148
person 0.0012 106 140 113 148
person 0.0012 229 149 239 163
person 0.0012 235 156 248 168
person 0.0012 434 150 444 164
person 0.0011 151 141 161 150
person 0.0011 20 142 39 152
person 0.0010 404 155 413 165
bicycle 0.0044 471 157 479 171
bicycle 0.0011 437 154 445 167
bicycle 0.0010 146 146 155 157
car 0.6042 229 159 402 235
car 0.0323 205 141 226 151
car 0.0186 493 153 499 168
car 0.0109 494 147 499 164
car 0.0051 209 147 218 158
car 0.0036 201 139 233 154
car 0.0034 254 154 294 167
car 0.0029 146 146 155 157
car 0.0023 203 141 213 151
car 0.0014 437 154 445 167
car 0.0012 150 148 158 157
car 0.0011 201 142 251 162
car 0.0010 296 146 308 157
motorbike 0.0214 146 146 155 157
motorbike 0.0010 471 157 479 171
dog 0.0039 146 146 155 157
dog 0.0023 233 157 240 169
bottle 0.0020 66 113 74 123
bottle 0.0011 248 196 256 214
bottle 0.0010 62 114 69 123
chair 0.0013 66 113 74 123
pottedplant 0.0010 437 154 445 167
