person 0.0051 379 177 400 188
person 0.0024 397 178 423 188
person 0.0017 434 181 454 190
person 0.0015 389 179 406 188
person 0.0014 370 176 389 187
car 0.6942 397 178 423 188
car 0.5191 354 175 404 191
car 0.3782 477 191 495 198
car 0.2595 427 181 451 190
car 0.1384 53 165 134 197
car 0.1376 332 174 390 191
car 0.1092 271 182 292 188
car 0.0757 491 191 498 197
car 0.0553 436 184 454 191
car 0.0545 379 177 400 188
car 0.0490 456 191 472 197
car 0.0473 313 183 331 189
car 0.0431 420 182 437 189
car 0.0332 469 190 484 196
car 0.0326 452 189 466 196
car 0.0276 389 179 406 188
car 0.0272 374 176 422 189
car 0.0200 147 165 202 197
car 0.0197 477 193 498 201
car 0.0187 319 182 340 190
car 0.0175 494 194 498 202
car 0.0168 422 179 468 191
car 0.0141 418 182 459 193
car 0.0109 494 179 498 185
car 0.0101 358 177 383 188
car 0.0097 370 176 389 187
car 0.0094 399 180 457 190
car 0.0061 477 179 493 184
car 0.0059 320 185 338 190
car 0.0056 332 180 349 190
car 0.0053 454 188 498 198
car 0.0052 1 189 7 196
car 0.0046 62 157 189 196
car 0.0041 449 179 464 185
car 0.0041 189 178 203 190
car 0.0041 306 182 324 189
car 0.0040 271 184 291 191
car 0.0040 310 176 375 190
car 0.0037 420 185 437 190
car 0.0034 256 180 293 189
car 0.0033 339 178 363 189
car 0.0029 4 173 25 179
car 0.0028 1 169 5 179
car 0.0028 0 176 3 186
car 0.0025 352 177 370 187
car 0.0025 428 184 482 196
car 0.0024 470 180 483 184
car 0.0024 27 172 40 179
car 0.0020 59 178 82 188
car 0.0020 13 177 34 182
car 0.0019 305 186 322 190
car 0.0019 99 171 136 195
car 0.0018 371 174 386 179
car 0.0017 362 173 377 179
car 0.0016 27 177 40 181
car 0.0016 334 185 347 190
car 0.0016 12 173 34 179
car 0.0015 36 176 49 182
car 0.0015 55 174 88 193
car 0.0012 4 190 19 196
car 0.0011 294 178 350 189
car 0.0010 4 176 25 182
car 0.0010 34 170 49 180
car 0.0010 16 188 35 195
aeroplane 0.0010 354 175 404 191
bus 0.0064 58 163 143 197
bus 0.0045 88 157 201 196
bus 0.0019 397 178 423 188
bus 0.0017 147 165 202 197
bird 0.0018 214 38 218 42
