person 0.9953 224 44 287 317
person 0.9780 104 90 248 316
person 0.9634 285 42 347 329
person 0.9266 0 108 119 323
person 0.9265 318 -18 373 420
person 0.6589 29 111 99 209
person 0.1271 301 78 368 356
person 0.1171 326 0 374 253
person 0.0992 0 182 89 331
person 0.0349 280 11 346 202
person 0.0330 298 11 365 131
person 0.0266 304 23 360 265
person 0.0238 334 11 369 123
person 0.0140 56 110 97 188
person 0.0137 338 2 371 68
person 0.0124 218 56 285 196
person 0.0110 295 17 337 117
person 0.0090 331 59 363 145
person 0.0090 317 50 356 122
person 0.0083 270 37 314 290
person 0.0075 5 208 84 272
person 0.0057 135 101 223 260
person 0.0052 276 110 301 218
person 0.0046 119 149 257 271
person 0.0046 224 93 251 165
person 0.0045 50 279 182 482
person 0.0043 212 72 262 253
person 0.0043 14 105 36 132
person 0.0039 220 49 257 124
person 0.0038 4 80 228 288
person 0.0031 1 117 39 206
person 0.0030 -1 116 63 286
person 0.0027 30 251 69 276
person 0.0024 223 69 253 145
person 0.0022 16 108 38 150
person 0.0020 298 73 360 129
person 0.0020 49 160 78 215
person 0.0019 218 106 228 130
person 0.0014 199 28 320 261
person 0.0014 43 72 78 141
person 0.0011 218 105 228 119
person 0.0011 3 255 83 308
person 0.0010 219 114 251 207
person 0.0010 8 98 43 156
person 0.0010 122 193 167 232
person 0.0010 225 106 236 117
person 0.0010 328 46 361 76
person 0.0010 -3 239 128 327
bottle 0.8736 54 168 76 209
bottle 0.0959 50 165 80 230
bottle 0.0297 97 175 111 215
bottle 0.0066 295 96 315 126
bottle 0.0062 16 200 29 215
bottle 0.0031 60 167 73 187
bottle 0.0022 60 176 74 194
bottle 0.0021 50 165 80 195
bottle 0.0019 17 183 108 226
bottle 0.0017 62 170 96 230
bottle 0.0017 295 109 307 126
bottle 0.0016 293 102 309 133
bottle 0.0016 56 189 75 221
bottle 0.0016 299 112 312 125
bottle 0.0014 85 194 105 220
bottle 0.0014 199 295 318 494
bottle 0.0012 52 187 62 205
chair 0.7241 -1 306 64 355
chair 0.6054 217 205 253 305
chair 0.3129 123 193 170 221
chair 0.1569 131 194 260 299
chair 0.1211 112 193 170 243
chair 0.0765 184 199 252 316
chair 0.0713 1 339 69 379
chair 0.0483 119 149 257 271
chair 0.0209 165 262 240 341
chair 0.0169 0 328 55 354
chair 0.0100 104 90 248 316
chair 0.0094 279 213 316 301
chair 0.0088 70 242 217 320
chair 0.0087 154 206 244 267
chair 0.0070 231 288 316 318
chair 0.0068 245 288 313 305
chair 0.0068 234 208 264 304
chair 0.0064 97 175 111 215
chair 0.0059 292 216 328 302
chair 0.0051 131 230 247 331
chair 0.0046 50 279 182 482
chair 0.0044 281 189 339 329
chair 0.0039 173 266 245 399
chair 0.0037 251 214 289 300
chair 0.0034 201 202 245 279
chair 0.0034 70 204 228 300
chair 0.0034 273 291 318 311
chair 0.0030 6 293 112 343
chair 0.0029 -2 279 91 366
chair 0.0027 214 177 252 272
chair 0.0026 311 235 339 320
chair 0.0025 0 272 85 323
chair 0.0025 -4 136 128 286
chair 0.0024 13 209 111 263
chair 0.0024 225 67 286 323
chair 0.0021 0 203 87 347
chair 0.0018 156 191 174 225
chair 0.0018 302 97 369 379
chair 0.0018 -1 342 78 490
chair 0.0015 119 182 261 398
chair 0.0013 61 221 111 247
chair 0.0012 241 206 307 309
chair 0.0011 100 176 111 202
chair 0.0011 130 195 227 247
chair 0.0010 207 151 258 296
chair 0.0010 136 185 254 224
pottedplant 0.0028 50 279 182 482
diningtable 0.1614 14 200 112 238
diningtable 0.1307 39 303 331 506
diningtable 0.1206 61 297 210 505
diningtable 0.0666 17 183 108 226
diningtable 0.0294 13 209 111 263
diningtable 0.0273 -4 136 128 286
diningtable 0.0254 22 393 351 500
diningtable 0.0239 123 193 170 221
diningtable 0.0227 28 207 107 225
diningtable 0.0192 36 216 118 232
diningtable 0.0162 37 199 161 239
diningtable 0.0131 112 193 170 243
diningtable 0.0102 64 205 108 224
diningtable 0.0079 -1 362 78 497
diningtable 0.0062 7 184 111 332
diningtable 0.0046 1 299 69 348
diningtable 0.0043 6 272 112 323
diningtable 0.0042 -5 381 148 501
diningtable 0.0036 42 199 91 217
diningtable 0.0035 119 149 257 271
diningtable 0.0034 35 445 336 500
diningtable 0.0026 93 243 222 276
diningtable 0.0025 96 208 180 264
diningtable 0.0023 297 201 375 242
diningtable 0.0021 0 343 71 396
diningtable 0.0019 71 196 104 221
diningtable 0.0019 70 204 228 300
diningtable 0.0019 58 212 140 261
diningtable 0.0015 87 249 192 305
diningtable 0.0015 21 208 76 223
diningtable 0.0015 298 372 373 498
diningtable 0.0015 199 295 318 494
diningtable 0.0012 48 182 149 229
diningtable 0.0011 226 293 313 311
diningtable 0.0011 3 255 83 308
diningtable 0.0011 119 216 198 261
