person 0.9912 5 1 42 94
person 0.9735 110 -1 138 80
person 0.9576 72 8 98 81
person 0.9441 45 0 74 81
person 0.7459 97 2 119 76
person 0.3975 468 2 500 111
person 0.2054 172 1 199 55
person 0.1648 454 0 492 104
person 0.1411 103 5 118 54
person 0.0890 161 0 180 41
person 0.0366 340 -1 368 78
person 0.0308 95 4 108 74
person 0.0307 11 11 435 242
person 0.0190 323 0 351 73
person 0.0171 74 18 93 57
person 0.0151 186 5 202 50
person 0.0138 174 20 196 52
person 0.0112 167 2 186 52
person 0.0096 65 7 77 48
person 0.0090 436 3 456 56
person 0.0083 24 0 479 83
person 0.0073 436 9 470 98
person 0.0072 106 2 114 17
person 0.0071 1 -4 8 80
person 0.0070 479 30 500 146
person 0.0070 360 10 392 88
person 0.0064 81 13 97 65
person 0.0058 427 0 486 107
person 0.0055 441 4 502 65
person 0.0054 33 33 53 60
person 0.0048 372 19 407 90
person 0.0047 119 0 135 42
person 0.0045 130 91 168 120
person 0.0042 2 -4 28 82
person 0.0034 304 2 336 67
person 0.0033 31 38 53 75
person 0.0029 134 0 146 14
person 0.0027 400 40 434 100
person 0.0027 114 2 122 14
person 0.0026 0 13 6 101
person 0.0026 380 18 393 36
person 0.0026 105 11 113 25
person 0.0025 30 27 42 67
person 0.0025 56 19 72 75
person 0.0023 0 -3 5 24
person 0.0023 165 30 175 46
person 0.0021 115 0 130 41
person 0.0020 42 29 59 65
person 0.0018 415 37 451 101
person 0.0018 2 20 5 55
person 0.0017 31 7 102 70
person 0.0017 147 93 186 120
person 0.0016 284 3 313 58
person 0.0016 147 93 168 118
person 0.0015 75 3 85 15
person 0.0015 36 9 55 49
person 0.0015 436 28 455 67
person 0.0014 494 -10 499 107
person 0.0014 0 0 3 36
person 0.0014 142 0 151 14
person 0.0014 122 11 136 64
person 0.0013 94 0 108 36
person 0.0013 171 30 182 48
person 0.0013 68 19 76 39
person 0.0013 379 44 444 98
person 0.0013 68 -12 436 47
person 0.0012 62 18 77 76
person 0.0011 0 12 4 45
person 0.0011 192 26 201 48
person 0.0011 153 -2 180 61
person 0.0010 69 9 75 29
person 0.0010 351 3 369 55
person 0.0010 99 8 106 28
car 0.9878 11 53 482 312
car 0.0046 18 47 401 184
motorbike 0.0014 6 56 450 307
bus 0.0148 33 11 466 248
chair 0.0120 431 37 469 103
chair 0.0058 415 37 451 101
chair 0.0054 428 56 451 95
chair 0.0047 368 58 409 91
chair 0.0029 473 16 501 117
chair 0.0026 372 19 407 90
chair 0.0022 367 46 425 94
chair 0.0021 360 10 392 88
chair 0.0019 429 70 465 100
chair 0.0019 370 53 394 86
chair 0.0018 444 58 466 98
chair 0.0017 435 57 453 73
chair 0.0015 433 52 455 83
chair 0.0015 407 54 430 97
chair 0.0012 400 40 434 100
chair 0.0010 427 0 486 107
chair 0.0010 453 28 488 107
