person 0.0089 113 110 364 498
person 0.0026 161 289 348 478
person 0.0021 230 146 351 473
person 0.0014 160 394 334 480
car 0.0068 52 66 364 427
bird 0.0023 156 399 283 478
cat 0.0015 52 66 364 427
dog 0.9937 60 120 361 486
dog 0.0055 154 223 353 484
dog 0.0020 38 189 261 444
dog 0.0017 156 399 283 478
dog 0.0010 230 146 351 473
sheep 0.0015 37 120 343 488
cow 0.0021 26 94 353 477
chair 0.0150 0 123 49 372
chair 0.0149 52 66 364 427
chair 0.0108 33 3 331 183
sofa 0.0180 26 94 353 477
diningtable 0.0084 33 3 331 183
diningtable 0.0050 17 59 356 433
diningtable 0.0017 24 8 337 84
tvmonitor 0.0029 0 123 49 372
