person 0.0028 64 380 292 501
bird 0.0030 98 254 133 307
cat 0.9959 147 172 222 273
cat 0.0200 98 254 133 307
cat 0.0068 118 183 146 216
cat 0.0055 64 380 292 501
cat 0.0011 140 179 182 255
dog 0.0060 145 175 224 291
dog 0.0011 98 254 133 307
chair 0.9871 40 376 264 501
chair 0.5230 206 187 309 473
chair 0.2173 197 185 271 272
chair 0.0760 21 284 306 497
chair 0.0604 83 210 279 452
chair 0.0093 204 242 265 501
chair 0.0085 266 282 312 467
chair 0.0076 149 175 229 291
chair 0.0073 10 379 160 489
chair 0.0041 141 260 216 412
chair 0.0034 220 159 280 444
chair 0.0022 264 158 318 479
chair 0.0020 185 237 253 437
chair 0.0015 23 459 338 498
chair 0.0013 40 479 274 497
sofa 0.0023 31 375 197 496
sofa 0.0020 64 380 292 501
sofa 0.0012 188 186 290 470
pottedplant 0.9543 94 123 134 242
pottedplant 0.1165 118 183 146 216
pottedplant 0.0653 92 184 124 247
pottedplant 0.0535 101 196 125 239
pottedplant 0.0073 98 254 133 307
pottedplant 0.0059 101 231 124 256
pottedplant 0.0053 98 117 137 184
pottedplant 0.0029 34 19 91 343
pottedplant 0.0029 72 148 99 255
pottedplant 0.0024 74 194 91 238
pottedplant 0.0022 8 36 118 379
pottedplant 0.0018 55 33 105 294
pottedplant 0.0017 13 3 68 359
pottedplant 0.0016 113 146 150 221
pottedplant 0.0016 98 226 137 298
pottedplant 0.0016 99 208 135 267
pottedplant 0.0013 99 236 118 253
pottedplant 0.0012 219 6 242 90
pottedplant 0.0011 72 185 87 230
diningtable 0.9781 73 258 281 493
diningtable 0.2427 48 359 303 505
diningtable 0.0228 23 459 338 498
diningtable 0.0120 171 234 293 499
diningtable 0.0055 105 259 262 334
diningtable 0.0051 -8 217 321 528
diningtable 0.0046 70 475 321 497
diningtable 0.0025 31 375 197 496
diningtable 0.0025 172 471 298 497
diningtable 0.0020 -88 468 314 504
diningtable 0.0010 -33 482 273 499
diningtable 0.0010 105 291 254 443
