person 0.9989 0 140 54 256
person 0.0168 284 178 295 200
person 0.0098 43 171 63 198
person 0.0056 26 162 60 236
person 0.0032 0 168 5 254
person 0.0024 9 144 51 210
person 0.0020 1 166 25 259
person 0.0019 30 186 66 245
person 0.0017 282 182 292 198
person 0.0017 0 192 2 232
person 0.0016 59 40 72 55
person 0.0016 4 163 86 273
person 0.0015 0 207 3 234
person 0.0014 25 169 62 199
person 0.0013 32 175 56 209
bicycle 0.6558 0 187 92 290
bicycle 0.0479 12 192 90 252
bicycle 0.0047 0 207 3 234
bicycle 0.0023 0 183 7 257
bicycle 0.0018 0 215 27 293
bicycle 0.0018 0 196 6 302
bicycle 0.0016 0 212 4 246
bicycle 0.0015 0 192 2 232
car 0.0037 2 199 95 294
car 0.0022 284 178 295 200
car 0.0015 365 165 379 174
motorbike 0.2805 3 190 92 283
motorbike 0.0021 0 168 5 254
motorbike 0.0019 0 207 3 234
motorbike 0.0016 0 192 2 232
bird 0.0031 59 40 72 55
