person 0.0854 271 116 312 152
person 0.0558 255 117 292 150
person 0.0302 299 109 325 152
person 0.0301 232 115 274 148
person 0.0270 168 108 207 139
person 0.0149 111 98 132 125
person 0.0134 70 86 384 288
person 0.0074 255 119 276 147
person 0.0064 166 109 189 138
person 0.0053 114 105 129 122
person 0.0051 226 108 267 141
person 0.0038 179 116 215 142
person 0.0035 170 102 232 145
person 0.0030 185 110 228 139
person 0.0029 121 97 133 110
person 0.0028 292 112 316 149
person 0.0024 160 98 198 132
person 0.0022 310 123 332 155
person 0.0020 189 123 205 138
person 0.0020 148 107 189 139
person 0.0019 139 98 157 132
person 0.0019 170 124 184 138
person 0.0018 284 109 322 141
person 0.0017 217 111 303 152
person 0.0017 279 109 348 155
person 0.0017 279 126 322 154
person 0.0016 142 111 154 132
person 0.0014 200 101 283 141
person 0.0013 182 117 195 132
person 0.0013 120 104 134 119
person 0.0013 197 125 215 138
person 0.0012 180 123 194 138
person 0.0012 190 117 204 131
person 0.0012 266 126 280 141
person 0.0012 168 115 184 133
person 0.0011 116 97 130 113
person 0.0011 261 132 272 147
person 0.0011 176 117 199 141
person 0.0010 259 125 270 142
car 0.9707 60 74 396 285
car 0.0348 208 4 510 307
motorbike 0.0058 70 86 384 288
aeroplane 0.0040 78 -12 404 289
bus 0.0015 61 69 406 289
cow 0.0030 78 -12 404 289
cow 0.0020 234 -1 491 282
diningtable 0.0053 59 42 417 299
diningtable 0.0016 208 4 510 307
