person 0.2815 381 173 391 196
person 0.0290 87 170 98 176
person 0.0160 379 176 388 192
person 0.0155 40 169 66 182
person 0.0131 478 178 492 184
person 0.0085 94 171 105 178
person 0.0074 137 157 143 171
person 0.0064 473 180 479 185
person 0.0063 162 167 171 182
person 0.0061 495 176 498 188
person 0.0060 0 168 9 179
person 0.0044 5 170 23 182
person 0.0036 52 170 67 180
person 0.0030 1 173 7 184
person 0.0025 249 168 258 179
person 0.0025 497 176 500 208
person 0.0018 157 166 165 181
person 0.0018 24 170 39 180
person 0.0018 80 171 87 177
person 0.0018 233 166 240 181
person 0.0017 37 169 49 180
person 0.0017 267 169 279 178
person 0.0015 16 170 29 179
person 0.0013 257 168 272 178
person 0.0013 384 170 392 180
person 0.0012 136 167 144 176
person 0.0011 75 173 109 188
bicycle 0.0063 382 181 392 195
bicycle 0.0048 379 176 388 192
bicycle 0.0010 378 182 388 195
car 0.9836 78 169 110 189
car 0.9790 443 175 496 204
car 0.9499 38 169 68 185
car 0.7941 7 173 24 183
car 0.7615 232 168 327 206
car 0.3155 0 168 9 179
car 0.0897 1 173 7 184
car 0.0670 16 170 29 179
car 0.0602 24 170 39 180
car 0.0523 1 160 8 171
car 0.0323 2 165 25 183
car 0.0304 15 174 26 183
car 0.0234 50 172 68 185
car 0.0169 52 170 67 180
car 0.0124 90 172 108 186
car 0.0120 7 162 19 170
car 0.0074 497 176 500 208
car 0.0074 37 169 49 180
car 0.0058 19 162 27 170
car 0.0049 87 170 98 176
car 0.0044 463 177 503 202
car 0.0033 6 165 42 182
car 0.0032 -1 160 14 185
car 0.0031 67 169 76 177
car 0.0028 -16 162 441 200
car 0.0028 351 164 389 181
car 0.0023 -1 171 29 186
car 0.0021 162 167 171 182
car 0.0019 495 176 498 188
car 0.0018 39 175 47 183
car 0.0017 78 175 89 186
car 0.0016 443 187 452 200
car 0.0016 94 171 105 178
car 0.0014 491 169 500 213
car 0.0011 157 166 165 181
car 0.0010 343 169 356 180
motorbike 0.0058 7 173 24 183
motorbike 0.0020 1 173 7 184
motorbike 0.0013 15 174 26 183
bus 0.0028 210 163 321 200
bus 0.0018 1 160 8 171
bus 0.0010 79 167 109 187
pottedplant 0.0046 199 175 212 185
