person 0.0178 90 0 191 31
person 0.0042 123 278 223 471
person 0.0024 0 308 8 376
person 0.0019 95 3 217 52
cat 0.0565 187 137 271 186
cat 0.0038 123 278 223 471
cat 0.0017 90 0 191 31
dog 0.9977 102 276 231 470
dog 0.7259 187 137 271 186
dog 0.0053 90 0 191 31
dog 0.0037 109 285 234 384
dog 0.0012 172 51 378 215
bottle 0.0095 183 1 202 11
bottle 0.0047 159 0 205 15
bottle 0.0037 192 0 211 8
bottle 0.0034 170 0 192 9
bottle 0.0011 177 1 225 12
bottle 0.0010 182 4 200 16
bottle 0.0010 145 0 200 22
chair 0.0122 83 297 265 486
chair 0.0054 -3 220 373 495
chair 0.0035 213 42 374 125
chair 0.0021 64 31 367 477
chair 0.0012 65 1 224 65
chair 0.0010 0 142 40 296
sofa 0.5780 3 11 388 495
sofa 0.0127 55 4 225 90
sofa 0.0083 83 297 265 486
sofa 0.0049 172 51 378 215
sofa 0.0023 80 156 360 427
sofa 0.0020 95 3 217 52
sofa 0.0013 213 42 374 125
sofa 0.0010 123 278 223 471
tvmonitor 0.0016 213 0 373 27
