person 0.9994 3 23 356 490
person 0.0133 132 356 158 397
person 0.0116 202 305 237 362
person 0.0107 137 321 171 380
person 0.0105 151 319 172 359
person 0.0100 174 316 209 351
person 0.0092 199 343 240 404
person 0.0072 128 327 162 387
person 0.0068 174 472 368 500
person 0.0063 133 323 154 359
person 0.0059 171 321 209 379
person 0.0051 42 239 338 491
person 0.0048 162 359 198 395
person 0.0030 206 306 231 342
person 0.0015 145 321 164 358
person 0.0015 48 142 256 428
person 0.0010 213 333 235 369
car 0.0013 1 8 359 444
bottle 0.0103 -18 -9 341 461
chair 0.0768 19 143 351 508
chair 0.0043 99 -1 284 201
chair 0.0031 10 454 77 497
chair 0.0011 -1 289 26 330
sofa 0.0403 19 143 351 508
sofa 0.0102 303 299 369 491
sofa 0.0056 54 302 380 497
sofa 0.0014 241 247 358 496
sofa 0.0013 -3 7 379 353
diningtable 0.0022 -18 -9 341 461
diningtable 0.0014 7 228 370 495
