person 0.9793 9 75 394 370
person 0.0087 -13 1 313 309
person 0.0074 17 156 263 369
person 0.0023 85 146 337 236
person 0.0019 59 177 350 273
person 0.0016 454 143 500 218
person 0.0015 370 231 499 369
person 0.0014 309 211 402 374
person 0.0014 0 146 60 323
person 0.0011 0 185 59 243
car 0.5680 0 -19 420 337
car 0.0523 331 211 412 263
car 0.0142 4 139 398 381
car 0.0080 189 -2 531 380
car 0.0031 5 8 291 271
car 0.0014 294 201 434 278
car 0.0010 68 80 355 301
aeroplane 0.0024 19 -18 480 330
bus 0.0013 19 -18 480 330
boat 0.0069 -1 -13 346 259
boat 0.0015 19 7 473 369
dog 0.5353 -10 -8 359 326
horse 0.0666 3 -6 292 245
horse 0.0016 0 -12 364 389
sheep 0.0013 -10 -8 359 326
cow 0.0119 -13 1 313 309
chair 0.0738 411 220 501 374
chair 0.0208 312 211 501 372
chair 0.0103 309 211 402 374
chair 0.0013 -1 -13 346 259
chair 0.0011 307 212 405 263
chair 0.0010 327 293 486 375
tvmonitor 0.0139 19 -18 480 330
tvmonitor 0.0040 233 3 494 239
tvmonitor 0.0014 331 211 412 263
