person 0.0325 2 155 7 172
person 0.0149 190 161 202 179
person 0.0089 0 159 4 183
person 0.0059 188 154 204 178
person 0.0053 174 164 184 175
person 0.0040 181 164 191 176
person 0.0040 0 148 9 196
person 0.0034 201 163 215 180
person 0.0031 493 174 499 191
person 0.0029 208 162 219 181
person 0.0027 386 169 394 180
person 0.0027 285 155 305 188
person 0.0022 295 161 305 183
person 0.0021 2 143 4 167
person 0.0020 0 110 16 241
person 0.0020 198 152 218 180
person 0.0020 8 101 478 284
person 0.0017 465 177 471 188
person 0.0016 473 176 480 187
person 0.0015 7 157 14 166
person 0.0014 290 161 301 181
person 0.0013 207 155 219 174
person 0.0011 51 160 57 168
car 0.0010 15 123 390 292
car 0.0010 2 155 7 172
bus 0.0011 399 160 495 219
train 0.9997 8 110 395 273
train 0.8702 399 160 495 219
train 0.0039 370 150 508 276
train 0.0017 0 126 9 180
train 0.0016 335 148 502 227
train 0.0014 0 101 16 218
