person 0.0293 0 75 27 158
person 0.0083 327 201 347 235
person 0.0067 254 119 267 133
person 0.0034 316 187 430 290
person 0.0026 361 119 375 134
person 0.0011 217 171 272 246
person 0.0011 0 243 33 300
person 0.0010 12 86 42 155
cat 0.0373 327 201 347 235
dog 0.0769 327 201 347 235
dog 0.0014 299 258 323 297
bottle 0.0077 192 202 199 222
bottle 0.0071 357 150 364 159
bottle 0.0038 368 149 374 159
bottle 0.0025 8 288 47 336
bottle 0.0024 382 104 389 125
bottle 0.0020 0 132 5 154
bottle 0.0019 193 211 202 226
bottle 0.0015 126 259 138 283
bottle 0.0015 62 105 86 147
bottle 0.0013 0 112 26 155
bottle 0.0012 0 110 10 157
bottle 0.0011 375 150 383 160
bottle 0.0011 187 202 195 221
bottle 0.0011 381 98 392 117
bottle 0.0010 0 121 3 148
chair 0.9734 315 188 429 316
chair 0.9289 213 171 279 247
chair 0.2267 102 197 236 315
chair 0.0424 398 346 452 378
chair 0.0091 383 165 420 194
chair 0.0083 6 188 246 337
chair 0.0055 -1 251 166 375
chair 0.0029 0 4 111 219
chair 0.0026 339 183 411 245
chair 0.0025 298 250 331 302
chair 0.0023 332 197 422 265
chair 0.0013 166 194 207 227
chair 0.0012 6 189 111 283
sofa 0.9736 25 198 247 316
sofa 0.6228 316 187 430 290
sofa 0.3754 211 167 280 243
sofa 0.1692 109 182 233 302
sofa 0.0145 0 4 111 219
sofa 0.0110 -19 213 185 367
sofa 0.0053 6 189 111 283
sofa 0.0030 336 164 412 274
sofa 0.0021 346 160 386 240
sofa 0.0011 -3 98 203 360
sofa 0.0010 109 190 316 264
pottedplant 0.9333 384 77 428 114
pottedplant 0.1997 128 104 209 211
pottedplant 0.1715 367 131 389 158
pottedplant 0.0301 383 105 429 183
pottedplant 0.0134 371 137 387 153
pottedplant 0.0115 379 97 392 132
pottedplant 0.0100 1 213 113 312
pottedplant 0.0065 382 104 389 125
pottedplant 0.0056 366 139 376 152
pottedplant 0.0050 381 98 392 117
pottedplant 0.0041 375 150 383 160
pottedplant 0.0041 394 331 459 374
pottedplant 0.0030 357 150 364 159
pottedplant 0.0026 0 75 27 158
pottedplant 0.0023 439 43 477 119
pottedplant 0.0022 368 149 374 159
pottedplant 0.0020 0 247 137 367
pottedplant 0.0019 377 80 421 159
pottedplant 0.0018 169 185 208 220
pottedplant 0.0017 361 140 393 163
pottedplant 0.0017 376 127 387 141
pottedplant 0.0017 189 195 204 227
pottedplant 0.0015 131 169 204 219
pottedplant 0.0015 5 203 97 264
pottedplant 0.0013 3 195 196 322
pottedplant 0.0012 362 122 392 152
pottedplant 0.0011 52 255 113 298
pottedplant 0.0011 192 202 199 222
pottedplant 0.0010 346 160 386 240
pottedplant 0.0010 138 102 184 182
diningtable 0.0613 -1 251 166 375
diningtable 0.0042 3 195 196 322
diningtable 0.0023 1 213 113 312
diningtable 0.0018 -3 81 112 202
tvmonitor 0.0381 340 163 387 239
