person 0.0140 236 250 316 307
person 0.0038 239 249 279 302
person 0.0017 438 316 499 375
person 0.0010 384 98 396 138
car 0.0087 109 134 172 191
car 0.0026 139 150 162 195
car 0.0011 129 142 165 209
car 0.0010 113 139 166 166
car 0.0010 144 128 175 194
bottle 0.0195 189 98 200 131
bottle 0.0068 384 98 396 138
bottle 0.0011 0 251 14 305
chair 0.9947 13 187 122 361
chair 0.0829 438 316 499 375
chair 0.0177 23 187 115 216
chair 0.0086 129 142 165 209
chair 0.0076 139 150 162 195
chair 0.0063 0 228 20 325
chair 0.0039 109 134 172 191
chair 0.0038 144 128 175 194
chair 0.0018 452 354 499 376
chair 0.0017 0 251 14 305
chair 0.0015 111 147 143 237
chair 0.0011 109 143 129 186
chair 0.0010 451 340 500 371
sofa 0.0286 14 211 122 360
sofa 0.0089 438 316 499 375
sofa 0.0059 0 228 20 325
pottedplant 0.9651 223 100 266 134
pottedplant 0.9300 392 238 501 375
pottedplant 0.0361 0 238 18 343
pottedplant 0.0161 442 310 499 368
pottedplant 0.0085 437 273 500 383
pottedplant 0.0083 395 297 442 369
pottedplant 0.0020 411 237 494 315
pottedplant 0.0019 475 262 498 364
pottedplant 0.0014 437 205 499 344
pottedplant 0.0013 386 256 452 371
pottedplant 0.0011 409 319 445 374
pottedplant 0.0011 0 251 14 305
pottedplant 0.0011 234 109 258 134
diningtable 0.0037 14 211 122 360
diningtable 0.0013 0 238 18 343
tvmonitor 0.0053 222 223 353 329
