person 0.9911 196 25 248 151
person 0.9676 245 29 287 156
person 0.7790 361 33 412 161
person 0.6757 303 34 341 152
person 0.0245 367 70 389 165
person 0.0177 410 34 464 162
person 0.0143 218 32 248 137
person 0.0127 194 32 218 131
person 0.0082 425 30 465 96
person 0.0075 418 43 459 118
person 0.0068 374 73 402 163
person 0.0051 27 127 40 142
person 0.0040 356 49 424 113
person 0.0028 9 113 120 174
person 0.0027 0 125 3 162
person 0.0027 435 26 459 70
person 0.0026 271 65 439 146
person 0.0025 361 37 379 77
person 0.0022 419 60 438 93
person 0.0021 247 29 282 100
person 0.0021 497 68 499 105
person 0.0021 178 82 196 108
person 0.0020 191 47 201 63
person 0.0019 0 116 7 170
person 0.0018 497 79 499 111
person 0.0017 20 121 65 149
person 0.0015 417 51 437 84
person 0.0012 334 82 351 97
person 0.0012 1 127 24 157
person 0.0011 341 82 357 97
person 0.0010 371 35 451 165
person 0.0010 415 29 460 69
person 0.0010 23 123 44 148
person 0.0010 426 39 462 74
person 0.0010 0 114 3 154
person 0.0010 195 18 213 59
person 0.0010 0 133 2 172
bicycle 0.0111 232 64 442 148
bicycle 0.0041 367 70 389 165
bicycle 0.0028 275 75 402 128
bicycle 0.0022 288 91 426 137
bicycle 0.0013 319 73 432 126
car 0.9715 0 112 118 188
car 0.9458 271 65 439 146
car 0.0371 275 75 402 128
car 0.0207 319 73 432 126
car 0.0077 288 91 426 137
car 0.0063 29 131 139 178
car 0.0062 225 46 438 126
car 0.0052 0 114 65 167
car 0.0047 303 34 356 159
car 0.0034 39 109 129 165
car 0.0028 497 79 499 111
car 0.0028 497 68 499 105
car 0.0025 125 69 380 151
car 0.0024 340 55 417 111
car 0.0020 0 109 31 171
car 0.0019 1 118 45 150
car 0.0016 494 56 499 135
car 0.0013 0 106 5 122
car 0.0012 0 95 4 116
car 0.0011 0 76 125 155
car 0.0011 20 121 65 149
motorbike 0.0033 271 65 439 146
motorbike 0.0011 9 113 120 174
bird 0.0070 305 34 340 98
cat 0.0025 305 34 340 98
dog 0.1890 305 34 340 98
dog 0.0457 297 31 347 145
dog 0.0021 364 37 400 137
cow 0.0027 305 34 340 98
chair 0.0046 9 113 120 174
chair 0.0015 47 102 123 150
pottedplant 0.0086 418 32 475 164
pottedplant 0.0063 0 0 6 75
pottedplant 0.0028 0 20 2 56
pottedplant 0.0021 0 11 3 45
pottedplant 0.0020 427 47 462 150
pottedplant 0.0014 417 75 453 157
pottedplant 0.0014 0 27 2 67
