person 0.9983 215 57 320 317
person 0.0165 2 203 88 314
person 0.0108 117 170 136 187
person 0.0073 304 171 319 190
person 0.0038 1 196 92 239
person 0.0037 459 189 479 295
person 0.0030 0 190 29 256
person 0.0030 28 199 94 224
person 0.0029 1 194 44 227
person 0.0020 40 92 496 305
person 0.0019 472 203 479 289
person 0.0019 0 202 22 314
person 0.0018 123 169 137 182
person 0.0017 0 185 55 303
person 0.0014 220 100 236 130
person 0.0012 163 140 378 244
person 0.0012 208 171 223 186
person 0.0012 275 183 343 226
person 0.0011 459 223 478 332
person 0.0010 0 183 9 237
bicycle 0.0013 42 171 484 318
car 0.4807 92 183 232 226
car 0.0917 385 257 474 306
car 0.0149 -15 165 447 317
car 0.0107 70 164 336 234
car 0.0075 377 274 463 315
car 0.0075 82 178 253 276
car 0.0047 4 192 92 230
car 0.0035 459 189 479 295
car 0.0033 467 203 479 252
car 0.0033 178 77 325 300
car 0.0021 99 177 220 207
car 0.0017 62 104 348 281
car 0.0015 395 258 447 290
car 0.0014 396 275 439 294
car 0.0012 163 140 378 244
bus 0.1492 53 110 350 205
bus 0.0209 163 71 328 265
bus 0.0138 21 88 472 310
bus 0.0043 89 171 240 237
bus 0.0020 70 164 336 234
train 0.0144 53 110 350 205
train 0.0044 21 88 472 310
train 0.0011 178 77 325 300
boat 0.0077 21 88 472 310
boat 0.0029 71 117 397 200
boat 0.0023 178 77 325 300
horse 0.9799 42 171 484 318
horse 0.1559 4 192 92 230
horse 0.0706 42 199 94 223
horse 0.0375 0 190 29 256
horse 0.0286 2 203 88 314
horse 0.0223 1 194 44 227
horse 0.0125 30 212 309 313
horse 0.0107 1 194 60 244
horse 0.0095 0 200 32 234
horse 0.0090 178 77 325 300
horse 0.0082 89 171 240 237
horse 0.0060 0 185 55 303
horse 0.0046 0 202 22 314
horse 0.0043 0 193 10 243
horse 0.0032 370 218 477 321
horse 0.0026 -1 110 420 292
horse 0.0023 -9 158 210 313
horse 0.0018 -1 206 23 245
horse 0.0016 0 195 6 278
horse 0.0011 0 206 3 249
cow 0.0259 42 199 94 223
cow 0.0052 4 192 92 230
cow 0.0010 -15 165 447 317
pottedplant 0.0035 467 86 480 129
pottedplant 0.0012 457 134 478 240
