person 0.0305 318 21 505 368
person 0.0070 138 -1 518 389
person 0.0054 39 1 381 81
person 0.0047 5 115 125 194
person 0.0028 357 7 499 127
person 0.0026 31 129 298 374
cat 0.8559 -1 118 224 363
cat 0.0150 24 80 421 374
cat 0.0054 5 115 125 194
cat 0.0040 316 55 505 372
cat 0.0027 169 105 412 184
cat 0.0015 7 112 47 173
cat 0.0014 138 -1 518 389
dog 0.4490 -4 119 252 375
dog 0.0071 24 80 421 374
dog 0.0070 318 21 505 368
dog 0.0011 138 -1 518 389
chair 0.0022 44 1 512 384
chair 0.0014 318 21 505 368
sofa 0.0294 44 1 512 384
sofa 0.0155 28 130 407 368
sofa 0.0062 318 21 505 368
sofa 0.0013 1 202 265 387
