person 0.9850 62 182 116 365
person 0.9831 89 176 335 373
person 0.9569 2 173 44 369
person 0.9477 228 22 504 378
person 0.9190 146 78 227 198
person 0.7181 83 87 155 229
person 0.1087 207 0 382 209
person 0.0714 433 27 498 364
person 0.0636 0 187 32 324
person 0.0440 4 176 81 367
person 0.0290 61 185 82 280
person 0.0267 199 79 231 159
person 0.0260 232 117 352 253
person 0.0157 45 97 461 357
person 0.0132 225 49 363 172
person 0.0094 0 173 30 262
person 0.0089 201 105 384 349
person 0.0070 67 183 108 290
person 0.0066 269 91 333 156
person 0.0054 0 243 60 376
person 0.0049 149 151 220 200
person 0.0047 60 213 83 334
person 0.0042 318 69 355 141
person 0.0041 84 92 129 182
person 0.0040 1 222 26 359
person 0.0039 131 4 291 220
person 0.0039 66 196 81 264
person 0.0037 223 164 305 269
person 0.0031 249 120 313 173
person 0.0030 185 76 250 203
person 0.0024 252 88 375 217
person 0.0024 160 45 233 166
person 0.0023 66 186 83 236
person 0.0022 183 86 226 187
person 0.0019 207 96 225 151
person 0.0019 -3 235 118 366
person 0.0017 151 46 348 244
person 0.0016 39 170 102 346
person 0.0015 227 170 302 224
person 0.0013 86 184 119 246
person 0.0013 173 85 325 211
person 0.0012 100 100 144 180
person 0.0011 188 66 227 144
person 0.0011 6 296 81 372
person 0.0010 473 256 499 370
person 0.0010 0 295 27 368
person 0.0010 59 183 119 250
person 0.0010 17 160 167 382
person 0.0010 101 45 249 249
person 0.0010 89 85 147 112
person 0.0010 394 -11 495 253
person 0.0010 226 15 405 137
horse 0.0015 433 27 498 364
horse 0.0015 290 15 500 381
chair 0.0436 54 339 93 373
chair 0.0133 431 29 499 251
chair 0.0056 56 297 90 369
chair 0.0038 398 28 499 354
chair 0.0026 318 69 355 141
chair 0.0025 290 15 500 381
chair 0.0017 11 326 81 373
chair 0.0015 409 353 467 374
chair 0.0014 473 256 499 370
chair 0.0012 7 350 64 376
sofa 0.0022 433 27 498 364
sofa 0.0019 290 15 500 381
sofa 0.0016 0 199 50 376
