person 0.0226 -2 -10 413 276
person 0.0119 151 -1 355 185
person 0.0051 426 167 470 203
person 0.0040 277 12 348 184
person 0.0040 194 171 435 336
person 0.0032 66 145 136 215
person 0.0029 112 159 211 223
person 0.0028 212 5 376 124
person 0.0013 63 201 100 217
person 0.0011 10 -19 188 273
person 0.0010 388 257 501 317
car 0.0164 -12 -15 357 222
motorbike 0.0064 -2 -10 413 276
boat 0.0097 -2 -10 413 276
cat 0.1144 384 244 494 327
cat 0.0200 194 171 435 336
cat 0.0150 427 161 483 204
cat 0.0029 200 169 371 252
cat 0.0012 241 229 417 328
dog 0.9928 -10 -9 342 284
dog 0.9907 174 170 411 337
dog 0.1512 426 170 472 204
dog 0.0861 384 244 494 327
dog 0.0445 71 0 345 192
dog 0.0429 200 169 371 252
dog 0.0095 6 80 270 311
dog 0.0091 241 229 417 328
dog 0.0083 10 -19 188 273
dog 0.0059 58 117 289 218
dog 0.0039 221 9 356 155
dog 0.0021 24 83 319 183
dog 0.0018 223 172 335 226
dog 0.0015 57 76 360 257
dog 0.0012 446 174 468 202
dog 0.0010 161 78 343 180
horse 0.0012 426 170 472 204
sheep 0.0050 384 244 494 327
cow 0.0025 -7 -12 348 331
bottle 0.0022 461 151 474 168
bottle 0.0021 468 152 479 167
bottle 0.0011 449 151 464 167
chair 0.0456 -7 4 423 323
chair 0.0228 16 0 333 203
chair 0.0069 194 171 435 336
chair 0.0040 226 115 304 170
chair 0.0028 151 -1 355 185
chair 0.0025 84 124 336 212
chair 0.0013 161 78 343 180
sofa 0.0200 -7 4 423 323
sofa 0.0049 19 49 315 276
sofa 0.0042 194 171 435 336
pottedplant 0.0062 94 199 129 216
pottedplant 0.0021 67 169 135 217
diningtable 0.0092 -7 4 423 323
tvmonitor 0.9415 320 0 396 128
tvmonitor 0.1056 256 10 399 139
tvmonitor 0.0194 200 -5 372 181
