person 0.0055 104 46 114 60
person 0.0037 103 50 115 65
person 0.0031 0 57 3 80
person 0.0028 252 45 269 54
person 0.0019 0 51 3 72
person 0.0018 174 40 196 57
person 0.0016 203 46 213 56
person 0.0015 38 26 479 320
person 0.0013 269 95 357 136
car 0.9790 44 60 479 356
car 0.7147 116 42 178 63
car 0.4301 218 45 236 55
car 0.2748 252 45 269 54
car 0.2682 170 38 199 57
car 0.0842 369 44 386 56
car 0.0462 236 47 257 55
car 0.0299 220 37 236 50
car 0.0182 113 41 205 69
car 0.0168 364 44 380 54
car 0.0148 226 45 241 54
car 0.0102 203 46 213 56
car 0.0100 308 47 318 53
car 0.0098 122 44 136 51
car 0.0097 285 44 304 51
car 0.0096 268 45 278 51
car 0.0094 0 51 3 72
car 0.0091 256 41 269 48
car 0.0085 214 44 256 56
car 0.0082 381 38 401 47
car 0.0079 209 48 223 57
car 0.0070 175 39 195 50
car 0.0069 313 47 329 54
car 0.0066 340 44 358 54
car 0.0060 170 39 189 48
car 0.0054 101 48 161 67
car 0.0051 250 42 260 48
car 0.0050 295 45 306 51
car 0.0047 172 39 217 59
car 0.0046 237 43 271 56
car 0.0045 287 40 300 48
car 0.0042 219 33 238 55
car 0.0041 110 46 130 55
car 0.0039 334 45 349 53
car 0.0039 270 41 276 47
car 0.0037 225 36 240 49
car 0.0037 321 46 340 53
car 0.0036 199 45 237 58
car 0.0034 0 57 3 80
car 0.0033 372 41 386 48
car 0.0026 104 46 114 60
car 0.0024 121 42 139 48
car 0.0024 315 37 325 43
car 0.0023 369 40 405 59
car 0.0020 353 43 368 53
car 0.0018 321 40 339 46
car 0.0018 100 44 140 61
car 0.0018 278 44 288 51
car 0.0016 458 38 474 46
car 0.0015 79 58 103 66
car 0.0015 379 44 398 55
car 0.0015 205 54 227 60
car 0.0014 245 43 301 54
car 0.0014 219 33 269 53
car 0.0014 351 42 389 57
car 0.0013 103 50 115 65
car 0.0013 150 53 205 69
car 0.0013 190 45 199 56
car 0.0012 172 41 310 65
car 0.0012 223 31 232 38
car 0.0012 202 54 214 60
car 0.0011 295 41 306 48
car 0.0011 495 37 500 47
car 0.0010 241 40 251 48
car 0.0010 312 43 350 55
car 0.0010 95 54 109 63
car 0.0010 280 39 284 46
motorbike 0.0020 43 56 500 399
bus 0.0057 116 42 178 63
