person 0.9816 13 66 493 366
person 0.2816 -9 37 294 349
person 0.1653 127 3 277 128
person 0.0919 401 171 499 337
person 0.0121 0 86 48 306
person 0.0078 112 86 381 299
person 0.0058 101 10 322 214
person 0.0046 378 240 494 354
person 0.0040 0 48 117 329
person 0.0038 183 18 323 124
person 0.0021 488 100 499 331
person 0.0016 6 66 85 173
person 0.0015 65 61 116 88
person 0.0014 11 150 45 241
person 0.0013 6 190 45 285
person 0.0012 329 171 493 353
person 0.0012 0 83 28 194
person 0.0012 6 74 80 282
person 0.0011 0 114 21 279
dog 0.0052 386 178 501 335
dog 0.0012 378 240 494 354
bottle 0.0092 398 172 424 267
chair 0.4896 401 171 499 337
chair 0.0177 398 172 424 267
chair 0.0141 315 97 373 145
chair 0.0059 0 86 48 306
chair 0.0057 378 240 494 354
chair 0.0039 396 167 472 275
chair 0.0017 438 160 497 312
chair 0.0017 0 176 23 296
chair 0.0015 488 100 499 331
chair 0.0015 312 84 390 194
chair 0.0015 343 133 404 256
chair 0.0014 487 53 499 224
chair 0.0013 -8 48 362 341
chair 0.0013 6 190 45 285
chair 0.0012 494 99 499 208
chair 0.0011 494 49 499 181
chair 0.0010 230 21 337 125
chair 0.0010 409 179 495 253
chair 0.0010 346 208 411 258
sofa 0.1402 -8 48 362 341
sofa 0.0884 386 178 501 335
sofa 0.0152 87 25 333 272
sofa 0.0044 378 240 494 354
sofa 0.0036 0 86 48 306
sofa 0.0014 0 97 25 218
sofa 0.0011 58 59 363 152
sofa 0.0010 406 153 497 288
sofa 0.0010 27 101 389 188
pottedplant 0.0018 487 43 499 199
pottedplant 0.0016 495 42 499 151
pottedplant 0.0010 496 72 500 98
diningtable 0.0020 341 147 382 238
diningtable 0.0015 210 52 492 343
diningtable 0.0012 401 171 499 337
diningtable 0.0012 378 240 494 354
diningtable 0.0011 316 94 378 145
tvmonitor 0.0061 418 0 443 14
