person 0.0068 125 251 135 259
person 0.0049 133 251 144 260
person 0.0049 397 245 404 251
person 0.0043 143 251 153 260
person 0.0039 404 245 412 250
person 0.0020 1 255 9 263
person 0.0019 7 256 16 263
car 0.9923 104 246 169 289
car 0.9826 87 249 113 279
car 0.9114 383 240 425 269
car 0.7139 184 255 206 270
car 0.2698 207 260 225 269
car 0.1063 217 261 233 269
car 0.0416 33 174 466 252
car 0.0364 1 255 9 263
car 0.0320 197 258 234 271
car 0.0287 184 253 228 269
car 0.0219 7 256 16 263
car 0.0192 -12 201 516 261
car 0.0175 182 256 197 270
car 0.0169 227 261 238 267
car 0.0136 201 258 216 269
car 0.0126 164 258 172 273
car 0.0099 18 257 31 264
car 0.0084 49 253 61 261
car 0.0054 26 257 37 264
car 0.0052 197 255 212 266
car 0.0049 23 46 473 278
car 0.0035 170 258 185 270
car 0.0032 162 254 172 267
car 0.0024 112 246 165 269
car 0.0022 325 256 332 261
car 0.0022 1 259 4 268
car 0.0017 203 256 228 267
car 0.0017 496 234 499 243
car 0.0016 98 250 119 282
car 0.0015 95 252 108 261
car 0.0014 226 257 242 266
car 0.0014 218 257 234 267
car 0.0014 34 256 52 262
car 0.0013 318 256 330 261
car 0.0012 148 245 168 273
aeroplane 0.0010 23 46 473 278
bus 0.0031 384 239 420 265
train 0.0160 33 174 466 252
boat 0.0074 23 46 473 278
boat 0.0049 33 174 466 252
