person 0.0031 -8 46 375 296
car 0.0029 27 64 467 290
cat 0.8378 20 92 349 270
dog 0.2688 24 96 389 285
chair 0.1191 233 38 501 235
chair 0.0230 65 89 420 266
chair 0.0170 236 41 494 140
chair 0.0062 24 120 109 227
chair 0.0012 0 127 30 216
sofa 0.6397 224 48 507 275
sofa 0.4202 11 88 483 305
sofa 0.0119 236 41 494 140
sofa 0.0036 -4 251 361 325
sofa 0.0034 43 190 385 280
sofa 0.0012 -5 167 354 316
diningtable 0.0108 27 64 467 290
diningtable 0.0080 1 156 445 327
diningtable 0.0015 -2 245 490 321
