person 0.9970 203 79 419 393
person 0.9577 440 66 498 361
person 0.0203 196 102 326 259
person 0.0060 406 15 503 374
person 0.0041 0 239 12 386
person 0.0033 467 21 498 373
person 0.0022 490 104 500 365
person 0.0022 1 155 13 354
person 0.0015 0 231 6 327
person 0.0010 146 219 166 245
bottle 0.9291 83 186 110 251
bottle 0.6656 123 182 139 237
bottle 0.0374 146 219 166 245
bottle 0.0025 127 175 143 226
bottle 0.0018 90 208 110 249
bottle 0.0014 194 319 236 341
bottle 0.0011 124 172 150 234
bottle 0.0011 17 199 68 265
bottle 0.0010 119 213 141 246
bottle 0.0010 82 184 103 224
chair 0.0174 304 256 414 373
chair 0.0038 380 310 396 324
chair 0.0033 191 117 412 379
chair 0.0023 0 264 8 331
chair 0.0018 484 228 500 357
chair 0.0016 196 102 326 259
chair 0.0015 444 109 499 395
chair 0.0015 489 258 498 337
chair 0.0012 0 239 12 386
chair 0.0010 0 285 6 368
chair 0.0010 492 246 499 367
sofa 0.0011 441 87 498 377
pottedplant 0.9320 0 92 123 257
pottedplant 0.0056 4 160 67 274
pottedplant 0.0029 0 97 19 221
pottedplant 0.0020 0 107 13 163
pottedplant 0.0010 0 126 17 268
pottedplant 0.0010 122 175 140 231
diningtable 0.8964 2 232 402 369
diningtable 0.0035 160 254 319 340
diningtable 0.0015 43 292 370 365
diningtable 0.0013 191 117 412 379
diningtable 0.0011 78 214 173 262
