person 0.9989 28 10 223 462
person 0.9910 53 156 385 505
person 0.8997 103 202 267 437
person 0.4117 332 186 372 256
person 0.0281 -2 342 26 488
person 0.0088 26 211 218 442
person 0.0073 162 230 262 397
person 0.0059 317 439 379 497
person 0.0033 213 182 226 228
person 0.0019 0 312 45 484
person 0.0018 352 174 376 216
person 0.0014 325 178 372 339
person 0.0012 232 165 363 257
person 0.0010 349 436 378 496
cat 0.0029 28 214 266 489
cat 0.0017 -2 342 26 488
dog 0.0013 42 208 261 447
bottle 0.0115 214 143 233 189
bottle 0.0044 19 19 263 426
bottle 0.0014 120 345 153 373
chair 0.2666 316 360 374 501
chair 0.1621 230 364 374 499
chair 0.0716 153 327 382 504
chair 0.0515 50 193 382 512
chair 0.0255 -2 342 26 488
chair 0.0237 352 174 376 216
chair 0.0210 41 142 250 455
chair 0.0198 332 186 372 256
chair 0.0169 317 439 379 497
chair 0.0135 349 436 378 496
chair 0.0087 316 352 373 394
chair 0.0083 111 197 269 412
chair 0.0076 329 407 372 496
chair 0.0061 319 377 351 492
chair 0.0054 359 210 375 257
chair 0.0034 71 405 131 448
chair 0.0028 55 394 389 494
chair 0.0021 222 229 376 497
chair 0.0020 355 439 372 476
chair 0.0014 247 159 270 172
chair 0.0014 172 253 188 293
chair 0.0013 321 211 371 498
chair 0.0013 331 471 378 499
chair 0.0010 251 269 272 317
chair 0.0010 116 353 132 404
chair 0.0010 232 165 363 257
sofa 0.1086 50 193 382 512
sofa 0.0643 41 142 250 455
sofa 0.0475 -2 342 26 488
sofa 0.0140 111 197 269 412
sofa 0.0061 153 327 382 504
sofa 0.0034 332 186 372 256
sofa 0.0032 0 312 45 484
sofa 0.0016 35 406 343 499
pottedplant 0.0932 132 9 215 122
pottedplant 0.0361 3 216 70 420
pottedplant 0.0206 138 21 223 187
pottedplant 0.0051 202 123 232 199
pottedplant 0.0039 144 53 214 118
pottedplant 0.0022 45 7 227 354
pottedplant 0.0021 1 259 53 491
pottedplant 0.0021 158 61 235 223
pottedplant 0.0012 89 67 108 95
pottedplant 0.0011 184 94 244 231
diningtable 0.0042 41 142 250 455
