person 0.1380 416 149 436 175
person 0.0988 496 220 500 241
person 0.0844 429 153 440 170
person 0.0500 496 213 499 235
person 0.0486 415 146 426 167
person 0.0433 411 147 429 176
person 0.0200 421 148 433 167
person 0.0171 471 219 482 241
person 0.0160 10 198 46 279
person 0.0104 426 151 443 175
person 0.0076 417 150 437 198
person 0.0045 394 163 405 183
person 0.0034 390 147 407 181
person 0.0032 392 148 427 178
person 0.0032 491 199 500 245
person 0.0031 496 197 498 230
person 0.0029 482 212 489 233
person 0.0029 394 157 404 174
person 0.0026 481 189 495 236
person 0.0026 474 216 481 232
person 0.0023 359 152 379 180
person 0.0023 495 197 500 284
person 0.0023 410 150 429 198
person 0.0023 497 216 499 262
person 0.0022 482 196 488 206
person 0.0021 402 155 414 173
person 0.0019 -10 0 382 312
person 0.0019 474 194 478 206
person 0.0018 493 208 500 254
person 0.0017 392 146 405 164
person 0.0016 474 193 477 200
person 0.0014 494 189 498 214
person 0.0014 463 220 473 242
person 0.0012 468 206 483 242
person 0.0012 401 143 436 172
person 0.0011 479 221 486 238
person 0.0010 398 155 416 191
car 0.0054 496 220 500 241
car 0.0029 496 213 499 235
train 0.9999 31 -4 470 296
