person 0.9999 22 74 417 369
person 0.9966 367 159 494 373
person 0.0332 70 24 108 75
person 0.0125 69 28 133 85
person 0.0057 183 80 424 172
person 0.0025 18 261 45 359
person 0.0017 331 138 474 248
person 0.0017 1 218 18 372
person 0.0014 481 244 499 382
person 0.0012 274 137 468 376
person 0.0012 335 244 488 369
person 0.0011 103 58 131 81
person 0.0010 495 249 499 385
person 0.0010 125 72 173 99
bottle 0.9974 221 90 412 189
bottle 0.6322 51 256 69 295
bottle 0.1396 18 261 45 359
bottle 0.0509 26 43 416 355
bottle 0.0297 203 150 274 192
bottle 0.0179 24 259 45 318
bottle 0.0106 319 238 329 248
bottle 0.0075 106 58 130 80
bottle 0.0053 401 333 417 345
bottle 0.0049 56 265 68 288
bottle 0.0048 29 261 40 280
bottle 0.0046 34 259 49 301
bottle 0.0045 25 269 55 347
bottle 0.0039 259 113 377 171
bottle 0.0037 458 306 472 326
bottle 0.0036 13 158 20 182
bottle 0.0027 41 277 50 299
bottle 0.0024 241 132 356 182
bottle 0.0018 215 138 364 226
bottle 0.0017 214 138 300 188
bottle 0.0017 219 155 267 184
bottle 0.0011 132 112 385 193
bottle 0.0011 398 326 419 347
chair 0.0061 8 126 424 377
chair 0.0059 354 193 510 382
chair 0.0037 481 244 499 382
chair 0.0021 191 217 223 245
chair 0.0012 364 287 501 373
sofa 0.0071 354 193 510 382
sofa 0.0025 481 244 499 382
sofa 0.0017 19 121 454 380
pottedplant 0.0033 70 24 108 75
pottedplant 0.0013 14 1 76 42
tvmonitor 0.0032 8 208 111 253
tvmonitor 0.0012 451 165 491 241
tvmonitor 0.0010 9 233 114 363
