bicycle 0.2632 231 366 361 462
bicycle 0.0795 235 408 351 465
bicycle 0.0054 229 419 290 475
bicycle 0.0030 316 374 358 448
bicycle 0.0024 259 385 360 440
bicycle 0.0022 237 187 360 472
bicycle 0.0015 236 428 283 462
bicycle 0.0013 227 428 364 503
bicycle 0.0011 317 390 356 425
motorbike 0.0162 231 366 361 462
pottedplant 0.0113 10 109 133 247
pottedplant 0.0087 0 99 225 474
pottedplant 0.0073 53 458 189 497
pottedplant 0.0060 0 79 155 352
pottedplant 0.0042 229 389 361 477
pottedplant 0.0027 227 428 364 503
