person 0.0747 -1 297 87 481
person 0.0148 1 210 61 494
person 0.0079 1 361 61 492
person 0.0066 80 26 485 475
person 0.0058 -1 239 191 481
person 0.0043 1 178 106 480
person 0.0019 0 317 19 461
person 0.0018 -29 16 303 479
person 0.0018 -1 377 119 482
person 0.0014 1 401 45 487
person 0.0010 -14 233 451 486
car 0.0551 -15 7 489 429
motorbike 0.0019 -2 141 443 501
boat 0.0241 -15 7 489 429
cat 0.0012 236 240 409 466
dog 0.9862 -10 11 461 487
horse 0.0015 -14 10 464 422
sheep 0.0021 -25 13 394 485
cow 0.0272 -4 33 450 508
chair 0.0024 -14 10 464 422
sofa 0.0437 -14 10 464 422
