person 0.0808 0 13 448 268
person 0.0073 -24 -24 291 369
person 0.0046 31 119 514 325
person 0.0025 -6 11 183 338
person 0.0023 297 3 509 61
person 0.0020 37 4 311 185
person 0.0016 23 0 257 117
person 0.0015 3 4 127 125
person 0.0014 32 180 475 270
person 0.0010 294 -4 497 351
cat 0.0017 42 11 508 276
dog 0.9437 38 17 471 268
dog 0.0139 60 11 357 184
dog 0.0072 74 0 341 101
dog 0.0055 31 128 490 317
sheep 0.0019 38 17 471 268
bottle 0.0032 32 180 475 270
bottle 0.0015 276 237 504 300
chair 0.2826 74 0 341 101
chair 0.1631 35 -1 468 228
chair 0.0586 1 3 127 348
chair 0.0310 44 8 311 65
chair 0.0098 287 3 503 205
chair 0.0096 297 3 509 61
chair 0.0072 37 4 311 185
chair 0.0062 -31 -11 383 351
chair 0.0042 31 128 490 317
chair 0.0040 402 -1 499 43
chair 0.0022 3 4 127 125
chair 0.0016 166 1 487 104
chair 0.0010 173 2 391 76
sofa 0.0508 42 11 508 276
sofa 0.0040 31 128 490 317
sofa 0.0032 74 0 341 101
sofa 0.0025 287 3 503 205
sofa 0.0022 -31 -11 383 351
sofa 0.0015 297 3 509 61
diningtable 0.0067 31 24 516 326
diningtable 0.0019 1 3 127 348
diningtable 0.0017 31 182 489 321
diningtable 0.0015 74 0 341 101
diningtable 0.0013 289 0 502 282
