person 0.0324 162 216 173 229
person 0.0315 14 224 21 234
person 0.0263 16 224 22 235
person 0.0139 496 222 500 239
person 0.0079 163 221 172 231
person 0.0078 146 224 165 256
person 0.0060 497 223 500 254
person 0.0054 210 224 222 232
person 0.0052 155 222 163 234
person 0.0043 199 224 211 232
person 0.0040 307 224 319 233
person 0.0032 218 224 232 231
person 0.0032 178 212 242 262
person 0.0031 218 217 233 226
person 0.0030 199 217 211 224
person 0.0019 315 224 328 233
person 0.0017 86 215 102 227
person 0.0016 269 217 281 224
person 0.0015 171 218 177 228
person 0.0015 154 217 164 227
person 0.0014 207 217 224 225
person 0.0014 217 196 272 239
person 0.0012 322 224 338 232
person 0.0011 353 216 369 228
person 0.0011 484 226 499 276
person 0.0010 288 221 357 258
person 0.0010 139 218 158 229
car 0.9906 289 218 359 261
car 0.9902 188 212 246 263
car 0.9847 257 220 289 243
car 0.9437 333 215 369 245
car 0.8920 280 221 304 246
car 0.7854 476 226 501 278
car 0.7456 139 218 158 229
car 0.7050 60 216 105 231
car 0.2883 162 216 173 229
car 0.2841 362 215 376 230
car 0.1935 283 217 318 248
car 0.1645 208 207 225 215
car 0.1520 90 216 104 228
car 0.1126 44 318 461 379
car 0.1096 218 207 231 215
car 0.0935 273 218 294 226
car 0.0608 496 222 500 239
car 0.0582 285 221 298 239
car 0.0512 200 210 216 216
car 0.0451 61 218 88 228
car 0.0419 341 212 376 231
car 0.0375 43 216 65 231
car 0.0367 256 220 270 238
car 0.0330 353 216 369 228
car 0.0324 240 203 265 235
car 0.0323 137 218 145 226
car 0.0250 226 194 267 241
car 0.0236 303 218 360 243
car 0.0224 279 222 292 239
car 0.0224 45 221 60 231
car 0.0219 494 212 500 233
car 0.0160 283 218 299 228
car 0.0158 269 217 281 224
car 0.0148 318 215 366 231
car 0.0140 283 226 298 248
car 0.0140 154 217 164 227
car 0.0113 193 218 242 242
car 0.0107 250 221 263 235
car 0.0104 489 211 499 271
car 0.0095 497 223 500 254
car 0.0093 44 214 82 230
car 0.0092 163 221 172 231
car 0.0090 264 223 282 236
car 0.0088 296 218 311 229
car 0.0078 260 217 270 227
car 0.0077 55 219 93 234
car 0.0077 218 217 233 226
car 0.0074 0 223 9 234
car 0.0068 355 221 366 239
car 0.0068 302 217 320 228
car 0.0063 282 228 291 247
car 0.0060 14 224 21 234
car 0.0060 340 217 361 225
car 0.0060 124 218 136 226
car 0.0059 333 216 350 224
car 0.0055 365 220 375 233
car 0.0052 196 213 237 230
car 0.0047 137 209 161 231
car 0.0046 198 210 202 217
car 0.0045 199 217 211 224
car 0.0045 46 203 448 252
car 0.0043 14 219 486 378
car 0.0041 324 216 337 222
car 0.0040 229 204 238 217
car 0.0040 294 221 308 235
car 0.0038 207 217 224 225
car 0.0036 267 216 298 230
car 0.0034 49 215 71 227
car 0.0033 229 318 490 375
car 0.0032 197 205 233 219
car 0.0029 313 219 330 226
car 0.0029 490 200 500 244
car 0.0027 319 215 362 257
car 0.0026 358 228 366 246
car 0.0025 349 218 367 255
car 0.0022 16 224 22 235
car 0.0021 242 214 317 251
car 0.0020 195 215 202 224
car 0.0020 182 200 263 244
car 0.0020 116 211 123 216
car 0.0019 155 222 163 234
car 0.0018 270 211 277 217
car 0.0017 156 209 176 231
car 0.0015 462 221 496 276
car 0.0015 292 217 330 231
car 0.0014 334 210 363 215
car 0.0014 240 223 252 237
car 0.0014 102 217 117 225
car 0.0013 329 211 356 217
car 0.0013 330 207 371 218
car 0.0012 11 95 496 132
car 0.0010 171 218 177 228
motorbike 0.0048 163 221 172 231
motorbike 0.0047 162 216 173 229
motorbike 0.0029 474 210 500 273
motorbike 0.0024 496 222 500 239
motorbike 0.0012 484 226 499 276
motorbike 0.0010 179 320 475 378
bus 0.0506 229 200 265 235
bus 0.0042 208 207 225 215
bus 0.0031 218 207 231 215
bus 0.0022 229 204 238 217
bus 0.0020 474 210 500 273
bus 0.0016 139 218 158 229
bus 0.0013 60 216 105 231
bus 0.0012 139 202 160 227
bus 0.0011 195 208 241 264
train 0.0270 11 95 496 132
train 0.0023 123 103 392 126
train 0.0012 226 194 267 241
