person 0.9649 378 2 496 374
person 0.9521 104 1 317 122
person 0.6479 321 13 420 374
person 0.0254 26 43 465 350
person 0.0198 347 2 410 116
person 0.0173 338 49 405 309
person 0.0075 40 13 312 195
person 0.0032 334 -11 462 244
person 0.0031 24 4 252 74
person 0.0017 305 2 426 85
person 0.0014 122 67 377 322
person 0.0012 350 -1 430 166
person 0.0011 373 1 408 21
person 0.0010 305 3 369 74
car 0.0179 15 65 344 325
car 0.0036 6 -4 121 87
motorbike 0.9868 16 60 385 366
motorbike 0.0051 20 70 330 227
motorbike 0.0047 35 167 321 361
motorbike 0.0032 6 -4 121 87
motorbike 0.0020 66 3 301 119
motorbike 0.0014 24 4 252 74
motorbike 0.0012 9 8 176 127
motorbike 0.0011 120 222 384 367
aeroplane 0.0012 26 43 465 350
