person 0.5494 39 -8 463 363
person 0.4391 160 156 422 390
person 0.0316 34 8 323 196
person 0.0102 118 90 387 324
person 0.0030 226 17 501 418
person 0.0010 477 330 498 412
dog 0.0014 133 30 510 399
dog 0.0010 150 146 423 359
chair 0.0090 -17 5 362 405
chair 0.0033 133 30 510 399
chair 0.0023 123 -5 379 53
sofa 0.1574 -17 5 362 405
sofa 0.0848 133 30 510 399
sofa 0.0242 296 57 499 407
sofa 0.0057 123 -5 379 53
sofa 0.0045 39 7 464 252
sofa 0.0017 4 1 159 127
sofa 0.0015 -1 11 190 342
tvmonitor 0.0013 232 5 310 76
