person 0.7762 102 186 248 319
person 0.0894 220 66 240 99
person 0.0247 305 126 327 168
person 0.0188 101 193 284 388
person 0.0126 312 26 320 44
person 0.0122 58 312 71 329
person 0.0101 54 307 74 332
person 0.0095 238 57 259 89
person 0.0072 172 113 190 143
person 0.0070 18 315 38 348
person 0.0065 223 70 237 89
person 0.0062 227 65 250 99
person 0.0059 299 26 311 45
person 0.0054 311 32 319 47
person 0.0048 296 22 314 49
person 0.0042 50 312 64 331
person 0.0040 187 127 303 217
person 0.0039 71 296 94 323
person 0.0032 57 306 72 322
person 0.0031 279 163 297 176
person 0.0026 29 327 48 341
person 0.0026 299 34 312 50
person 0.0025 214 59 254 110
person 0.0025 145 134 165 166
person 0.0024 69 305 83 320
person 0.0024 9 314 30 349
person 0.0024 22 331 35 348
person 0.0023 224 66 238 83
person 0.0021 288 161 304 173
person 0.0021 289 132 325 193
person 0.0021 306 18 323 48
person 0.0020 153 146 165 166
person 0.0019 238 56 276 85
person 0.0017 68 313 79 326
person 0.0014 28 308 48 337
person 0.0014 230 65 265 96
person 0.0014 36 326 54 339
person 0.0013 293 34 304 51
person 0.0013 23 324 36 342
person 0.0013 199 61 238 113
person 0.0013 32 312 44 329
person 0.0013 27 320 49 344
person 0.0012 176 116 188 129
person 0.0012 266 41 288 67
person 0.0012 8 300 39 369
person 0.0012 227 54 269 106
person 0.0011 290 24 307 56
person 0.0011 211 72 234 111
person 0.0011 209 89 233 117
person 0.0011 75 301 92 318
person 0.0010 240 61 256 81
person 0.0010 275 156 318 181
person 0.0010 23 313 36 330
person 0.0010 276 162 321 192
person 0.0010 68 288 89 319
person 0.0010 9 341 24 380
bicycle 0.0058 107 245 248 390
bicycle 0.0016 12 325 71 375
bicycle 0.0015 138 273 223 391
car 0.3608 191 139 276 194
car 0.0608 187 127 303 217
car 0.0522 305 126 327 168
car 0.0375 276 162 321 192
car 0.0373 269 154 325 205
car 0.0369 275 156 318 181
car 0.0337 71 292 94 318
car 0.0280 261 40 292 67
car 0.0221 11 293 29 308
car 0.0187 205 95 235 119
car 0.0133 183 114 220 147
car 0.0122 289 132 325 193
car 0.0120 9 291 29 302
car 0.0117 29 327 48 341
car 0.0114 220 137 318 195
car 0.0112 30 279 65 306
car 0.0110 223 76 255 103
car 0.0094 22 321 55 344
car 0.0086 58 265 98 326
car 0.0079 59 297 94 324
car 0.0078 58 270 80 298
car 0.0078 36 326 54 339
car 0.0077 183 110 219 130
car 0.0069 188 127 277 172
car 0.0065 100 180 287 344
car 0.0059 259 46 281 78
car 0.0056 69 305 83 320
car 0.0053 206 59 265 110
car 0.0051 299 34 312 50
car 0.0049 71 296 86 310
car 0.0048 40 307 73 333
car 0.0047 13 311 72 366
car 0.0047 222 42 284 95
car 0.0047 71 284 83 298
car 0.0047 28 326 62 352
car 0.0046 228 91 245 104
car 0.0045 11 290 69 344
car 0.0042 294 26 314 54
car 0.0041 238 56 276 85
car 0.0040 60 275 77 292
car 0.0040 268 126 324 173
car 0.0039 182 81 245 132
car 0.0035 9 314 30 349
car 0.0034 10 316 46 346
car 0.0034 65 278 82 295
car 0.0034 199 150 243 183
car 0.0034 307 148 324 167
car 0.0034 223 91 239 106
car 0.0033 22 331 35 348
car 0.0031 211 88 244 114
car 0.0029 15 296 34 310
car 0.0026 293 34 304 51
car 0.0026 193 84 230 118
car 0.0025 181 101 246 147
car 0.0025 299 26 311 45
car 0.0025 11 293 43 316
car 0.0024 8 289 40 347
car 0.0023 67 278 87 307
car 0.0023 47 301 83 325
car 0.0023 230 85 249 101
car 0.0023 269 44 285 62
car 0.0022 297 43 311 55
car 0.0021 11 334 24 349
car 0.0021 59 266 77 280
car 0.0020 190 143 231 175
car 0.0020 197 136 264 158
car 0.0019 57 306 72 322
car 0.0018 61 286 99 341
car 0.0017 287 144 325 173
car 0.0017 238 82 256 99
car 0.0016 200 144 259 174
car 0.0016 12 304 25 318
car 0.0015 30 291 94 344
car 0.0015 47 277 87 304
car 0.0015 183 100 220 123
car 0.0015 10 294 30 328
car 0.0014 258 60 277 79
car 0.0014 289 22 321 49
car 0.0013 219 71 241 106
car 0.0013 36 308 59 335
car 0.0013 49 306 65 319
car 0.0012 290 24 307 56
car 0.0012 43 268 83 328
car 0.0012 87 295 102 308
car 0.0012 214 148 258 210
car 0.0012 215 67 246 98
car 0.0011 221 59 258 89
car 0.0011 68 313 79 326
car 0.0011 33 307 45 320
car 0.0011 18 325 38 352
car 0.0011 34 330 55 345
car 0.0010 23 324 36 342
car 0.0010 50 312 64 331
car 0.0010 262 44 279 61
car 0.0010 72 280 94 309
car 0.0010 50 258 111 311
car 0.0010 312 26 320 44
car 0.0010 19 304 36 318
car 0.0010 187 112 213 125
car 0.0010 210 95 231 111
motorbike 0.9739 101 193 284 388
motorbike 0.0215 144 240 244 393
dog 0.0015 105 187 277 322
chair 0.0014 98 39 217 154
