person 0.5120 251 258 278 279
person 0.1093 215 258 233 275
person 0.1039 263 260 279 277
person 0.0740 211 255 242 279
person 0.0153 227 260 243 276
person 0.0086 258 256 273 270
person 0.0061 236 261 250 275
person 0.0051 210 260 226 275
person 0.0045 247 262 263 275
person 0.0032 264 256 278 270
person 0.0023 254 253 277 273
person 0.0021 233 256 253 279
person 0.0021 224 257 263 279
person 0.0016 216 249 252 275
person 0.0013 158 271 172 283
person 0.0013 208 250 230 275
person 0.0012 228 254 242 271
person 0.0011 245 259 267 279
person 0.0010 200 263 216 276
car 0.8324 114 245 337 367
car 0.0078 431 244 442 255
car 0.0077 57 257 69 265
car 0.0030 52 263 68 272
car 0.0013 0 264 6 275
car 0.0011 69 265 78 272
car 0.0011 73 262 86 271
car 0.0011 154 233 326 317
car 0.0010 26 264 39 273
sheep 0.0018 71 231 201 300
sheep 0.0010 98 182 341 370
pottedplant 0.0269 71 231 201 300
pottedplant 0.0102 294 224 434 297
pottedplant 0.0010 -1 220 13 262
