person 0.0782 327 163 338 173
person 0.0128 333 163 344 172
person 0.0127 337 147 347 155
person 0.0093 325 161 338 168
person 0.0066 317 167 327 177
person 0.0046 333 159 346 167
person 0.0036 272 157 386 200
person 0.0010 295 144 307 154
bicycle 0.0010 337 147 347 155
car 0.9950 243 157 389 202
car 0.0751 307 144 334 153
car 0.0607 306 143 321 153
car 0.0530 295 144 307 154
car 0.0447 287 142 304 155
car 0.0347 267 137 305 155
car 0.0091 337 147 347 155
car 0.0033 138 140 156 147
car 0.0030 307 143 355 155
car 0.0030 89 138 107 145
car 0.0030 228 148 241 153
car 0.0027 324 149 339 155
car 0.0024 314 157 366 169
car 0.0021 131 141 151 147
car 0.0020 277 143 292 155
car 0.0016 314 159 368 178
car 0.0014 220 148 234 153
car 0.0014 268 145 278 154
car 0.0012 363 148 374 154
car 0.0012 261 151 269 156
car 0.0011 237 148 251 154
motorbike 0.0027 337 147 347 155
motorbike 0.0022 272 157 386 200
aeroplane 0.0031 -1 127 98 152
bus 0.0015 3 133 101 146
bus 0.0013 307 144 334 153
cow 0.0015 242 155 390 205
