person 0.1410 233 235 237 240
person 0.0521 241 237 245 242
person 0.0261 233 231 237 237
person 0.0213 415 215 424 229
person 0.0132 227 237 231 242
person 0.0055 251 236 256 241
person 0.0054 242 230 246 236
person 0.0053 251 230 256 236
person 0.0036 415 224 423 232
person 0.0018 222 231 271 251
boat 0.9800 219 171 286 251
boat 0.0126 136 282 513 376
boat 0.0117 398 225 417 232
boat 0.0083 222 231 271 251
boat 0.0019 218 239 276 253
boat 0.0017 383 224 433 234
boat 0.0016 415 224 423 232
boat 0.0014 193 163 314 240
boat 0.0013 415 215 424 229
boat 0.0013 392 225 410 231
bird 0.0245 28 229 32 232
bird 0.0087 415 215 424 229
bird 0.0010 25 229 29 232
bird 0.0010 415 224 423 232
chair 0.0046 136 282 513 376
diningtable 0.0015 136 282 513 376
