person 0.9852 479 71 499 170
person 0.8310 417 73 435 108
person 0.6795 382 72 397 101
person 0.6252 374 74 385 94
person 0.5193 363 75 375 92
person 0.5133 391 72 406 102
person 0.5073 345 71 357 83
person 0.5054 411 74 420 95
person 0.4604 431 77 445 107
person 0.4086 403 75 412 95
person 0.3734 399 73 414 102
person 0.3695 353 73 366 89
person 0.3695 346 72 361 89
person 0.3314 365 70 376 84
person 0.3030 394 74 403 96
person 0.2995 371 71 387 98
person 0.2526 402 83 412 101
person 0.2015 410 73 426 102
person 0.1938 433 83 444 102
person 0.1368 433 78 445 93
person 0.1334 411 83 420 102
person 0.1241 49 42 500 240
person 0.1124 395 84 404 100
person 0.1096 374 70 383 82
person 0.0746 338 70 348 79
person 0.0702 384 71 392 82
person 0.0648 395 72 402 83
person 0.0648 385 83 394 99
person 0.0639 403 72 411 83
person 0.0385 428 68 444 79
person 0.0350 374 84 385 98
person 0.0346 423 70 432 80
person 0.0309 414 74 420 83
person 0.0293 493 68 500 178
person 0.0284 136 75 159 105
person 0.0267 412 71 444 102
person 0.0235 421 76 432 95
person 0.0197 439 78 446 92
person 0.0196 365 84 377 96
person 0.0170 335 67 448 101
person 0.0147 344 72 375 93
person 0.0146 439 81 446 103
person 0.0134 422 84 432 101
person 0.0127 382 72 414 100
person 0.0101 96 60 480 112
person 0.0101 490 65 500 126
person 0.0096 108 70 178 114
person 0.0087 137 73 176 109
person 0.0082 361 67 379 90
person 0.0081 362 71 397 98
person 0.0066 348 68 370 88
person 0.0063 437 76 448 110
person 0.0061 483 89 499 221
person 0.0040 497 77 499 89
person 0.0036 496 68 500 85
person 0.0036 480 89 494 154
person 0.0030 366 66 374 72
person 0.0027 361 74 460 113
person 0.0027 149 72 189 112
person 0.0024 497 84 499 104
person 0.0022 426 66 446 86
person 0.0022 19 25 478 92
person 0.0020 496 98 500 128
person 0.0018 302 63 502 130
person 0.0018 127 65 165 108
person 0.0016 402 77 434 105
person 0.0015 440 71 446 80
person 0.0013 166 74 191 111
person 0.0012 323 55 339 71
person 0.0012 150 69 171 103
person 0.0012 431 96 442 106
person 0.0012 493 112 499 209
person 0.0012 428 65 443 73
person 0.0012 389 75 508 118
person 0.0012 496 86 499 121
person 0.0011 497 103 499 163
person 0.0011 135 76 148 95
person 0.0011 498 94 499 149
person 0.0010 482 84 495 124
person 0.0010 348 67 391 88
person 0.0010 101 73 159 102
car 0.9973 13 52 483 263
car 0.0072 428 68 444 79
car 0.0070 22 57 481 115
car 0.0034 433 78 445 93
car 0.0019 52 32 204 60
car 0.0012 58 38 192 72
car 0.0010 383 102 481 144
car 0.0010 373 81 497 162
cat 0.0016 133 71 165 104
dog 0.0024 133 71 165 104
dog 0.0014 107 63 181 111
chair 0.0051 481 84 499 180
diningtable 0.0066 14 80 481 307
tvmonitor 0.0099 323 55 339 71
tvmonitor 0.0070 399 37 438 62
tvmonitor 0.0041 324 54 339 63
tvmonitor 0.0036 352 41 367 54
tvmonitor 0.0021 428 68 444 79
