person 0.0027 224 275 242 314
bottle 0.3022 150 235 215 442
bottle 0.0323 268 231 305 354
bottle 0.0194 150 220 213 332
bottle 0.0049 26 473 65 499
bottle 0.0013 132 212 248 457
bottle 0.0013 157 327 230 450
bottle 0.0011 172 233 212 315
bottle 0.0010 213 265 269 406
diningtable 0.0158 -13 299 325 507
diningtable 0.0126 79 420 215 497
diningtable 0.0045 49 404 313 495
diningtable 0.0013 187 417 368 493
tvmonitor 0.9643 313 45 376 323
tvmonitor 0.0040 295 15 384 462
tvmonitor 0.0011 315 153 372 364
