person 0.9905 23 52 297 343
person 0.9807 281 13 499 334
person 0.1661 4 141 44 167
person 0.0031 0 144 4 166
person 0.0028 64 14 501 355
person 0.0016 0 150 3 173
person 0.0013 34 206 234 317
person 0.0010 0 135 58 177
chair 0.0510 203 241 224 274
chair 0.0039 202 230 213 252
chair 0.0039 200 222 217 258
chair 0.0029 3 158 185 370
chair 0.0029 25 287 145 329
chair 0.0023 0 312 128 357
chair 0.0022 6 83 281 347
chair 0.0020 0 162 51 308
chair 0.0017 3 195 128 327
chair 0.0016 202 200 233 272
chair 0.0015 205 233 220 251
chair 0.0014 5 260 129 355
chair 0.0013 34 206 234 317
chair 0.0013 125 209 201 335
chair 0.0011 293 81 498 371
chair 0.0011 189 202 221 272
sofa 0.0043 -2 41 418 353
pottedplant 0.0101 251 6 407 118
pottedplant 0.0037 258 4 502 322
pottedplant 0.0019 233 3 489 145
pottedplant 0.0014 1 41 65 162
diningtable 0.3480 35 306 456 371
diningtable 0.0148 13 233 481 378
