person 0.9991 120 140 273 436
person 0.9902 19 244 122 422
person 0.9869 178 333 393 487
person 0.7729 12 422 90 495
person 0.6808 328 237 412 425
person 0.5671 244 263 351 398
person 0.2180 255 261 337 342
person 0.1717 52 236 115 332
person 0.1414 22 408 152 494
person 0.0811 226 313 354 432
person 0.0649 241 248 410 428
person 0.0261 15 306 50 412
person 0.0144 171 409 413 483
person 0.0139 16 293 76 420
person 0.0076 68 417 102 486
person 0.0069 48 418 87 486
person 0.0068 65 254 136 384
person 0.0051 55 242 91 316
person 0.0041 328 81 418 474
person 0.0036 45 417 125 485
person 0.0035 295 253 370 420
person 0.0032 26 236 138 350
person 0.0027 258 262 297 337
person 0.0022 11 275 127 510
person 0.0021 191 188 223 206
person 0.0021 24 403 117 456
person 0.0016 297 235 433 477
person 0.0016 59 243 80 283
person 0.0015 102 348 332 458
person 0.0013 125 276 380 457
person 0.0011 12 236 90 364
cat 0.0017 16 412 120 496
bottle 0.0023 147 435 183 496
bottle 0.0018 124 216 142 259
bottle 0.0012 187 387 209 437
bottle 0.0011 118 186 278 456
bottle 0.0010 134 427 165 486
chair 0.6166 394 328 420 421
chair 0.4764 20 246 140 417
chair 0.3757 106 309 136 410
chair 0.3430 69 297 108 323
chair 0.3342 78 298 137 415
chair 0.0924 65 267 114 332
chair 0.0769 247 312 268 337
chair 0.0717 368 324 422 426
chair 0.0563 408 359 421 420
chair 0.0395 240 335 272 365
chair 0.0368 405 324 423 375
chair 0.0305 96 370 119 404
chair 0.0239 80 278 121 348
chair 0.0198 52 395 74 409
chair 0.0168 114 310 138 353
chair 0.0156 65 254 136 384
chair 0.0134 26 367 113 415
chair 0.0127 36 401 126 460
chair 0.0115 22 408 152 494
chair 0.0103 16 293 76 420
chair 0.0092 327 280 418 428
chair 0.0090 48 343 123 408
chair 0.0082 175 438 402 493
chair 0.0058 72 286 90 301
chair 0.0057 21 300 117 444
chair 0.0054 53 235 121 355
chair 0.0050 88 297 127 378
chair 0.0048 82 285 97 300
chair 0.0047 247 316 277 343
chair 0.0039 246 321 264 337
chair 0.0037 72 279 109 305
chair 0.0035 245 336 268 346
chair 0.0034 243 323 268 358
chair 0.0034 90 285 113 320
chair 0.0029 97 414 129 489
chair 0.0026 400 388 420 425
chair 0.0024 177 454 386 483
chair 0.0024 256 283 339 341
chair 0.0022 65 288 81 300
chair 0.0020 16 329 49 414
chair 0.0020 66 291 110 377
chair 0.0020 77 272 100 298
chair 0.0019 118 186 278 456
chair 0.0018 86 359 123 416
chair 0.0018 243 301 390 423
chair 0.0017 324 342 359 403
chair 0.0016 243 290 275 346
chair 0.0016 67 371 115 405
chair 0.0015 397 362 420 456
chair 0.0015 23 273 110 326
chair 0.0015 49 374 97 405
chair 0.0014 237 306 273 362
chair 0.0014 36 392 74 409
chair 0.0013 114 369 127 406
chair 0.0013 95 371 107 389
chair 0.0013 244 331 278 352
chair 0.0013 59 243 79 270
chair 0.0012 62 246 76 263
chair 0.0012 79 303 102 317
chair 0.0011 78 288 103 319
chair 0.0011 333 348 353 388
chair 0.0011 123 322 137 378
chair 0.0010 394 306 422 375
chair 0.0010 389 405 407 414
chair 0.0010 266 312 276 336
sofa 0.0113 14 293 126 422
sofa 0.0081 22 408 152 494
pottedplant 0.9245 315 72 423 347
pottedplant 0.0087 329 195 412 407
pottedplant 0.0024 16 412 120 496
pottedplant 0.0016 254 57 412 302
pottedplant 0.0010 341 83 440 474
diningtable 0.1273 27 418 474 482
diningtable 0.0690 372 410 407 485
diningtable 0.0365 164 347 414 505
diningtable 0.0284 92 449 195 494
diningtable 0.0256 51 412 211 496
diningtable 0.0239 192 405 436 483
diningtable 0.0158 175 438 402 493
diningtable 0.0107 376 435 416 496
diningtable 0.0093 14 293 126 422
diningtable 0.0079 106 309 136 410
diningtable 0.0079 118 186 278 456
diningtable 0.0062 361 397 423 503
diningtable 0.0035 106 426 180 485
diningtable 0.0035 114 310 138 353
diningtable 0.0034 405 324 423 375
diningtable 0.0022 60 316 379 482
diningtable 0.0021 70 472 214 498
diningtable 0.0021 104 431 137 495
diningtable 0.0021 132 435 163 497
diningtable 0.0019 380 441 442 494
diningtable 0.0019 20 427 164 504
diningtable 0.0015 390 416 424 494
diningtable 0.0013 15 306 50 412
diningtable 0.0013 39 439 299 498
diningtable 0.0013 360 435 395 495
diningtable 0.0011 139 428 218 479
diningtable 0.0011 78 298 137 415
diningtable 0.0010 146 443 209 495
