boat 0.0058 391 232 501 318
boat 0.0014 36 62 249 317
dog 0.0036 32 3 266 314
horse 0.0086 36 62 249 317
horse 0.0083 344 128 438 314
sheep 0.0110 341 109 439 303
sheep 0.0028 1 235 70 286
sheep 0.0025 6 -10 286 327
cow 0.9932 325 107 437 307
cow 0.9919 40 1 274 316
cow 0.0254 1 235 70 286
cow 0.0016 454 173 498 238
cow 0.0015 367 123 447 289
cow 0.0014 490 184 499 243
cow 0.0013 458 199 496 226
cow 0.0012 0 170 71 287
cow 0.0011 496 179 499 211
cow 0.0010 391 232 501 318
cow 0.0010 423 201 467 223
