person 0.0149 12 -2 435 265
person 0.0024 415 279 499 333
person 0.0014 76 72 475 314
car 0.0170 25 75 457 314
motorbike 0.0084 76 72 475 314
cat 0.0826 76 72 475 314
cat 0.0012 12 -2 435 265
dog 0.8259 19 34 466 308
dog 0.0058 180 70 464 272
dog 0.0017 -8 81 349 263
bottle 0.1191 471 15 499 100
bottle 0.0041 485 32 499 96
chair 0.0658 20 -7 464 278
chair 0.0059 415 279 499 333
chair 0.0028 12 130 459 332
chair 0.0012 438 166 499 335
sofa 0.9081 20 -7 464 278
sofa 0.1165 12 130 459 332
sofa 0.0086 3 6 477 90
sofa 0.0034 11 113 269 286
diningtable 0.0085 444 124 500 307
diningtable 0.0043 12 130 459 332
diningtable 0.0011 483 128 499 301
diningtable 0.0010 469 92 499 336
