person 0.9987 246 112 297 225
person 0.0025 496 194 499 207
person 0.0013 494 204 499 213
person 0.0010 497 180 499 201
boat 0.1919 2 77 106 93
boat 0.0700 356 83 496 106
boat 0.0069 -4 84 112 95
boat 0.0050 347 87 491 99
boat 0.0046 347 93 358 97
boat 0.0045 94 89 105 92
boat 0.0040 229 79 247 85
boat 0.0038 236 80 249 86
boat 0.0021 350 91 367 98
boat 0.0017 7 38 92 89
boat 0.0016 96 84 105 91
boat 0.0016 1 71 6 79
boat 0.0015 -5 71 112 84
boat 0.0011 14 60 33 67
boat 0.0010 2 56 42 73
dog 0.0031 227 207 262 235
dog 0.0027 228 195 292 234
dog 0.0011 235 195 260 223
dog 0.0010 251 214 263 227
