person 0.9993 193 20 263 205
person 0.9982 75 91 200 351
person 0.9972 154 192 346 487
person 0.9828 329 30 374 257
person 0.9508 20 11 52 116
person 0.0249 85 173 192 424
person 0.0212 337 42 369 132
person 0.0042 336 121 373 246
person 0.0035 178 334 323 496
person 0.0028 19 57 35 105
person 0.0024 338 62 369 186
person 0.0021 181 215 328 359
person 0.0014 357 112 374 164
person 0.0012 14 51 45 115
bicycle 0.9405 168 337 310 496
bicycle 0.9331 101 223 172 402
bicycle 0.3072 85 173 192 424
bicycle 0.0345 210 361 292 497
bicycle 0.0021 145 354 180 430
bicycle 0.0017 157 208 326 496
bicycle 0.0015 124 242 185 425
bicycle 0.0010 14 51 45 115
motorbike 0.1173 96 208 175 398
motorbike 0.0227 170 329 331 493
motorbike 0.0121 188 355 283 501
motorbike 0.0046 71 158 184 435
