person 0.0069 -1 167 32 264
person 0.0012 -56 46 301 538
bottle 0.8548 157 70 190 139
bottle 0.0599 172 140 196 181
bottle 0.0064 145 80 163 121
bottle 0.0054 149 71 177 139
bottle 0.0052 148 68 206 183
bottle 0.0045 161 106 196 179
bottle 0.0041 248 130 275 191
bottle 0.0029 239 172 262 204
bottle 0.0012 168 142 211 176
bottle 0.0010 -5 70 335 453
chair 0.9982 335 115 379 213
chair 0.9760 29 110 67 188
chair 0.9749 185 70 270 124
chair 0.8095 -1 167 32 264
chair 0.0232 145 75 164 113
chair 0.0214 66 485 289 501
chair 0.0194 147 71 248 131
chair 0.0133 150 74 193 110
chair 0.0120 0 169 35 205
chair 0.0099 142 79 210 128
chair 0.0083 217 75 256 128
chair 0.0053 2 153 36 223
chair 0.0043 16 105 72 213
chair 0.0039 96 104 133 136
chair 0.0024 143 66 178 116
chair 0.0017 127 111 258 145
chair 0.0016 193 78 248 118
chair 0.0016 0 184 20 248
chair 0.0015 296 101 378 228
chair 0.0013 5 175 32 219
chair 0.0011 29 162 49 194
chair 0.0011 82 86 160 127
chair 0.0011 2 109 47 257
chair 0.0010 66 102 138 146
chair 0.0010 26 100 95 193
chair 0.0010 82 274 136 392
sofa 0.0035 -1 167 32 264
sofa 0.0010 185 70 270 124
pottedplant 0.0268 156 136 212 159
pottedplant 0.0027 165 140 202 177
pottedplant 0.0018 148 127 234 165
pottedplant 0.0013 209 0 249 24
pottedplant 0.0013 151 135 216 181
diningtable 0.9998 -3 73 390 522
diningtable 0.0096 58 119 313 394
diningtable 0.0019 82 274 136 392
