person 0.9990 159 176 432 493
person 0.9702 160 206 277 471
person 0.0035 359 450 462 499
person 0.0030 366 469 491 498
person 0.0029 390 0 458 4
person 0.0016 340 0 452 5
person 0.0015 422 473 487 499
dog 0.0011 366 469 491 498
bottle 0.0049 382 0 411 2
bottle 0.0032 395 0 437 2
bottle 0.0025 422 0 449 3
bottle 0.0024 434 351 459 392
bottle 0.0023 364 0 407 1
bottle 0.0012 340 0 452 5
bottle 0.0010 390 0 458 4
chair 0.0145 195 228 433 483
chair 0.0121 359 450 462 499
chair 0.0111 377 326 446 497
chair 0.0056 406 339 443 400
chair 0.0034 375 392 487 494
chair 0.0034 400 325 462 471
chair 0.0032 366 469 491 498
chair 0.0032 414 340 478 490
chair 0.0025 436 473 488 499
chair 0.0016 406 454 488 499
chair 0.0015 414 471 475 499
chair 0.0013 411 342 442 446
sofa 0.0154 140 197 445 504
sofa 0.0072 359 450 462 499
sofa 0.0042 366 469 491 498
sofa 0.0024 375 392 487 494
pottedplant 0.0073 366 469 491 498
pottedplant 0.0019 359 450 462 499
pottedplant 0.0011 406 454 488 499
pottedplant 0.0010 375 392 487 494
