person 0.0108 130 15 475 342
car 0.0185 486 193 498 205
car 0.0050 130 15 475 342
car 0.0025 476 173 497 206
car 0.0024 492 152 499 171
car 0.0020 486 170 499 209
car 0.0014 494 175 498 206
car 0.0012 493 158 498 179
cat 0.0698 173 40 527 345
dog 0.9921 141 42 509 339
chair 0.0143 166 18 540 337
sofa 0.0096 130 15 475 342
pottedplant 0.0032 486 193 498 205
pottedplant 0.0021 473 135 499 215
pottedplant 0.0015 476 173 497 206
pottedplant 0.0013 475 167 499 259
pottedplant 0.0010 486 170 499 209
diningtable 0.0072 130 15 475 342
