bird 0.0139 180 279 235 378
bird 0.0019 159 260 182 283
bird 0.0014 165 261 183 272
bird 0.0011 103 253 114 265
dog 0.0070 183 275 242 369
dog 0.0057 0 253 83 344
horse 0.1411 180 279 235 378
horse 0.0079 3 264 79 329
horse 0.0025 230 270 292 323
horse 0.0013 18 254 47 274
sheep 0.9790 230 270 292 323
sheep 0.9253 216 258 229 266
sheep 0.9251 299 262 311 272
sheep 0.9214 181 277 236 371
sheep 0.9057 104 254 116 266
sheep 0.8952 203 257 214 266
sheep 0.8646 132 261 165 286
sheep 0.7880 3 264 79 329
sheep 0.7408 324 262 339 273
sheep 0.7329 264 264 289 277
sheep 0.6967 315 262 326 272
sheep 0.6670 334 263 348 272
sheep 0.6567 359 263 369 273
sheep 0.6056 54 257 78 268
sheep 0.6047 18 254 47 274
sheep 0.5688 308 262 318 272
sheep 0.5425 211 257 225 267
sheep 0.5209 139 253 159 263
sheep 0.5050 252 260 265 274
sheep 0.4374 134 253 147 263
sheep 0.4093 159 260 182 283
sheep 0.3631 253 263 269 277
sheep 0.2894 3 255 24 269
sheep 0.2395 146 256 166 267
sheep 0.1835 159 260 180 272
sheep 0.1119 133 255 164 275
sheep 0.0629 145 255 164 262
sheep 0.0416 3 253 27 264
sheep 0.0387 36 241 393 278
sheep 0.0356 205 254 213 263
sheep 0.0351 132 263 147 285
sheep 0.0242 132 251 164 264
sheep 0.0208 0 258 9 271
sheep 0.0174 140 264 159 282
sheep 0.0170 250 259 267 281
sheep 0.0160 149 264 166 282
sheep 0.0149 318 263 328 275
sheep 0.0134 250 258 282 277
sheep 0.0115 313 261 350 274
sheep 0.0111 141 248 340 271
sheep 0.0109 342 263 351 270
sheep 0.0100 131 253 149 278
sheep 0.0097 43 251 244 273
sheep 0.0084 263 259 298 276
sheep 0.0072 37 247 388 309
sheep 0.0060 203 251 394 274
sheep 0.0060 209 263 312 298
sheep 0.0058 25 254 44 262
sheep 0.0050 27 257 78 274
sheep 0.0047 201 255 232 269
sheep 0.0042 16 257 31 270
sheep 0.0035 125 257 138 267
sheep 0.0027 111 256 122 267
sheep 0.0026 216 259 376 287
sheep 0.0025 377 254 384 260
sheep 0.0024 32 257 48 269
sheep 0.0023 107 258 212 288
sheep 0.0023 59 255 78 262
sheep 0.0022 99 254 110 262
sheep 0.0021 329 254 336 260
sheep 0.0021 -24 250 161 272
sheep 0.0019 1 261 4 281
sheep 0.0018 28 263 78 280
sheep 0.0016 -2 257 70 300
sheep 0.0015 12 254 30 262
sheep 0.0015 3 250 43 266
sheep 0.0014 131 258 268 289
sheep 0.0014 375 258 384 264
sheep 0.0013 209 254 220 262
sheep 0.0011 336 255 343 260
sheep 0.0011 219 256 230 262
sheep 0.0011 0 261 5 362
sheep 0.0010 256 271 290 293
sheep 0.0010 299 251 527 273
sheep 0.0010 495 259 499 266
cow 0.5782 3 264 79 329
cow 0.2742 18 254 47 274
cow 0.2121 57 257 78 267
cow 0.1133 132 261 165 286
cow 0.0889 180 276 236 371
cow 0.0638 139 253 159 263
cow 0.0629 104 254 116 266
cow 0.0529 3 255 24 269
cow 0.0424 152 260 183 283
cow 0.0255 134 253 147 263
cow 0.0209 230 270 292 323
cow 0.0195 216 258 229 266
cow 0.0145 133 255 164 275
cow 0.0143 146 256 166 267
cow 0.0119 203 257 214 266
cow 0.0101 47 256 79 272
cow 0.0090 159 260 180 272
cow 0.0085 211 257 225 267
cow 0.0070 252 260 265 274
cow 0.0064 145 255 164 262
cow 0.0062 267 265 291 277
cow 0.0060 361 264 371 275
cow 0.0059 161 263 180 279
cow 0.0055 132 251 164 264
cow 0.0048 3 253 27 264
cow 0.0048 299 262 311 272
cow 0.0045 334 263 348 272
cow 0.0037 257 260 289 276
cow 0.0028 0 258 9 271
cow 0.0028 36 241 393 278
cow 0.0027 324 262 339 273
cow 0.0026 315 262 326 272
cow 0.0024 308 262 318 272
cow 0.0022 253 263 269 277
cow 0.0020 132 263 147 285
cow 0.0020 -14 250 187 271
cow 0.0017 265 262 285 273
cow 0.0015 25 254 44 262
cow 0.0011 0 261 5 362
