person 0.9983 3 286 129 495
person 0.9959 163 342 353 490
person 0.9609 0 155 99 326
person 0.9609 256 136 340 309
person 0.9484 260 263 370 485
person 0.9470 194 125 271 349
person 0.8771 150 276 232 349
person 0.1890 359 167 377 224
person 0.0365 178 112 357 317
person 0.0239 267 254 367 387
person 0.0173 91 266 222 367
person 0.0138 -4 156 102 489
person 0.0112 187 162 356 268
person 0.0062 153 282 232 422
person 0.0057 229 190 364 298
person 0.0049 221 240 387 431
person 0.0033 251 115 363 235
person 0.0033 65 264 241 469
person 0.0031 152 282 197 347
person 0.0030 174 126 211 198
person 0.0029 52 313 324 488
person 0.0022 0 183 33 257
person 0.0019 133 283 309 370
person 0.0016 81 295 113 375
person 0.0012 195 276 235 346
person 0.0012 87 300 222 421
person 0.0010 154 152 301 284
person 0.0010 67 280 109 358
cat 0.0016 148 279 224 347
dog 0.0097 150 272 235 338
dog 0.0020 174 126 211 198
dog 0.0017 255 272 373 437
bottle 0.1791 235 272 250 345
bottle 0.0106 68 257 85 286
bottle 0.0083 109 367 135 385
bottle 0.0061 154 300 173 346
bottle 0.0050 152 302 160 324
bottle 0.0048 196 323 207 338
bottle 0.0037 265 346 273 355
bottle 0.0033 152 302 163 341
bottle 0.0025 358 307 369 321
bottle 0.0019 262 354 275 368
bottle 0.0019 355 305 374 337
bottle 0.0012 161 301 177 343
chair 0.2048 155 230 209 285
chair 0.0430 178 365 339 493
chair 0.0127 150 233 214 330
chair 0.0112 354 338 374 446
chair 0.0083 266 282 384 430
chair 0.0067 162 231 271 280
chair 0.0042 0 295 21 327
chair 0.0033 357 382 376 435
chair 0.0032 250 389 370 499
chair 0.0028 93 241 212 342
chair 0.0027 70 252 133 304
chair 0.0017 148 279 224 347
chair 0.0016 -1 296 24 374
chair 0.0014 329 313 373 475
chair 0.0014 268 333 382 480
chair 0.0012 -7 157 120 326
chair 0.0012 338 372 376 454
chair 0.0011 170 214 212 277
chair 0.0011 1 302 17 320
sofa 0.0265 255 272 373 437
sofa 0.0162 178 365 339 493
sofa 0.0133 164 231 219 282
sofa 0.0059 124 276 244 370
sofa 0.0034 52 313 324 488
sofa 0.0026 238 114 356 328
sofa 0.0019 65 264 241 469
sofa 0.0018 150 233 214 330
sofa 0.0017 146 269 391 468
sofa 0.0016 150 272 235 338
sofa 0.0016 141 285 380 374
sofa 0.0015 235 238 371 335
sofa 0.0014 243 340 376 479
sofa 0.0014 93 241 212 342
sofa 0.0012 164 102 363 222
sofa 0.0012 354 338 374 446
sofa 0.0011 143 231 388 324
pottedplant 0.0101 -2 185 25 258
pottedplant 0.0039 -1 206 21 244
pottedplant 0.0016 236 328 277 386
pottedplant 0.0012 -1 184 20 212
pottedplant 0.0010 -2 186 6 205
diningtable 0.0126 159 366 314 491
diningtable 0.0025 52 313 324 488
diningtable 0.0011 165 214 371 288
tvmonitor 0.0149 164 102 363 222
tvmonitor 0.0030 178 112 357 317
tvmonitor 0.0012 172 113 285 214
