person 0.9997 -10 33 279 445
person 0.9967 249 102 361 406
person 0.0031 125 10 253 329
person 0.0022 259 101 354 270
bottle 0.9956 128 300 173 445
bottle 0.0341 216 336 259 367
bottle 0.0092 201 343 263 448
bottle 0.0041 217 336 262 411
bottle 0.0033 229 335 248 365
bottle 0.0019 128 295 161 387
bottle 0.0015 130 0 157 4
bottle 0.0014 233 340 246 358
bottle 0.0011 216 334 278 377
chair 0.4084 5 405 127 495
chair 0.0446 350 373 375 425
chair 0.0427 21 441 108 499
chair 0.0158 349 375 374 401
chair 0.0060 297 370 376 425
chair 0.0050 8 358 134 477
chair 0.0041 4 345 34 448
chair 0.0035 43 442 87 498
chair 0.0033 13 437 205 498
chair 0.0032 297 389 328 453
chair 0.0023 -7 439 63 497
chair 0.0019 28 407 133 461
chair 0.0014 20 364 104 429
chair 0.0013 198 366 261 430
chair 0.0012 -16 51 263 503
chair 0.0011 43 446 152 498
chair 0.0011 250 337 286 418
chair 0.0011 337 389 372 425
chair 0.0011 41 413 268 496
diningtable 0.5513 63 400 369 501
diningtable 0.0658 40 317 352 501
diningtable 0.0121 223 408 377 496
tvmonitor 0.0223 319 131 374 184
tvmonitor 0.0015 318 127 372 242
