person 0.3504 214 207 220 215
person 0.3154 327 205 334 218
person 0.2721 183 233 188 241
person 0.2637 281 208 287 218
person 0.2297 307 205 315 218
person 0.2119 406 222 414 234
person 0.2035 177 234 181 241
person 0.1819 221 207 227 214
person 0.1219 338 205 345 218
person 0.1171 299 206 307 219
person 0.0689 377 237 383 246
person 0.0668 388 223 393 232
person 0.0600 368 225 376 236
person 0.0566 281 213 285 221
person 0.0539 320 206 327 219
person 0.0524 407 221 413 229
person 0.0462 167 237 172 243
person 0.0389 33 192 397 255
person 0.0361 183 230 188 238
person 0.0360 395 224 401 231
person 0.0340 289 206 296 219
person 0.0329 263 215 267 222
person 0.0304 272 210 279 218
person 0.0297 354 203 362 221
person 0.0276 177 231 182 238
person 0.0266 273 214 277 221
person 0.0237 196 201 364 234
person 0.0229 301 212 306 221
person 0.0223 410 222 419 234
person 0.0203 241 207 248 217
person 0.0176 345 204 351 217
person 0.0175 194 236 199 243
person 0.0171 328 212 333 222
person 0.0168 206 208 211 214
person 0.0158 215 235 220 242
person 0.0145 165 242 171 253
person 0.0145 264 228 269 238
person 0.0133 374 227 380 237
person 0.0118 338 201 345 209
person 0.0117 241 233 247 241
person 0.0115 345 225 352 238
person 0.0110 261 210 267 219
person 0.0109 138 248 143 257
person 0.0108 174 242 180 254
person 0.0108 327 201 335 209
person 0.0102 356 212 362 225
person 0.0087 196 228 200 235
person 0.0077 389 221 394 229
person 0.0068 289 243 294 252
person 0.0064 203 234 209 247
person 0.0064 308 212 313 221
person 0.0060 395 220 402 229
person 0.0057 290 213 294 221
person 0.0056 339 213 343 221
person 0.0056 328 225 333 236
person 0.0054 411 220 418 228
person 0.0053 241 229 247 238
person 0.0050 221 235 226 242
person 0.0048 358 225 364 238
person 0.0047 280 227 287 239
person 0.0045 202 244 207 255
person 0.0041 346 201 352 209
person 0.0037 321 213 326 222
person 0.0036 263 232 269 241
person 0.0034 186 210 369 250
person 0.0034 384 236 393 245
person 0.0033 194 242 201 255
person 0.0032 393 236 405 245
person 0.0029 306 199 316 210
person 0.0028 231 207 236 216
person 0.0025 421 236 429 245
person 0.0025 356 214 433 251
person 0.0025 403 233 411 243
person 0.0025 356 200 363 209
person 0.0024 408 218 429 246
person 0.0023 251 208 257 219
person 0.0022 400 218 418 244
person 0.0022 414 236 426 245
person 0.0021 376 219 421 245
person 0.0021 139 252 143 259
person 0.0020 145 213 258 257
person 0.0020 302 199 320 223
person 0.0017 367 235 375 245
person 0.0017 280 232 285 240
person 0.0016 322 199 340 223
person 0.0015 340 227 347 238
person 0.0013 197 207 201 213
person 0.0013 348 214 353 223
person 0.0013 202 228 207 236
person 0.0011 157 203 284 238
person 0.0011 234 236 239 243
person 0.0011 319 200 326 208
person 0.0011 375 242 383 249
person 0.0010 242 213 248 222
person 0.0010 354 203 365 238
person 0.0010 254 214 258 222
bus 0.0045 136 192 438 256
boat 0.9380 136 192 438 256
boat 0.0077 373 227 423 248
boat 0.0034 356 214 433 251
boat 0.0031 134 233 168 261
boat 0.0013 186 210 369 250
boat 0.0010 125 122 446 261
bird 0.0477 41 327 58 338
bird 0.0157 0 323 10 369
bird 0.0044 0 329 6 361
bird 0.0019 0 290 7 366
bird 0.0016 1 322 5 352
bird 0.0013 0 341 5 367
dog 0.0010 0 323 10 369
