person 0.1101 97 223 106 240
person 0.0263 144 218 152 228
person 0.0259 473 271 482 292
person 0.0125 154 203 159 214
person 0.0108 136 218 146 227
person 0.0108 104 282 111 296
person 0.0086 122 108 402 204
person 0.0080 153 223 160 234
person 0.0068 5 196 21 208
person 0.0057 154 201 158 209
person 0.0056 84 198 96 207
person 0.0056 145 206 151 216
person 0.0046 13 198 34 210
person 0.0040 34 288 56 303
person 0.0040 66 188 75 197
person 0.0038 44 197 60 208
person 0.0037 102 225 112 239
person 0.0037 152 219 159 228
person 0.0033 97 230 105 243
person 0.0030 24 198 39 208
person 0.0028 145 223 153 233
person 0.0026 475 258 501 299
person 0.0022 204 227 210 235
person 0.0021 145 177 151 182
person 0.0020 37 197 51 207
person 0.0018 326 225 336 233
person 0.0017 2 195 10 208
person 0.0016 494 260 498 298
person 0.0016 439 201 453 215
person 0.0015 0 289 6 307
person 0.0014 250 238 258 244
person 0.0013 133 205 147 217
person 0.0013 211 227 219 234
person 0.0013 101 197 115 205
person 0.0012 94 221 111 244
person 0.0011 479 279 491 295
person 0.0010 70 279 77 292
person 0.0010 495 251 498 289
car 0.0542 406 266 453 296
car 0.0535 13 198 34 210
car 0.0462 5 196 21 208
car 0.0453 475 258 501 299
car 0.0386 2 195 10 208
car 0.0356 4 193 40 210
car 0.0286 73 197 93 207
car 0.0166 90 196 113 206
car 0.0142 215 287 256 315
car 0.0107 199 286 236 314
car 0.0084 400 198 454 216
car 0.0076 0 289 6 307
car 0.0070 21 191 82 208
car 0.0067 14 203 34 210
car 0.0066 137 89 494 223
car 0.0066 1 203 6 212
car 0.0065 484 267 500 302
car 0.0062 314 196 405 211
car 0.0058 44 197 60 208
car 0.0055 34 288 56 303
car 0.0055 80 194 118 206
car 0.0051 84 198 96 207
car 0.0051 215 291 235 318
car 0.0048 0 183 95 211
car 0.0040 311 186 409 218
car 0.0039 101 197 115 205
car 0.0036 413 241 458 262
car 0.0034 56 191 105 207
car 0.0034 52 197 70 208
car 0.0033 491 277 499 299
car 0.0032 325 186 396 202
car 0.0031 447 201 465 214
car 0.0031 24 198 39 208
car 0.0030 9 204 19 210
car 0.0029 1 187 7 201
car 0.0029 -5 301 436 367
car 0.0027 1 190 24 210
car 0.0027 91 220 168 253
car 0.0026 4 190 20 200
car 0.0025 1 297 6 312
car 0.0024 37 197 51 207
car 0.0020 384 189 409 197
car 0.0020 7 266 246 335
car 0.0019 136 218 146 227
car 0.0019 13 286 58 311
car 0.0016 428 201 445 215
car 0.0016 0 281 4 297
car 0.0015 32 266 393 353
car 0.0015 97 223 106 240
car 0.0014 25 205 39 210
car 0.0013 63 196 79 206
car 0.0011 117 277 246 320
car 0.0010 337 188 361 198
car 0.0010 182 193 394 246
car 0.0010 494 260 498 298
motorbike 0.0044 137 89 494 223
aeroplane 0.9555 128 107 440 205
aeroplane 0.0040 0 183 95 211
aeroplane 0.0036 181 144 459 220
aeroplane 0.0015 76 116 363 187
aeroplane 0.0015 7 266 246 335
aeroplane 0.0012 118 62 527 242
aeroplane 0.0011 45 191 99 207
bus 0.9182 304 211 410 247
bus 0.7910 188 216 297 249
bus 0.1122 182 193 394 246
bus 0.0820 128 130 444 218
bus 0.0775 236 209 397 249
bus 0.0480 7 182 80 207
bus 0.0326 314 196 405 211
bus 0.0223 310 202 408 215
bus 0.0181 311 186 409 218
bus 0.0135 97 224 163 250
bus 0.0100 21 191 82 208
bus 0.0083 200 229 288 247
bus 0.0047 400 198 454 216
bus 0.0042 472 243 500 302
bus 0.0036 7 266 246 335
bus 0.0023 325 186 396 202
bus 0.0021 191 209 322 239
bus 0.0014 484 258 499 300
bus 0.0012 391 179 473 214
bus 0.0011 4 193 40 210
bus 0.0011 320 218 418 240
train 0.0025 97 224 163 250
train 0.0017 7 266 246 335
boat 0.0025 140 110 496 200
boat 0.0021 295 154 313 160
boat 0.0013 484 258 499 300
boat 0.0012 7 182 80 207
boat 0.0010 98 220 160 246
