person 0.9999 50 21 269 367
person 0.9998 240 31 439 363
person 0.2467 468 181 499 253
person 0.0078 478 180 498 327
person 0.0060 475 189 499 234
person 0.0035 438 187 500 251
person 0.0024 490 171 499 233
person 0.0023 492 174 496 190
person 0.0017 458 166 496 234
person 0.0012 34 45 473 331
bottle 0.9770 296 184 321 274
bottle 0.5964 200 190 230 252
bottle 0.3838 427 177 444 205
bottle 0.1611 483 174 488 189
bottle 0.1203 474 174 480 192
bottle 0.1156 421 186 431 204
bottle 0.1084 461 173 467 194
bottle 0.0754 453 174 459 192
bottle 0.0723 444 180 453 202
bottle 0.0717 492 174 496 190
bottle 0.0482 449 167 466 201
bottle 0.0337 451 179 460 200
bottle 0.0255 242 44 432 374
bottle 0.0214 455 169 470 200
bottle 0.0208 446 174 454 193
bottle 0.0207 430 177 441 190
bottle 0.0184 473 169 495 197
bottle 0.0176 459 181 470 197
bottle 0.0143 437 223 456 259
bottle 0.0127 453 169 458 182
bottle 0.0124 417 185 426 201
bottle 0.0099 481 171 487 182
bottle 0.0099 432 192 442 205
bottle 0.0096 473 182 479 195
bottle 0.0076 296 185 317 240
bottle 0.0071 475 170 480 182
bottle 0.0059 481 183 489 194
bottle 0.0059 471 168 485 198
bottle 0.0053 461 170 466 181
bottle 0.0035 456 167 497 198
bottle 0.0035 444 168 455 201
bottle 0.0026 414 179 446 205
bottle 0.0026 495 166 497 186
bottle 0.0020 440 193 451 205
bottle 0.0015 448 167 453 183
bottle 0.0012 299 210 319 267
bottle 0.0011 458 166 496 234
bottle 0.0010 495 178 497 201
chair 0.0155 468 181 499 253
chair 0.0104 0 325 81 379
chair 0.0093 0 260 70 366
chair 0.0063 437 223 456 259
chair 0.0047 44 56 247 367
chair 0.0033 438 203 498 257
chair 0.0029 41 254 61 282
chair 0.0022 456 220 496 257
chair 0.0018 440 223 452 240
chair 0.0012 478 180 498 327
sofa 0.0033 -13 227 522 371
sofa 0.0022 44 56 247 367
sofa 0.0011 458 183 499 254
pottedplant 0.0100 437 223 456 259
diningtable 0.0999 3 258 64 325
diningtable 0.0339 -1 276 75 377
diningtable 0.0049 0 325 81 379
diningtable 0.0044 0 253 62 283
diningtable 0.0043 421 189 492 250
diningtable 0.0041 399 255 502 302
diningtable 0.0030 426 196 484 210
diningtable 0.0028 458 183 499 254
diningtable 0.0024 2 272 51 347
diningtable 0.0021 -13 227 522 371
diningtable 0.0016 389 251 505 349
diningtable 0.0014 2 297 502 368
diningtable 0.0013 454 196 478 205
diningtable 0.0010 449 193 482 209
tvmonitor 0.0020 229 35 444 282
