bottle 0.9950 49 376 114 499
bottle 0.0906 140 424 192 485
bottle 0.0126 51 367 82 499
bottle 0.0082 249 317 345 439
bottle 0.0048 151 348 209 399
bottle 0.0018 49 437 114 496
bottle 0.0015 28 470 67 500
bottle 0.0010 182 339 213 405
pottedplant 0.2614 142 77 372 436
pottedplant 0.0016 230 59 375 363
pottedplant 0.0013 251 289 342 432
diningtable 0.0100 -14 232 388 496
diningtable 0.0064 149 278 367 459
diningtable 0.0059 91 396 368 498
diningtable 0.0020 207 338 338 452
diningtable 0.0012 18 39 365 456
tvmonitor 0.0501 326 309 374 391
