person 0.9978 97 298 163 376
person 0.9604 476 190 499 274
person 0.9598 399 224 436 295
person 0.9526 250 243 283 332
person 0.9353 202 299 236 368
person 0.7937 381 248 414 304
person 0.7539 185 276 211 317
person 0.4339 288 284 332 345
person 0.2164 184 279 215 341
person 0.1561 208 301 230 351
person 0.1489 295 264 335 327
person 0.1394 386 232 412 270
person 0.1345 428 248 448 291
person 0.1228 411 140 417 154
person 0.0904 395 227 416 251
person 0.0859 414 238 443 296
person 0.0758 487 196 499 265
person 0.0582 370 231 456 282
person 0.0561 426 232 436 244
person 0.0539 281 265 322 322
person 0.0485 286 274 321 299
person 0.0471 189 293 224 368
person 0.0434 392 232 409 249
person 0.0388 409 140 415 153
person 0.0291 323 268 360 326
person 0.0268 352 242 368 257
person 0.0255 189 305 250 362
person 0.0207 349 239 371 262
person 0.0196 348 245 370 276
person 0.0145 209 295 219 316
person 0.0137 196 274 218 305
person 0.0133 491 194 499 208
person 0.0131 268 243 277 258
person 0.0119 210 291 219 305
person 0.0104 180 277 197 317
person 0.0101 192 288 215 321
person 0.0092 400 226 432 252
person 0.0086 484 195 499 229
person 0.0082 222 307 265 370
person 0.0079 264 242 284 277
person 0.0073 273 273 292 303
person 0.0072 233 238 291 344
person 0.0072 461 199 491 270
person 0.0066 448 238 482 263
person 0.0063 280 268 325 291
person 0.0062 188 301 224 335
person 0.0061 476 243 497 276
person 0.0058 402 226 415 236
person 0.0058 493 199 499 223
person 0.0057 490 217 498 282
person 0.0054 477 206 495 250
person 0.0053 206 271 224 305
person 0.0051 398 235 416 281
person 0.0050 408 146 416 154
person 0.0045 289 277 331 314
person 0.0045 302 277 322 315
person 0.0044 120 206 273 339
person 0.0043 343 247 361 276
person 0.0042 276 252 354 299
person 0.0040 279 265 289 274
person 0.0038 486 182 499 222
person 0.0037 201 281 214 295
person 0.0036 148 290 219 342
person 0.0034 336 168 342 179
person 0.0034 479 196 496 207
person 0.0033 188 266 254 316
person 0.0032 296 273 309 281
person 0.0032 244 245 394 343
person 0.0030 180 278 191 295
person 0.0029 307 279 319 294
person 0.0028 352 252 366 266
person 0.0028 478 188 499 217
person 0.0028 355 245 388 297
person 0.0028 188 275 203 288
person 0.0027 363 246 417 269
person 0.0027 385 236 394 248
person 0.0027 204 290 214 304
person 0.0027 170 282 206 344
person 0.0026 206 306 244 344
person 0.0026 175 277 183 285
person 0.0026 212 279 221 299
person 0.0025 495 232 498 268
person 0.0025 339 247 372 299
person 0.0024 282 263 302 294
person 0.0024 346 250 357 270
person 0.0024 214 306 232 363
person 0.0024 427 231 447 270
person 0.0022 366 237 413 264
person 0.0022 232 204 368 321
person 0.0022 382 209 445 306
person 0.0021 496 181 499 204
person 0.0021 281 246 350 340
person 0.0020 408 232 428 288
person 0.0020 23 164 489 366
person 0.0019 301 266 321 294
person 0.0019 431 251 446 269
person 0.0019 258 273 294 338
person 0.0017 385 241 393 255
person 0.0017 497 219 499 260
person 0.0017 288 265 297 274
car 0.0084 295 312 497 377
car 0.0045 321 195 490 281
car 0.0011 476 185 499 261
car 0.0010 370 231 456 282
aeroplane 0.0037 326 207 489 306
aeroplane 0.0023 233 179 495 347
aeroplane 0.0019 366 193 498 279
boat 0.3363 247 193 385 316
boat 0.3177 326 207 489 306
boat 0.2114 215 168 428 357
boat 0.1952 264 87 320 99
boat 0.0877 93 194 272 358
boat 0.0632 366 193 498 279
boat 0.0500 295 312 497 377
boat 0.0463 249 188 474 278
boat 0.0368 9 259 187 349
boat 0.0322 236 203 507 383
boat 0.0196 65 159 505 371
boat 0.0174 411 145 417 154
boat 0.0143 381 232 480 281
boat 0.0076 406 210 494 260
boat 0.0054 355 221 474 257
boat 0.0050 310 249 497 357
boat 0.0045 184 115 479 279
boat 0.0039 0 271 174 308
boat 0.0035 282 141 513 326
boat 0.0032 196 154 454 233
boat 0.0031 169 137 282 216
boat 0.0031 408 146 416 154
boat 0.0029 201 244 384 344
boat 0.0025 276 252 354 299
boat 0.0020 -16 317 142 376
boat 0.0017 372 204 491 240
boat 0.0014 409 140 415 153
boat 0.0012 110 215 397 371
boat 0.0012 421 242 479 294
boat 0.0012 478 129 500 227
boat 0.0011 263 236 369 275
bird 0.0075 336 168 342 179
bird 0.0011 411 145 417 154
dog 0.0013 428 248 448 291
bottle 0.0104 288 265 297 274
bottle 0.0065 184 309 192 324
bottle 0.0055 309 263 316 273
bottle 0.0049 185 299 193 316
bottle 0.0028 305 273 315 283
bottle 0.0027 210 291 219 305
bottle 0.0025 279 265 289 274
bottle 0.0025 287 272 299 282
bottle 0.0024 109 224 254 359
bottle 0.0023 277 272 289 283
bottle 0.0021 154 324 162 334
bottle 0.0019 156 330 165 337
bottle 0.0018 190 301 200 316
bottle 0.0017 296 273 309 281
bottle 0.0017 308 251 318 269
bottle 0.0017 183 317 191 333
bottle 0.0012 426 232 436 244
bottle 0.0010 294 265 310 274
chair 0.9616 222 313 267 374
chair 0.9574 283 289 326 347
chair 0.8595 384 267 411 309
chair 0.8321 331 278 365 333
chair 0.6782 187 140 279 203
chair 0.4871 68 338 112 374
chair 0.4385 97 320 159 376
chair 0.4045 348 250 372 290
chair 0.3738 95 340 143 374
chair 0.3429 167 354 206 375
chair 0.0842 343 249 362 287
chair 0.0698 358 251 380 290
chair 0.0624 24 337 114 377
chair 0.0469 246 302 263 335
chair 0.0461 386 248 411 292
chair 0.0457 229 310 260 341
chair 0.0433 346 250 357 270
chair 0.0382 366 252 387 289
chair 0.0366 367 238 388 247
chair 0.0351 273 273 292 303
chair 0.0341 428 248 448 291
chair 0.0283 21 359 103 375
chair 0.0246 352 242 368 257
chair 0.0238 275 279 288 299
chair 0.0235 352 252 366 266
chair 0.0207 294 265 310 274
chair 0.0200 312 248 351 273
chair 0.0182 344 247 377 275
chair 0.0182 185 299 193 316
chair 0.0172 355 245 388 297
chair 0.0166 324 246 383 297
chair 0.0157 146 322 214 374
chair 0.0151 86 333 122 377
chair 0.0146 272 285 291 326
chair 0.0145 201 305 235 379
chair 0.0136 210 291 219 305
chair 0.0134 314 299 335 337
chair 0.0129 296 273 309 281
chair 0.0127 286 279 322 314
chair 0.0120 289 302 316 346
chair 0.0114 186 289 211 321
chair 0.0106 204 290 214 304
chair 0.0106 102 351 153 375
chair 0.0103 47 340 97 372
chair 0.0103 250 306 261 330
chair 0.0098 68 344 141 378
chair 0.0096 254 301 270 333
chair 0.0093 287 272 299 282
chair 0.0090 372 243 453 295
chair 0.0081 190 301 200 316
chair 0.0081 387 265 409 273
chair 0.0079 370 262 385 273
chair 0.0078 288 265 297 274
chair 0.0075 277 272 289 283
chair 0.0075 189 311 205 323
chair 0.0074 367 242 388 251
chair 0.0074 201 281 214 295
chair 0.0071 184 309 192 324
chair 0.0071 209 295 219 316
chair 0.0070 228 283 258 309
chair 0.0070 323 275 358 303
chair 0.0069 373 266 383 290
chair 0.0067 345 278 357 296
chair 0.0066 371 262 411 293
chair 0.0064 0 353 45 375
chair 0.0064 179 319 261 373
chair 0.0062 276 286 288 304
chair 0.0059 358 230 435 280
chair 0.0059 151 316 184 339
chair 0.0058 331 297 356 332
chair 0.0056 360 246 383 276
chair 0.0054 352 260 368 274
chair 0.0053 201 244 384 344
chair 0.0052 132 235 264 358
chair 0.0052 247 271 279 343
chair 0.0052 273 273 314 300
chair 0.0051 208 304 227 366
chair 0.0051 430 243 467 294
chair 0.0050 400 231 434 301
chair 0.0048 66 336 99 362
chair 0.0046 254 244 289 331
chair 0.0044 267 267 337 314
chair 0.0044 148 344 215 380
chair 0.0043 340 271 360 305
chair 0.0043 248 314 261 334
chair 0.0041 198 329 211 342
chair 0.0041 258 306 268 330
chair 0.0039 3 350 104 381
chair 0.0039 290 286 316 327
chair 0.0039 243 310 262 361
chair 0.0039 349 239 371 262
chair 0.0038 388 272 409 283
chair 0.0038 196 274 218 305
chair 0.0036 361 254 382 264
chair 0.0035 247 193 385 316
chair 0.0034 365 255 413 283
chair 0.0033 319 252 359 282
chair 0.0033 279 265 289 274
chair 0.0032 384 243 414 271
chair 0.0032 115 341 161 368
sofa 0.0014 68 338 112 374
pottedplant 0.0045 109 224 254 359
diningtable 0.2823 146 322 214 374
diningtable 0.1156 299 270 345 292
diningtable 0.0828 158 310 245 356
diningtable 0.0787 146 326 211 348
diningtable 0.0714 285 266 345 320
diningtable 0.0613 285 288 337 344
diningtable 0.0394 288 272 337 301
diningtable 0.0332 324 282 361 332
diningtable 0.0283 148 335 207 352
diningtable 0.0280 276 252 354 299
diningtable 0.0228 91 205 274 377
diningtable 0.0189 280 268 325 291
diningtable 0.0176 365 255 390 264
diningtable 0.0175 310 274 348 300
diningtable 0.0151 188 310 226 340
diningtable 0.0144 367 242 388 251
diningtable 0.0122 366 252 387 289
diningtable 0.0116 353 246 386 272
diningtable 0.0110 124 309 209 357
diningtable 0.0110 296 273 309 281
diningtable 0.0093 149 314 205 343
diningtable 0.0088 189 311 205 323
diningtable 0.0081 197 323 212 333
diningtable 0.0076 277 272 289 283
diningtable 0.0074 323 275 358 303
diningtable 0.0072 363 246 417 269
diningtable 0.0064 370 262 385 273
diningtable 0.0064 189 320 205 330
diningtable 0.0064 355 245 388 297
diningtable 0.0062 367 238 388 247
diningtable 0.0058 151 316 184 339
diningtable 0.0055 312 248 351 273
diningtable 0.0051 287 272 299 282
diningtable 0.0050 273 247 314 269
diningtable 0.0044 358 230 435 280
diningtable 0.0043 95 314 178 375
diningtable 0.0041 196 154 454 233
diningtable 0.0041 294 265 310 274
diningtable 0.0041 358 251 380 290
diningtable 0.0039 21 359 103 375
diningtable 0.0035 302 278 342 312
diningtable 0.0035 430 243 467 294
diningtable 0.0034 366 237 413 264
diningtable 0.0034 279 265 289 274
diningtable 0.0033 102 201 258 272
diningtable 0.0031 320 284 343 294
diningtable 0.0029 351 239 386 262
diningtable 0.0029 365 255 413 283
diningtable 0.0028 254 244 289 331
diningtable 0.0028 286 279 322 314
diningtable 0.0028 315 283 327 293
diningtable 0.0026 276 260 312 279
diningtable 0.0025 162 301 204 363
diningtable 0.0024 148 290 219 342
diningtable 0.0024 305 273 315 283
diningtable 0.0024 179 319 261 373
diningtable 0.0024 288 265 297 274
diningtable 0.0024 273 273 314 300
diningtable 0.0023 184 306 213 330
diningtable 0.0020 189 293 224 368
diningtable 0.0019 243 186 393 276
diningtable 0.0019 324 290 339 302
diningtable 0.0019 89 308 260 373
diningtable 0.0018 316 290 326 304
diningtable 0.0018 384 243 414 271
diningtable 0.0018 321 281 344 314
diningtable 0.0017 264 269 304 289
diningtable 0.0017 312 273 333 285
diningtable 0.0016 364 249 426 298
diningtable 0.0016 154 342 204 371
diningtable 0.0015 273 261 293 299
diningtable 0.0015 173 322 220 348
diningtable 0.0014 330 293 350 302
diningtable 0.0014 156 330 165 337
diningtable 0.0013 198 329 211 342
diningtable 0.0013 68 338 112 374
diningtable 0.0012 381 248 414 304
diningtable 0.0012 243 262 314 318
diningtable 0.0011 307 279 319 294
diningtable 0.0011 284 247 341 270
diningtable 0.0011 295 312 497 377
diningtable 0.0010 290 279 314 293
tvmonitor 0.0027 295 312 497 377
