person 0.4675 18 264 62 343
person 0.0548 12 254 84 355
person 0.0155 11 276 25 345
person 0.0055 59 273 75 334
person 0.0043 38 300 49 338
person 0.0019 22 267 38 340
person 0.0014 40 262 54 344
person 0.0013 333 247 424 434
dog 0.0014 333 247 424 434
bottle 0.0346 341 241 351 271
bottle 0.0111 351 218 368 270
bottle 0.0031 355 215 373 257
chair 0.4651 333 247 424 434
chair 0.0016 288 271 355 393
sofa 0.8879 331 248 423 468
sofa 0.0010 288 271 355 393
pottedplant 0.2446 51 213 129 265
pottedplant 0.1261 105 70 321 421
pottedplant 0.0704 84 263 353 451
pottedplant 0.0129 346 213 373 268
pottedplant 0.0036 333 247 424 434
pottedplant 0.0029 110 272 323 382
pottedplant 0.0022 64 215 110 254
pottedplant 0.0013 248 275 329 395
pottedplant 0.0012 355 215 373 257
pottedplant 0.0010 2 260 103 367
diningtable 0.0031 84 263 353 451
diningtable 0.0016 332 264 422 475
diningtable 0.0010 27 393 407 489
tvmonitor 0.9834 12 254 84 355
tvmonitor 0.0502 26 266 70 341
