person 0.0897 258 146 306 174
person 0.0410 144 113 484 297
person 0.0206 246 146 285 173
person 0.0195 257 140 336 177
person 0.0162 300 145 342 176
person 0.0139 281 145 321 177
person 0.0097 226 139 300 178
person 0.0082 300 145 321 175
person 0.0073 268 139 316 169
person 0.0049 181 159 212 182
person 0.0042 290 138 376 177
person 0.0035 293 137 333 170
person 0.0030 261 159 305 177
person 0.0030 188 163 205 179
person 0.0029 303 164 317 175
person 0.0024 195 146 236 177
person 0.0024 297 164 313 175
person 0.0023 255 154 272 170
person 0.0023 235 137 274 169
person 0.0022 113 135 178 178
person 0.0020 129 145 168 176
person 0.0017 206 155 243 186
person 0.0015 215 146 232 159
person 0.0012 199 137 283 181
person 0.0012 303 154 317 170
person 0.0011 244 147 267 173
car 0.8658 31 109 491 297
motorbike 0.0039 54 63 490 292
aeroplane 0.0016 53 55 468 297
bus 0.0108 31 109 491 297
diningtable 0.1403 53 55 468 297
