person 0.9994 84 63 255 362
person 0.6471 191 51 209 89
person 0.1383 133 70 148 88
person 0.1354 326 39 379 87
person 0.1189 0 0 12 280
person 0.1145 331 43 371 73
person 0.0872 0 121 15 269
person 0.0705 330 51 376 117
person 0.0681 0 -32 23 272
person 0.0225 178 50 234 193
person 0.0184 187 80 223 161
person 0.0177 200 79 234 162
person 0.0109 0 123 11 344
person 0.0099 330 58 373 90
person 0.0090 1 1 22 122
person 0.0068 131 69 149 99
person 0.0068 0 153 7 250
person 0.0062 189 48 218 117
person 0.0058 419 82 441 113
person 0.0056 0 179 9 263
person 0.0051 329 47 350 86
person 0.0050 324 49 363 83
person 0.0046 109 66 149 127
person 0.0046 0 111 5 254
person 0.0044 319 67 362 129
person 0.0041 111 72 147 99
person 0.0040 381 72 453 144
person 0.0039 194 57 204 76
person 0.0039 202 36 234 131
person 0.0028 1 1 21 37
person 0.0023 195 56 210 113
person 0.0022 0 56 4 232
person 0.0022 139 68 150 86
person 0.0020 -1 58 21 409
person 0.0020 151 21 169 53
person 0.0019 96 2 110 54
person 0.0019 186 39 216 91
person 0.0019 320 32 384 131
person 0.0019 479 251 499 374
person 0.0018 222 100 234 151
person 0.0017 86 2 116 60
person 0.0016 352 50 367 64
person 0.0016 0 -7 45 284
person 0.0016 180 81 252 233
person 0.0015 318 24 393 70
person 0.0015 114 64 242 158
person 0.0014 194 67 203 84
person 0.0014 71 34 426 345
person 0.0013 361 121 393 144
person 0.0013 199 56 208 78
person 0.0013 189 90 207 122
person 0.0012 337 41 347 56
person 0.0012 333 70 348 86
person 0.0011 137 62 156 91
person 0.0011 171 75 237 130
person 0.0011 191 15 245 155
person 0.0010 151 22 188 52
person 0.0010 335 48 348 65
person 0.0010 126 57 205 100
bicycle 0.0393 331 85 370 126
bicycle 0.0295 324 68 379 124
bicycle 0.0173 353 86 371 122
bicycle 0.0026 300 89 371 144
bicycle 0.0024 312 90 350 121
bicycle 0.0022 381 72 453 144
bicycle 0.0016 331 89 350 124
bicycle 0.0010 114 2 213 53
car 0.3068 1 1 21 37
car 0.0402 350 18 432 59
car 0.0038 281 6 353 47
car 0.0037 2 3 6 34
car 0.0035 0 -6 27 52
car 0.0031 172 90 236 149
car 0.0022 248 7 405 72
car 0.0019 187 80 223 161
car 0.0017 2 2 22 15
car 0.0016 1 0 7 19
car 0.0016 149 5 220 52
car 0.0014 7 16 18 36
car 0.0013 7 9 19 30
car 0.0013 0 -5 23 100
car 0.0012 177 78 234 199
car 0.0012 2 0 40 39
car 0.0011 1 -9 14 34
car 0.0011 3 13 7 39
car 0.0011 296 13 344 41
motorbike 0.0059 333 66 374 126
motorbike 0.0033 323 54 381 113
motorbike 0.0013 452 185 501 359
boat 0.0055 350 18 432 59
boat 0.0044 119 58 289 332
boat 0.0022 155 24 199 52
boat 0.0018 135 178 345 364
boat 0.0012 434 29 499 46
boat 0.0010 155 6 243 48
dog 0.0315 361 121 393 144
dog 0.0027 135 178 345 364
dog 0.0024 115 93 296 348
dog 0.0014 283 230 355 352
dog 0.0011 361 125 382 142
horse 0.0242 177 78 234 199
horse 0.0054 0 94 15 260
horse 0.0041 187 80 223 161
horse 0.0021 119 58 289 332
horse 0.0016 200 79 234 162
horse 0.0013 172 90 236 149
cow 0.0046 182 76 250 198
cow 0.0032 119 58 289 332
cow 0.0022 183 88 222 188
cow 0.0022 135 178 345 364
bottle 0.0065 250 324 271 346
bottle 0.0028 139 299 215 373
bottle 0.0027 425 81 443 112
bottle 0.0011 490 286 499 348
bottle 0.0010 208 312 269 359
bottle 0.0010 235 316 272 342
chair 0.9757 383 75 453 152
chair 0.0718 333 66 374 126
chair 0.0572 323 54 381 113
chair 0.0169 341 61 378 90
chair 0.0138 330 51 371 82
chair 0.0120 353 74 374 121
chair 0.0105 280 81 347 201
chair 0.0083 298 90 337 149
chair 0.0061 356 67 377 104
chair 0.0059 279 158 352 197
chair 0.0054 119 58 289 332
chair 0.0050 293 90 330 117
chair 0.0045 480 285 500 373
chair 0.0040 355 72 438 136
chair 0.0036 275 128 353 189
chair 0.0031 187 80 223 161
chair 0.0027 350 56 385 113
chair 0.0025 289 167 332 197
chair 0.0025 488 294 499 378
chair 0.0020 353 77 372 92
chair 0.0019 452 185 501 359
chair 0.0019 437 1 499 47
chair 0.0018 333 70 348 86
chair 0.0016 300 89 371 144
chair 0.0016 149 5 220 52
chair 0.0016 283 77 356 127
chair 0.0015 331 89 350 124
chair 0.0015 318 88 366 123
chair 0.0014 330 61 351 90
chair 0.0013 332 84 373 145
chair 0.0013 330 71 372 98
chair 0.0013 292 111 338 197
chair 0.0013 311 90 333 119
chair 0.0011 317 88 356 152
chair 0.0011 351 68 372 83
chair 0.0010 314 98 329 113
pottedplant 0.0017 350 18 432 59
diningtable 0.0053 135 178 345 364
diningtable 0.0023 300 89 371 144
diningtable 0.0014 259 190 328 242
diningtable 0.0014 279 158 352 197
diningtable 0.0011 115 93 296 348
diningtable 0.0010 289 78 332 96
