person 0.9967 148 148 205 322
person 0.9752 350 126 414 311
person 0.0170 275 309 428 334
person 0.0044 355 130 422 234
person 0.0023 153 159 185 234
person 0.0012 142 188 179 276
dog 0.0021 275 302 428 332
bottle 0.4396 295 150 303 177
bottle 0.2001 325 190 333 208
bottle 0.1647 329 161 337 177
bottle 0.1316 277 211 288 230
bottle 0.0961 415 37 425 62
bottle 0.0916 450 180 459 197
bottle 0.0862 319 190 328 207
bottle 0.0679 451 33 465 54
bottle 0.0604 433 28 443 63
bottle 0.0364 282 191 287 208
bottle 0.0348 451 177 460 192
bottle 0.0323 335 195 346 207
bottle 0.0261 289 192 296 206
bottle 0.0216 404 173 414 185
bottle 0.0192 348 193 357 206
bottle 0.0179 282 202 288 214
bottle 0.0170 412 186 419 198
bottle 0.0167 441 201 452 217
bottle 0.0151 339 167 346 176
bottle 0.0132 402 172 418 208
bottle 0.0130 289 188 295 198
bottle 0.0120 451 205 463 218
bottle 0.0119 461 206 470 217
bottle 0.0116 459 213 470 222
bottle 0.0110 346 183 354 201
bottle 0.0099 413 193 421 207
bottle 0.0095 283 186 299 214
bottle 0.0095 288 202 297 212
bottle 0.0093 313 155 326 169
bottle 0.0088 463 194 472 208
bottle 0.0081 443 187 452 197
bottle 0.0075 278 184 293 215
bottle 0.0074 319 189 328 200
bottle 0.0073 293 158 300 178
bottle 0.0073 433 202 443 215
bottle 0.0072 387 178 407 207
bottle 0.0069 480 204 492 217
bottle 0.0068 492 202 497 217
bottle 0.0065 277 190 290 229
bottle 0.0060 191 229 199 249
bottle 0.0058 404 168 412 179
bottle 0.0053 452 212 464 222
bottle 0.0053 338 182 346 200
bottle 0.0050 471 204 480 217
bottle 0.0050 276 206 290 232
bottle 0.0050 283 188 288 198
bottle 0.0050 343 168 351 177
bottle 0.0048 421 205 431 215
bottle 0.0042 411 205 425 216
bottle 0.0041 406 181 416 198
bottle 0.0039 309 155 321 169
bottle 0.0037 408 186 425 216
bottle 0.0036 494 190 497 213
bottle 0.0032 314 187 333 210
bottle 0.0031 342 175 357 207
bottle 0.0031 491 163 499 218
bottle 0.0027 481 191 492 208
bottle 0.0027 446 177 463 202
bottle 0.0025 432 195 441 210
bottle 0.0024 249 222 261 234
bottle 0.0024 492 213 498 227
bottle 0.0023 410 173 418 190
bottle 0.0023 335 177 350 207
bottle 0.0023 441 195 454 205
bottle 0.0021 446 184 463 215
bottle 0.0020 438 187 458 217
bottle 0.0019 276 222 289 232
bottle 0.0018 193 237 201 256
bottle 0.0017 353 194 364 207
bottle 0.0017 468 194 479 206
bottle 0.0016 308 153 330 175
bottle 0.0016 448 195 462 204
bottle 0.0013 296 149 302 161
bottle 0.0013 232 215 251 228
bottle 0.0013 296 197 312 206
bottle 0.0011 477 186 495 216
bottle 0.0010 496 173 498 209
chair 0.9502 134 191 159 267
chair 0.1288 275 302 428 332
chair 0.1131 138 194 158 227
chair 0.1024 152 199 164 219
chair 0.0502 337 311 422 332
chair 0.0265 141 178 199 315
chair 0.0242 153 197 162 205
chair 0.0220 220 210 255 230
chair 0.0181 134 193 150 247
chair 0.0143 228 214 247 227
chair 0.0107 144 200 156 217
chair 0.0101 144 195 154 208
chair 0.0080 148 198 165 240
chair 0.0076 135 194 145 209
chair 0.0067 134 200 200 265
chair 0.0062 178 263 198 306
chair 0.0054 142 188 179 276
chair 0.0051 0 266 28 330
chair 0.0034 168 238 209 307
chair 0.0023 223 219 263 239
chair 0.0019 153 213 163 225
chair 0.0018 246 222 286 235
chair 0.0016 135 195 145 220
chair 0.0016 222 228 256 248
chair 0.0015 138 229 158 265
chair 0.0013 169 261 186 307
chair 0.0013 287 312 352 334
chair 0.0013 148 198 191 223
chair 0.0013 220 212 287 231
chair 0.0012 194 210 260 229
sofa 0.0100 275 302 428 332
pottedplant 0.0045 450 180 459 197
pottedplant 0.0030 443 187 452 197
pottedplant 0.0026 438 187 458 217
pottedplant 0.0026 428 191 467 214
pottedplant 0.0019 491 163 499 218
pottedplant 0.0015 283 186 299 214
pottedplant 0.0015 477 186 495 216
pottedplant 0.0013 278 184 293 215
pottedplant 0.0013 446 177 463 202
pottedplant 0.0012 492 202 497 217
pottedplant 0.0010 491 184 499 235
diningtable 0.1890 194 221 396 321
diningtable 0.0360 218 235 378 267
diningtable 0.0108 0 273 28 337
diningtable 0.0068 153 197 162 205
diningtable 0.0046 152 199 164 219
diningtable 0.0044 145 208 214 262
diningtable 0.0038 147 211 206 229
diningtable 0.0026 181 211 338 284
diningtable 0.0022 145 200 207 223
diningtable 0.0020 241 219 351 251
diningtable 0.0018 155 218 199 241
diningtable 0.0018 288 239 425 326
diningtable 0.0012 269 301 416 331
diningtable 0.0010 0 271 22 307
tvmonitor 0.0013 286 129 350 176
