person 0.9987 162 22 498 375
person 0.1675 172 25 331 354
person 0.0469 166 243 286 369
person 0.0055 151 145 291 370
person 0.0040 0 166 18 301
person 0.0030 447 152 501 358
person 0.0012 472 129 499 219
person 0.0011 470 51 499 379
car 0.8335 8 178 129 273
car 0.6674 107 166 226 256
car 0.4038 0 166 18 301
car 0.3991 434 53 499 191
car 0.0509 474 68 499 207
car 0.0179 478 47 500 155
car 0.0120 312 31 492 206
car 0.0118 1 110 28 322
car 0.0106 385 64 499 203
car 0.0089 430 52 499 117
car 0.0055 456 111 500 203
car 0.0043 146 14 504 298
car 0.0039 472 129 499 219
car 0.0031 415 27 501 145
car 0.0031 490 55 499 135
car 0.0019 448 55 499 301
car 0.0017 487 52 499 102
car 0.0014 481 8 500 121
car 0.0013 133 163 281 262
car 0.0013 0 146 51 290
car 0.0012 0 91 15 266
car 0.0012 1 163 6 316
car 0.0010 493 61 499 168
bus 0.0020 0 148 19 289
train 0.0012 0 166 18 301
chair 0.0019 446 174 501 371
diningtable 0.0022 73 344 189 372
