person 0.9964 187 338 208 376
person 0.9750 155 337 179 376
person 0.9459 146 337 168 375
person 0.7366 335 342 352 376
person 0.6370 151 238 167 286
person 0.0940 27 342 37 357
person 0.0816 119 359 132 375
person 0.0642 152 240 165 260
person 0.0429 257 243 264 256
person 0.0416 349 342 370 375
person 0.0238 252 241 262 257
person 0.0222 358 341 379 377
person 0.0184 323 219 339 258
person 0.0183 337 345 347 367
person 0.0141 341 345 379 377
person 0.0137 21 50 475 332
person 0.0126 223 214 284 259
person 0.0123 243 219 262 258
person 0.0087 152 258 167 293
person 0.0081 120 367 132 375
person 0.0079 363 356 378 375
person 0.0076 337 352 348 373
person 0.0072 326 359 335 373
person 0.0060 352 346 363 361
person 0.0058 336 329 370 377
person 0.0056 158 342 163 351
person 0.0050 345 347 357 363
person 0.0050 70 363 94 374
person 0.0043 114 353 132 376
person 0.0039 156 237 165 247
person 0.0037 154 264 163 289
person 0.0035 88 117 339 333
person 0.0034 96 358 107 376
person 0.0034 157 247 171 290
person 0.0033 342 354 355 374
person 0.0028 171 268 184 286
person 0.0028 161 357 173 374
person 0.0027 153 248 163 265
person 0.0027 325 338 342 376
person 0.0026 363 223 370 233
person 0.0023 155 346 162 364
person 0.0020 174 262 182 275
person 0.0019 163 341 171 352
person 0.0018 148 242 155 258
person 0.0018 242 246 250 257
person 0.0015 163 347 173 364
person 0.0015 145 332 177 365
person 0.0014 336 341 344 355
person 0.0013 154 259 162 281
person 0.0013 246 234 264 260
person 0.0012 112 232 387 302
person 0.0012 143 347 161 376
person 0.0012 172 352 179 373
person 0.0011 280 247 287 257
person 0.0011 164 233 172 246
person 0.0011 195 343 200 352
person 0.0011 0 245 16 291
person 0.0010 157 333 164 343
person 0.0010 327 222 339 242
bicycle 0.0043 152 258 167 293
bicycle 0.0018 154 264 163 289
bicycle 0.0011 120 367 132 375
car 0.8644 0 356 89 374
car 0.2861 426 350 503 375
car 0.0164 5 365 82 375
car 0.0136 10 352 113 378
car 0.0074 6 336 91 376
car 0.0057 68 366 95 375
car 0.0033 64 359 98 374
car 0.0026 375 347 499 377
car 0.0024 37 358 104 374
car 0.0016 11 349 76 368
car 0.0012 489 356 499 375
car 0.0012 1 367 22 376
car 0.0011 27 369 58 374
bird 0.0011 201 168 205 174
dog 0.0010 223 214 284 259
horse 0.0139 223 214 284 259
horse 0.0030 152 240 167 292
cow 0.0021 223 214 284 259
