person 0.0137 479 203 488 216
person 0.0126 493 204 499 214
person 0.0110 340 197 358 209
person 0.0090 354 198 362 208
person 0.0036 493 195 499 212
person 0.0036 333 203 353 214
person 0.0027 480 199 490 211
person 0.0022 326 204 336 213
person 0.0021 85 232 95 244
person 0.0020 475 205 482 215
person 0.0018 331 198 354 210
person 0.0016 328 200 338 209
car 0.3542 416 198 488 231
car 0.0233 329 195 367 214
car 0.0197 493 204 499 214
car 0.0136 333 203 353 214
car 0.0079 479 203 488 216
car 0.0074 275 206 294 214
car 0.0066 340 197 358 209
car 0.0058 5 206 21 215
car 0.0054 331 198 354 210
car 0.0045 477 213 489 228
car 0.0037 279 205 303 214
car 0.0032 493 195 499 212
car 0.0023 299 201 364 215
car 0.0023 279 203 327 215
car 0.0014 290 205 313 212
car 0.0012 15 56 460 250
car 0.0011 480 199 490 211
motorbike 0.0013 493 204 499 214
motorbike 0.0012 479 203 488 216
aeroplane 0.9979 14 61 434 247
aeroplane 0.1418 325 196 361 215
aeroplane 0.0442 279 203 327 215
aeroplane 0.0321 299 201 364 215
aeroplane 0.0277 275 206 294 214
aeroplane 0.0268 416 198 488 231
aeroplane 0.0226 279 205 303 214
aeroplane 0.0160 33 145 404 235
aeroplane 0.0143 15 199 192 227
aeroplane 0.0137 326 181 426 211
aeroplane 0.0106 5 206 21 215
aeroplane 0.0032 290 205 313 212
aeroplane 0.0032 277 199 345 213
aeroplane 0.0030 331 198 354 210
aeroplane 0.0023 60 100 378 207
aeroplane 0.0023 264 203 306 216
aeroplane 0.0017 5 188 189 241
aeroplane 0.0015 1 190 46 214
aeroplane 0.0015 41 189 302 240
aeroplane 0.0014 173 164 399 232
aeroplane 0.0014 333 203 353 214
aeroplane 0.0010 340 197 358 209
bus 0.0113 416 198 488 231
bus 0.0019 326 181 426 211
bus 0.0012 329 195 367 214
boat 0.0056 326 181 426 211
boat 0.0018 420 198 488 230
boat 0.0012 329 195 367 214
diningtable 0.0010 12 86 464 261
