person 0.9677 -11 7 267 363
person 0.3607 1 149 204 373
person 0.0143 33 20 218 206
person 0.0108 18 229 174 370
person 0.0044 -2 34 125 346
person 0.0020 177 72 194 117
person 0.0015 47 145 272 321
person 0.0014 282 228 424 312
person 0.0014 37 154 219 238
person 0.0012 2 216 136 315
person 0.0010 56 18 197 137
person 0.0010 30 209 291 374
cat 0.0752 282 228 424 312
cat 0.0087 47 145 272 321
cat 0.0065 336 243 417 307
cat 0.0048 29 232 103 273
cat 0.0021 1 149 204 373
dog 0.9732 15 150 253 319
dog 0.0540 -29 67 293 363
dog 0.0053 2 207 205 377
dog 0.0047 71 170 253 281
dog 0.0036 17 221 161 313
dog 0.0032 177 202 265 346
dog 0.0023 273 228 412 314
dog 0.0022 29 232 103 273
dog 0.0015 37 154 219 238
horse 0.0015 15 150 253 319
sheep 0.0203 9 132 195 327
sheep 0.0011 29 150 288 368
bottle 0.3286 389 159 408 209
bottle 0.0354 489 300 499 372
bottle 0.0178 392 159 405 182
bottle 0.0172 272 83 280 111
bottle 0.0170 476 294 499 372
bottle 0.0169 359 171 375 188
bottle 0.0128 398 162 434 224
bottle 0.0115 365 309 494 354
bottle 0.0065 399 327 492 377
bottle 0.0061 389 182 406 215
bottle 0.0057 376 154 409 212
bottle 0.0053 427 186 445 256
bottle 0.0052 446 225 467 255
bottle 0.0048 270 84 283 123
bottle 0.0038 343 179 392 206
bottle 0.0036 396 163 417 203
bottle 0.0029 405 166 428 202
bottle 0.0025 495 318 499 352
bottle 0.0024 365 157 426 209
bottle 0.0023 470 222 498 287
bottle 0.0020 353 168 388 195
bottle 0.0020 361 169 394 219
bottle 0.0019 482 296 500 338
bottle 0.0018 381 172 404 209
bottle 0.0018 272 82 287 113
bottle 0.0018 488 331 499 378
bottle 0.0017 410 265 450 313
bottle 0.0017 477 249 499 337
bottle 0.0016 367 165 413 199
bottle 0.0013 177 72 194 117
bottle 0.0012 494 310 498 342
bottle 0.0012 484 217 499 260
bottle 0.0011 255 125 394 192
bottle 0.0010 483 256 499 299
chair 0.0136 9 132 195 327
chair 0.0132 9 10 242 344
chair 0.0049 181 211 265 370
chair 0.0039 290 205 411 254
chair 0.0028 29 150 288 368
chair 0.0026 1 119 15 313
chair 0.0018 0 116 53 317
chair 0.0012 0 78 27 353
chair 0.0011 0 128 4 256
sofa 0.0015 -1 255 54 373
sofa 0.0012 0 155 55 392
sofa 0.0011 1 119 15 313
diningtable 0.0123 211 303 452 372
diningtable 0.0012 232 174 498 356
diningtable 0.0011 279 167 436 235
tvmonitor 0.0029 50 37 125 102
tvmonitor 0.0010 281 138 383 192
