person 0.0060 187 154 261 199
person 0.0056 225 156 247 176
person 0.0048 223 158 264 189
person 0.0039 196 167 270 207
person 0.0038 343 177 400 214
person 0.0011 193 162 258 187
aeroplane 0.0011 0 90 4 104
boat 0.0010 437 182 478 212
bird 0.0121 436 182 477 217
bird 0.0075 41 179 56 189
bird 0.0075 188 166 262 206
bird 0.0072 0 90 4 104
bird 0.0059 495 196 500 210
bird 0.0052 351 179 405 211
bird 0.0045 402 179 437 204
bird 0.0043 403 180 417 199
bird 0.0040 408 182 424 199
bird 0.0028 413 182 460 211
bird 0.0023 242 175 264 206
bird 0.0014 425 183 448 210
bird 0.0013 0 76 3 100
bird 0.0012 496 199 500 220
bird 0.0011 441 185 450 200
bird 0.0011 0 66 7 129
bird 0.0010 392 177 478 214
bird 0.0010 0 91 3 120
bird 0.0010 69 174 112 193
cat 0.0397 418 182 483 219
cat 0.0162 404 181 449 208
cat 0.0148 343 174 407 216
cat 0.0122 188 166 262 206
cat 0.0026 446 183 480 210
cat 0.0017 227 158 245 173
cat 0.0011 425 183 448 210
cat 0.0010 404 180 427 202
dog 0.6161 343 174 407 216
dog 0.3196 188 166 262 206
dog 0.2837 436 182 477 217
dog 0.0493 404 181 449 208
dog 0.0280 397 182 474 219
dog 0.0149 415 183 458 216
dog 0.0141 242 175 264 206
dog 0.0115 345 177 371 214
dog 0.0070 353 177 474 212
dog 0.0064 404 180 427 202
dog 0.0063 362 180 411 209
dog 0.0056 224 170 267 202
dog 0.0049 192 176 242 204
dog 0.0047 425 185 448 214
dog 0.0046 227 158 245 173
dog 0.0045 454 186 477 215
dog 0.0042 402 180 417 195
dog 0.0037 221 156 252 176
dog 0.0030 495 196 500 210
dog 0.0028 401 176 434 198
dog 0.0019 417 183 441 206
dog 0.0011 436 186 452 215
horse 0.0472 188 166 262 206
horse 0.0312 343 174 407 216
horse 0.0234 418 182 483 219
horse 0.0069 192 176 242 204
horse 0.0033 226 175 265 206
horse 0.0032 353 177 474 212
horse 0.0016 446 183 480 210
horse 0.0016 404 181 449 208
sheep 0.0703 343 177 400 214
sheep 0.0611 436 182 477 217
sheep 0.0435 188 166 262 206
sheep 0.0171 345 177 371 214
sheep 0.0154 242 175 264 206
sheep 0.0064 495 196 500 210
sheep 0.0063 402 179 437 204
sheep 0.0062 405 183 450 216
sheep 0.0062 192 176 242 204
sheep 0.0059 224 170 267 202
sheep 0.0031 402 180 417 195
sheep 0.0029 392 177 478 214
sheep 0.0020 408 182 424 199
sheep 0.0016 284 184 323 206
sheep 0.0015 345 178 435 221
sheep 0.0015 362 180 411 209
sheep 0.0013 279 168 354 207
sheep 0.0012 287 187 304 200
sheep 0.0010 425 185 448 214
cow 0.6685 188 166 262 206
cow 0.3751 343 174 407 216
cow 0.1036 436 182 477 217
cow 0.0989 242 175 264 206
cow 0.0318 192 176 242 204
cow 0.0223 224 170 267 202
cow 0.0078 345 177 371 214
cow 0.0064 402 179 437 204
cow 0.0060 392 177 478 214
cow 0.0051 362 180 411 209
cow 0.0047 38 180 54 189
cow 0.0043 413 182 460 211
cow 0.0029 495 196 500 210
cow 0.0025 247 176 262 195
cow 0.0023 227 158 245 173
cow 0.0023 224 154 262 177
cow 0.0021 402 180 417 195
cow 0.0016 454 186 477 215
cow 0.0012 69 174 112 193
cow 0.0012 365 182 463 219
cow 0.0010 391 176 426 198
cow 0.0010 406 180 424 195
