person 0.9993 205 154 300 323
person 0.0029 131 75 155 161
bicycle 0.8786 218 221 289 374
bicycle 0.0535 195 183 303 326
bicycle 0.0048 238 284 279 376
bicycle 0.0039 187 238 218 298
bicycle 0.0030 215 240 255 342
bicycle 0.0010 189 235 252 283
motorbike 0.0012 203 203 286 351
train 0.0029 441 44 498 231
horse 0.0017 402 171 454 306
bottle 0.0017 249 278 258 300
bottle 0.0016 283 224 300 238
bottle 0.0010 226 299 244 334
chair 0.3110 0 242 58 375
chair 0.0054 77 165 187 291
chair 0.0037 203 203 286 351
chair 0.0032 334 267 486 368
chair 0.0010 67 113 142 275
chair 0.0010 4 136 61 333
chair 0.0010 71 185 102 290
sofa 0.0435 0 234 60 362
diningtable 0.0041 0 242 58 375
