person 0.2783 211 123 222 145
person 0.1361 189 128 201 144
person 0.0662 266 123 280 135
person 0.0275 187 128 206 149
person 0.0211 199 132 210 149
person 0.0143 211 122 224 161
person 0.0072 183 130 197 148
person 0.0068 80 104 84 109
person 0.0063 185 129 196 142
person 0.0040 144 23 484 233
person 0.0037 242 126 254 139
person 0.0035 247 126 257 138
person 0.0024 195 128 214 151
person 0.0018 201 126 212 143
person 0.0015 218 132 226 148
person 0.0015 172 128 205 151
person 0.0015 105 122 121 162
person 0.0013 262 123 272 137
person 0.0013 160 125 172 138
person 0.0012 151 128 162 141
person 0.0011 218 138 226 184
person 0.0011 212 140 226 180
person 0.0011 217 124 227 146
person 0.0010 210 120 220 130
person 0.0010 213 120 231 149
aeroplane 0.9994 33 14 485 243
aeroplane 0.0011 187 174 473 245
sheep 0.0011 144 23 484 233
cow 0.0011 126 4 494 255
sofa 0.0026 144 23 484 233
diningtable 0.0081 28 35 485 277
