person 0.0135 0 48 373 345
person 0.0016 287 265 311 291
person 0.0014 295 257 307 267
person 0.0014 8 187 273 349
person 0.0013 297 278 308 292
car 0.3549 282 265 311 292
car 0.0417 368 258 384 266
car 0.0328 225 283 292 333
car 0.0222 289 260 312 283
car 0.0142 323 258 335 265
car 0.0117 294 267 310 287
car 0.0073 317 256 332 265
car 0.0061 13 40 484 279
car 0.0040 334 257 346 265
car 0.0038 286 270 301 288
car 0.0033 288 263 302 273
car 0.0025 354 256 366 264
car 0.0018 295 257 307 267
car 0.0017 352 273 480 305
car 0.0015 286 278 304 292
car 0.0014 353 246 478 301
car 0.0013 346 255 355 264
motorbike 0.0027 225 283 292 333
motorbike 0.0014 13 40 484 279
aeroplane 0.9981 9 63 489 334
aeroplane 0.1315 337 225 489 307
aeroplane 0.0077 352 273 480 305
aeroplane 0.0064 432 240 499 301
aeroplane 0.0050 370 165 491 308
aeroplane 0.0012 452 242 498 261
bus 0.0013 287 265 311 291
bus 0.0011 337 225 489 307
sheep 0.0014 33 69 510 323
cow 0.0013 -20 65 472 358
sofa 0.0021 13 40 484 279
diningtable 0.0024 33 78 513 352
