bird 0.0019 450 104 481 207
cat 0.0269 450 104 481 207
cat 0.0075 52 105 119 147
cat 0.0066 54 118 93 147
cat 0.0020 91 101 115 135
dog 0.0011 54 118 93 147
horse 0.0027 450 104 481 207
bottle 0.8677 225 154 239 197
bottle 0.0157 287 164 304 199
bottle 0.0147 450 104 481 207
bottle 0.0129 393 200 405 216
bottle 0.0047 391 196 407 224
bottle 0.0035 223 172 234 191
bottle 0.0028 224 164 233 182
bottle 0.0028 220 184 231 197
bottle 0.0024 227 171 238 192
bottle 0.0024 207 171 223 187
bottle 0.0023 227 154 237 174
bottle 0.0022 451 180 473 209
bottle 0.0019 228 161 238 184
bottle 0.0017 289 156 310 191
bottle 0.0010 287 173 298 195
chair 0.0031 479 246 499 376
pottedplant 0.0021 450 104 481 207
diningtable 0.0089 177 208 481 374
tvmonitor 0.9979 38 137 137 243
tvmonitor 0.9194 276 79 406 163
tvmonitor 0.0114 58 158 138 225
tvmonitor 0.0033 199 0 310 43
tvmonitor 0.0013 278 177 387 223
tvmonitor 0.0011 39 160 109 226
tvmonitor 0.0010 229 0 275 13
