person 0.3422 235 220 257 250
person 0.0561 234 223 267 263
person 0.0224 299 248 318 296
person 0.0182 96 151 324 398
person 0.0181 193 217 212 255
person 0.0172 239 224 254 243
person 0.0166 251 212 286 268
person 0.0116 224 215 256 264
person 0.0098 235 227 250 244
person 0.0081 182 208 216 264
person 0.0063 143 217 162 256
person 0.0059 239 195 276 259
person 0.0055 199 217 219 255
person 0.0054 319 253 332 295
person 0.0048 268 227 289 263
person 0.0047 233 237 252 266
person 0.0046 309 251 324 295
person 0.0043 322 255 333 272
person 0.0042 240 221 255 236
person 0.0034 195 212 229 264
person 0.0033 299 239 317 274
person 0.0032 302 251 314 274
person 0.0025 145 235 159 255
person 0.0024 182 228 202 262
person 0.0022 240 238 253 250
person 0.0021 312 253 321 272
person 0.0021 235 236 249 252
person 0.0018 257 217 277 255
person 0.0017 234 246 248 262
person 0.0017 303 246 314 263
person 0.0016 196 223 207 248
person 0.0014 352 263 374 304
person 0.0014 249 225 273 261
person 0.0013 206 225 217 245
person 0.0013 330 258 340 270
person 0.0013 172 190 215 220
person 0.0013 273 225 283 244
person 0.0012 186 234 198 254
person 0.0012 127 232 162 258
person 0.0011 312 250 320 262
person 0.0010 206 216 267 268
person 0.0010 298 243 329 356
person 0.0010 259 233 294 272
car 0.8673 335 259 372 377
car 0.0901 327 267 350 300
car 0.0302 332 256 370 308
car 0.0077 295 255 369 376
car 0.0066 329 283 346 301
car 0.0065 329 268 347 283
car 0.0053 330 274 346 289
car 0.0046 328 263 362 289
car 0.0026 351 282 374 385
car 0.0023 298 244 327 304
car 0.0020 300 251 364 303
car 0.0016 352 263 374 304
car 0.0014 336 273 350 290
car 0.0010 298 243 329 356
bus 0.9908 89 136 303 393
bus 0.0082 335 259 372 377
bus 0.0019 332 256 370 308
bus 0.0018 22 89 357 419
bus 0.0011 296 230 370 296
train 0.0294 93 131 327 391
boat 0.0031 88 98 306 340
bird 0.0026 352 160 365 170
