person 0.9869 80 107 141 282
person 0.9839 122 115 177 278
person 0.9793 305 139 431 275
person 0.6833 378 140 457 250
person 0.4547 367 161 388 185
person 0.3336 374 162 387 180
person 0.0879 433 165 444 176
person 0.0553 429 168 462 193
person 0.0348 307 198 406 301
person 0.0302 373 164 458 221
person 0.0296 437 165 450 177
person 0.0293 388 142 435 216
person 0.0279 361 164 385 196
person 0.0249 381 163 393 179
person 0.0148 426 160 447 186
person 0.0142 379 148 421 210
person 0.0118 388 161 403 177
person 0.0114 374 168 462 297
person 0.0111 413 145 451 205
person 0.0110 365 176 377 187
person 0.0102 341 143 363 176
person 0.0095 418 143 436 179
person 0.0089 372 175 384 185
person 0.0077 367 166 379 181
person 0.0073 341 146 376 199
person 0.0070 386 157 408 181
person 0.0066 435 161 458 186
person 0.0065 293 134 379 260
person 0.0056 428 154 463 208
person 0.0054 389 147 430 179
person 0.0053 409 143 431 180
person 0.0046 379 160 399 183
person 0.0045 426 165 433 177
person 0.0042 336 150 410 202
person 0.0041 448 176 461 188
person 0.0033 329 136 463 212
person 0.0033 381 140 447 187
person 0.0030 366 173 387 205
person 0.0028 295 144 309 178
person 0.0027 394 157 405 170
person 0.0027 354 151 390 204
person 0.0024 349 164 370 196
person 0.0022 289 123 316 186
person 0.0022 376 161 385 170
person 0.0021 126 128 161 226
person 0.0021 296 152 372 205
person 0.0021 424 178 466 253
person 0.0019 443 169 463 194
person 0.0018 431 177 440 189
person 0.0016 287 127 352 230
person 0.0016 441 176 455 188
person 0.0016 424 145 447 178
person 0.0015 358 173 368 190
person 0.0014 408 157 413 164
person 0.0014 328 173 425 215
person 0.0014 301 155 309 166
person 0.0013 291 130 375 188
person 0.0012 411 155 447 186
person 0.0012 449 168 461 179
person 0.0011 433 162 442 169
person 0.0011 301 149 307 157
person 0.0011 427 175 433 189
person 0.0010 326 168 376 194
person 0.0010 382 174 390 184
person 0.0010 333 154 371 187
bottle 0.0324 443 184 450 196
bottle 0.0177 432 184 440 196
bottle 0.0158 427 175 433 189
bottle 0.0135 431 177 440 189
bottle 0.0067 441 176 455 188
bottle 0.0056 454 194 462 204
bottle 0.0052 423 185 432 197
bottle 0.0035 451 186 460 196
bottle 0.0034 459 183 465 197
bottle 0.0026 382 202 393 214
bottle 0.0024 416 184 426 197
bottle 0.0021 433 165 444 176
bottle 0.0016 426 165 433 177
bottle 0.0013 365 176 377 187
bottle 0.0013 427 166 448 194
bottle 0.0011 439 196 453 203
bottle 0.0010 437 175 457 204
chair 0.9853 310 208 387 301
chair 0.4684 290 195 319 268
chair 0.0335 362 193 380 204
chair 0.0329 293 220 317 258
chair 0.0328 429 168 462 193
chair 0.0250 303 203 377 265
chair 0.0158 448 176 461 188
chair 0.0144 294 192 316 227
chair 0.0132 441 176 455 188
chair 0.0131 408 213 460 297
chair 0.0120 427 200 464 263
chair 0.0120 370 193 385 205
chair 0.0073 294 210 328 285
chair 0.0067 360 201 381 214
chair 0.0067 294 189 379 237
chair 0.0065 361 187 381 196
chair 0.0058 304 202 378 217
chair 0.0058 454 194 462 204
chair 0.0058 451 186 460 196
chair 0.0054 374 201 387 213
chair 0.0053 337 202 416 265
chair 0.0050 360 186 383 211
chair 0.0049 425 205 446 233
chair 0.0039 290 152 385 279
chair 0.0038 426 179 463 202
chair 0.0037 392 213 437 292
chair 0.0036 368 186 385 194
chair 0.0034 355 197 387 220
chair 0.0029 372 175 384 185
chair 0.0029 431 177 440 189
chair 0.0025 365 176 377 187
chair 0.0023 425 206 432 227
chair 0.0022 370 189 407 213
chair 0.0021 443 169 463 194
chair 0.0021 446 175 462 205
chair 0.0018 388 189 474 299
chair 0.0018 458 191 465 205
chair 0.0017 291 151 314 245
chair 0.0015 428 168 466 224
chair 0.0014 289 180 345 286
chair 0.0014 295 192 307 205
chair 0.0014 293 185 300 195
chair 0.0014 297 172 377 215
chair 0.0014 438 214 459 259
chair 0.0013 459 183 465 197
chair 0.0013 426 199 462 218
chair 0.0012 427 175 433 189
chair 0.0012 379 240 448 300
chair 0.0011 382 202 393 214
chair 0.0011 294 186 303 197
chair 0.0011 446 211 462 261
chair 0.0011 422 203 437 232
chair 0.0010 443 184 450 196
chair 0.0010 425 190 463 208
pottedplant 0.0020 365 33 428 95
pottedplant 0.0012 404 44 426 83
pottedplant 0.0012 302 45 375 109
diningtable 0.1426 414 189 463 207
diningtable 0.1156 361 187 381 196
diningtable 0.0939 395 186 464 243
diningtable 0.0839 373 164 458 221
diningtable 0.0487 395 206 464 301
diningtable 0.0475 362 193 380 204
diningtable 0.0355 368 186 385 194
diningtable 0.0328 337 148 459 269
diningtable 0.0322 416 181 461 203
diningtable 0.0306 426 199 462 218
diningtable 0.0300 424 178 466 253
diningtable 0.0274 425 202 462 233
diningtable 0.0178 391 205 444 229
diningtable 0.0145 419 172 476 218
diningtable 0.0130 433 204 460 210
diningtable 0.0104 357 180 386 200
diningtable 0.0085 401 195 455 225
diningtable 0.0080 370 193 385 205
diningtable 0.0074 381 202 450 260
diningtable 0.0066 344 196 444 234
diningtable 0.0057 370 189 407 213
diningtable 0.0056 439 196 453 203
diningtable 0.0042 429 168 462 193
diningtable 0.0039 431 194 445 201
diningtable 0.0037 307 198 406 301
diningtable 0.0034 389 198 428 224
diningtable 0.0033 418 174 477 295
diningtable 0.0032 360 186 383 211
diningtable 0.0031 372 175 384 185
diningtable 0.0028 357 204 426 261
diningtable 0.0025 365 176 377 187
diningtable 0.0025 451 186 460 196
diningtable 0.0021 360 201 381 214
diningtable 0.0020 358 185 368 195
diningtable 0.0019 392 213 437 292
diningtable 0.0016 355 197 387 220
diningtable 0.0016 366 173 387 205
diningtable 0.0015 300 203 399 216
diningtable 0.0013 354 164 387 196
diningtable 0.0013 454 194 462 204
diningtable 0.0013 423 185 432 197
diningtable 0.0013 395 212 441 242
diningtable 0.0013 299 174 407 215
diningtable 0.0012 422 190 432 202
diningtable 0.0012 368 179 409 203
diningtable 0.0012 427 185 446 213
diningtable 0.0012 448 176 461 188
diningtable 0.0011 418 183 434 215
diningtable 0.0011 299 193 408 233
diningtable 0.0011 399 213 415 221
diningtable 0.0010 441 176 455 188
diningtable 0.0010 364 208 413 228
tvmonitor 0.0213 2 133 42 206
tvmonitor 0.0010 3 124 43 275
