person 0.9922 4 215 287 371
person 0.7251 374 3 446 147
person 0.0151 38 298 73 356
person 0.0117 297 4 446 145
person 0.0022 0 123 280 344
person 0.0017 -44 170 323 420
person 0.0017 370 -5 509 219
person 0.0011 409 0 500 128
bird 0.9944 69 115 292 231
bird 0.9626 387 252 432 309
bird 0.7879 44 299 73 354
bird 0.1707 150 28 172 55
bird 0.0423 53 82 76 111
bird 0.0167 20 299 76 358
bird 0.0024 68 3 268 79
bird 0.0015 130 26 172 55
bird 0.0014 156 37 174 55
bird 0.0011 101 20 184 63
cat 0.0165 38 298 73 356
cat 0.0024 81 105 310 249
cat 0.0016 387 252 432 309
dog 0.0024 388 256 431 314
dog 0.0015 86 118 306 229
dog 0.0012 38 298 73 356
bottle 0.5907 44 299 73 354
bottle 0.0015 388 256 431 314
diningtable 0.0039 17 189 301 363
