person 0.9980 27 114 157 258
person 0.9922 139 119 257 241
person 0.9922 280 128 356 219
person 0.9530 339 129 411 212
person 0.0866 298 133 440 221
person 0.0339 0 176 24 260
person 0.0157 0 124 18 269
person 0.0144 1 122 257 256
person 0.0080 385 150 445 203
person 0.0066 1 215 26 289
person 0.0059 1 192 13 229
person 0.0045 217 140 373 232
person 0.0038 397 155 435 185
person 0.0038 411 152 447 210
person 0.0032 1 199 8 218
person 0.0025 257 119 399 212
person 0.0024 0 194 24 231
person 0.0022 -1 72 23 322
person 0.0019 491 153 500 211
person 0.0016 480 130 500 227
person 0.0015 488 196 498 209
person 0.0014 0 217 23 259
person 0.0013 92 120 402 264
person 0.0011 0 149 7 234
person 0.0011 338 128 381 196
person 0.0010 0 72 13 247
bottle 0.0248 390 163 404 179
bottle 0.0193 425 191 442 218
bottle 0.0138 426 153 444 193
bottle 0.0120 388 158 406 184
bottle 0.0108 428 154 442 167
bottle 0.0095 385 163 399 178
bottle 0.0059 279 154 289 171
bottle 0.0054 492 211 499 230
bottle 0.0053 280 165 289 177
bottle 0.0049 336 129 453 221
bottle 0.0043 398 153 434 179
bottle 0.0042 98 185 118 215
bottle 0.0031 465 204 485 234
bottle 0.0030 488 196 498 209
bottle 0.0029 491 204 497 219
bottle 0.0025 486 194 498 230
bottle 0.0023 266 132 384 225
bottle 0.0019 389 163 408 199
bottle 0.0015 394 176 405 185
bottle 0.0012 319 275 344 301
bottle 0.0012 411 152 447 210
bottle 0.0011 388 176 409 208
bottle 0.0011 387 210 405 246
bottle 0.0010 477 197 497 227
bottle 0.0010 422 156 435 166
chair 0.2869 254 181 289 220
chair 0.0712 0 194 24 231
chair 0.0621 235 164 250 218
chair 0.0514 0 212 24 249
chair 0.0269 249 170 304 222
chair 0.0240 240 165 280 223
chair 0.0214 1 199 8 218
chair 0.0146 326 172 340 208
chair 0.0117 0 192 24 278
chair 0.0097 265 171 328 220
chair 0.0070 1 192 13 229
chair 0.0063 2 195 21 213
chair 0.0054 264 125 346 227
chair 0.0052 385 150 445 203
chair 0.0048 405 175 446 207
chair 0.0047 138 110 250 243
chair 0.0046 397 155 435 185
chair 0.0042 394 130 459 190
chair 0.0040 347 140 431 208
chair 0.0037 384 160 398 173
chair 0.0034 328 181 337 202
chair 0.0032 272 177 290 187
chair 0.0026 19 234 30 253
chair 0.0024 326 135 396 209
chair 0.0023 253 172 292 191
chair 0.0023 242 154 270 177
chair 0.0023 437 321 491 373
chair 0.0022 1 205 13 255
chair 0.0022 1 205 4 236
chair 0.0022 450 168 501 199
chair 0.0021 391 159 404 175
chair 0.0021 273 182 292 219
chair 0.0020 51 193 502 354
chair 0.0019 16 193 30 232
chair 0.0018 5 219 21 237
chair 0.0017 152 223 165 238
chair 0.0016 16 225 33 255
chair 0.0016 411 152 447 210
chair 0.0015 3 202 20 216
chair 0.0015 185 161 254 230
chair 0.0015 327 172 336 195
chair 0.0015 495 154 499 172
chair 0.0014 232 157 245 212
chair 0.0013 6 214 22 230
chair 0.0013 164 223 192 242
chair 0.0013 488 196 498 209
chair 0.0012 1 228 22 269
chair 0.0012 184 152 221 208
chair 0.0011 245 176 267 185
chair 0.0011 328 194 338 207
chair 0.0011 400 167 438 198
chair 0.0011 180 151 215 178
chair 0.0011 1 211 5 248
sofa 0.0061 -9 222 448 361
sofa 0.0022 444 158 500 210
pottedplant 0.0253 310 246 371 300
pottedplant 0.0087 263 261 302 298
pottedplant 0.0070 266 252 391 335
pottedplant 0.0053 340 254 376 284
pottedplant 0.0019 126 214 439 304
pottedplant 0.0014 339 246 378 273
pottedplant 0.0013 244 151 283 178
pottedplant 0.0010 314 265 351 296
diningtable 0.8913 15 215 483 364
diningtable 0.0203 450 168 501 199
diningtable 0.0079 126 214 439 304
diningtable 0.0069 255 170 292 222
diningtable 0.0042 253 172 292 191
diningtable 0.0025 250 157 295 185
diningtable 0.0023 77 194 425 274
diningtable 0.0021 451 151 500 214
diningtable 0.0019 242 152 307 208
diningtable 0.0014 240 165 280 223
diningtable 0.0014 336 129 453 221
diningtable 0.0013 50 136 507 330
diningtable 0.0012 266 144 339 216
diningtable 0.0012 437 321 491 373
diningtable 0.0012 451 167 503 183
diningtable 0.0011 497 159 499 185
diningtable 0.0011 250 187 478 260
diningtable 0.0011 14 131 237 245
diningtable 0.0011 266 132 384 225
diningtable 0.0010 0 217 23 259
diningtable 0.0010 0 199 25 240
tvmonitor 0.0032 442 168 501 219
