person 0.0135 105 21 520 299
person 0.0127 4 157 101 345
person 0.0012 0 54 54 340
bicycle 0.9926 56 25 466 300
bicycle 0.0014 1 33 109 360
car 0.0049 4 157 101 345
car 0.0030 105 21 520 299
motorbike 0.0012 1 33 109 360
motorbike 0.0012 107 39 517 320
bus 0.0031 56 25 466 300
train 0.0062 56 25 466 300
boat 0.0046 40 41 485 316
dog 0.0015 2 148 102 333
bottle 0.0170 1 33 109 360
chair 0.0212 107 39 517 320
chair 0.0031 4 157 101 345
sofa 0.0036 4 157 101 345
pottedplant 0.0045 107 39 517 320
pottedplant 0.0017 1 33 109 360
diningtable 0.0023 62 79 500 348
tvmonitor 0.0113 323 3 397 76
