person 0.0076 95 171 103 178
person 0.0066 286 206 296 216
person 0.0059 299 198 305 208
person 0.0017 240 171 251 180
person 0.0016 79 175 101 193
person 0.0016 269 204 277 216
person 0.0011 90 171 98 176
person 0.0011 0 175 4 193
person 0.0011 91 177 106 190
person 0.0010 264 202 270 214
car 0.8695 56 193 71 202
car 0.8363 136 173 145 178
car 0.7336 153 171 160 175
car 0.4402 145 172 151 177
car 0.3621 164 170 170 174
car 0.3302 192 170 198 175
car 0.2648 136 175 145 181
car 0.2354 125 172 133 176
car 0.2082 174 169 179 172
car 0.1856 186 168 191 172
car 0.1556 79 175 101 193
car 0.1324 91 177 106 190
car 0.0937 286 206 296 216
car 0.0817 114 171 127 177
car 0.0718 0 186 4 195
car 0.0470 126 176 135 181
car 0.0426 195 165 198 168
car 0.0415 77 177 91 191
car 0.0368 186 165 189 168
car 0.0316 258 173 270 180
car 0.0251 0 175 4 193
car 0.0236 110 176 127 183
car 0.0190 164 163 168 166
car 0.0176 256 175 269 185
car 0.0153 143 176 151 181
car 0.0129 176 165 179 167
car 0.0121 159 164 163 167
car 0.0114 93 183 105 193
car 0.0097 232 170 242 179
car 0.0093 95 171 103 178
car 0.0090 107 171 117 177
car 0.0089 63 172 78 179
car 0.0089 240 171 251 180
car 0.0088 278 204 294 215
car 0.0082 248 172 258 180
car 0.0081 496 275 500 286
car 0.0067 496 279 500 295
car 0.0062 23 173 470 370
car 0.0059 224 170 231 176
car 0.0059 489 260 495 271
car 0.0058 203 169 207 172
car 0.0055 192 176 199 181
car 0.0049 249 175 257 183
car 0.0042 458 284 475 295
car 0.0039 22 182 32 188
car 0.0036 203 163 205 166
car 0.0031 25 181 35 187
car 0.0027 68 163 180 193
car 0.0026 431 280 443 288
car 0.0023 106 178 116 185
car 0.0023 59 173 67 179
car 0.0020 83 182 101 195
car 0.0019 457 277 496 300
car 0.0017 100 169 156 180
car 0.0016 118 168 178 179
car 0.0016 90 171 98 176
car 0.0016 242 174 252 182
car 0.0016 147 165 150 168
car 0.0016 269 204 277 216
car 0.0015 65 175 77 183
car 0.0014 0 191 3 208
car 0.0014 469 281 477 291
car 0.0013 53 184 75 202
car 0.0012 267 200 298 218
car 0.0012 153 176 161 182
car 0.0012 458 269 467 275
car 0.0012 62 193 73 202
car 0.0012 103 242 158 262
car 0.0011 0 165 3 184
car 0.0011 126 164 131 168
car 0.0011 485 261 493 271
car 0.0011 280 198 290 207
car 0.0011 331 301 355 315
car 0.0010 81 163 281 186
car 0.0010 212 169 216 173
car 0.0010 144 165 211 177
car 0.0010 137 165 141 168
motorbike 0.0051 286 206 296 216
motorbike 0.0026 56 193 71 202
bus 0.1068 77 175 105 194
bus 0.0159 91 177 106 190
bus 0.0040 95 171 103 178
bus 0.0030 114 171 127 177
bus 0.0021 85 166 135 179
bus 0.0016 77 177 91 191
boat 0.0046 194 167 478 363
horse 0.0010 256 175 269 185
cow 0.0064 256 175 269 185
cow 0.0035 258 173 270 180
cow 0.0015 249 175 257 183
tvmonitor 0.0010 0 94 29 115
