person 0.5299 214 351 273 375
person 0.0054 85 356 102 374
person 0.0044 35 341 88 372
person 0.0042 0 165 9 217
person 0.0034 247 266 267 296
person 0.0024 0 176 4 206
person 0.0016 487 334 499 376
person 0.0015 1 101 21 215
person 0.0013 205 339 307 374
person 0.0011 -2 32 448 364
bicycle 0.0014 1 198 57 355
car 0.0225 16 63 463 369
car 0.0196 0 332 63 375
car 0.0182 0 350 52 375
car 0.0023 4 344 89 379
car 0.0013 488 322 499 370
motorbike 0.0172 25 337 104 375
motorbike 0.0034 9 39 466 355
motorbike 0.0024 0 332 63 375
motorbike 0.0013 17 340 192 369
aeroplane 0.0010 9 39 466 355
bus 0.1932 9 39 466 355
train 0.0011 68 24 497 365
boat 0.0038 0 59 446 368
dog 0.0012 246 117 307 168
cow 0.0035 -2 32 448 364
chair 0.0016 201 212 278 342
chair 0.0013 166 27 499 369
pottedplant 0.0037 16 -2 169 80
tvmonitor 0.0054 201 212 278 342
tvmonitor 0.0024 0 59 446 368
