person 0.9696 81 24 374 477
person 0.0281 -30 25 289 492
person 0.0222 23 2 378 278
person 0.0096 330 4 379 124
person 0.0049 226 19 362 481
person 0.0033 61 76 328 334
person 0.0025 361 9 382 120
person 0.0024 53 1 243 216
person 0.0020 368 163 382 358
person 0.0019 333 55 380 384
person 0.0015 15 52 28 69
boat 0.0021 13 15 316 421
dog 0.9910 -1 52 319 499
dog 0.0072 61 76 328 334
dog 0.0048 47 121 266 437
sheep 0.0011 -1 52 319 499
cow 0.0014 -19 51 279 508
bottle 0.0014 361 9 382 120
chair 0.0199 35 12 364 346
chair 0.0180 2 134 314 506
chair 0.0023 50 5 255 254
sofa 0.1444 13 15 316 421
sofa 0.0819 0 147 369 503
sofa 0.0014 145 21 369 480
diningtable 0.0037 69 11 384 347
