person 0.9805 284 169 299 184
person 0.8904 339 155 357 184
person 0.7914 265 170 277 184
person 0.3426 263 166 273 182
person 0.3142 342 160 355 179
person 0.0736 80 134 85 145
person 0.0706 275 125 293 157
person 0.0662 275 125 313 157
person 0.0652 262 127 269 143
person 0.0520 480 134 492 151
person 0.0465 279 133 290 153
person 0.0465 287 133 297 151
person 0.0429 328 129 334 137
person 0.0412 262 133 267 143
person 0.0410 79 130 83 139
person 0.0298 34 133 37 138
person 0.0296 282 125 302 156
person 0.0292 288 143 298 157
person 0.0284 483 130 488 135
person 0.0258 296 145 308 157
person 0.0235 341 157 347 167
person 0.0231 297 123 307 137
person 0.0227 266 112 320 159
person 0.0225 262 166 281 191
person 0.0223 56 138 71 149
person 0.0223 469 136 480 147
person 0.0218 278 121 289 139
person 0.0215 293 118 314 152
person 0.0214 35 135 37 140
person 0.0202 472 131 478 137
person 0.0198 277 141 289 157
person 0.0187 185 131 192 139
person 0.0179 209 132 218 139
person 0.0176 297 133 310 152
person 0.0137 462 138 474 146
person 0.0135 288 124 298 138
person 0.0133 279 119 290 132
person 0.0123 477 130 494 155
person 0.0122 209 136 222 142
person 0.0120 280 168 303 189
person 0.0105 336 130 347 136
person 0.0104 285 118 301 130
person 0.0103 495 129 498 136
person 0.0097 242 127 250 138
person 0.0090 267 124 276 139
person 0.0087 217 137 233 142
person 0.0084 339 162 348 175
person 0.0081 65 139 75 147
person 0.0074 295 119 306 132
person 0.0070 172 133 182 137
person 0.0069 325 157 358 182
person 0.0068 306 148 316 156
person 0.0065 464 132 471 138
person 0.0062 281 173 292 184
person 0.0060 304 131 314 151
person 0.0055 206 131 213 137
person 0.0054 479 145 493 154
person 0.0053 190 130 197 139
person 0.0051 183 136 192 141
person 0.0050 492 131 496 151
person 0.0048 193 142 363 175
person 0.0048 230 117 334 152
person 0.0042 424 133 432 138
person 0.0042 272 142 317 160
person 0.0041 146 137 153 144
person 0.0040 300 124 316 155
person 0.0034 264 171 322 187
person 0.0032 275 113 311 136
person 0.0031 221 133 230 138
person 0.0031 86 137 92 146
person 0.0029 147 133 152 137
person 0.0029 152 138 161 146
person 0.0028 54 137 58 146
person 0.0027 281 154 307 161
person 0.0024 306 124 314 140
person 0.0024 292 137 313 161
person 0.0023 109 140 117 147
person 0.0023 273 146 281 158
person 0.0022 407 135 415 146
person 0.0022 205 136 214 142
person 0.0021 58 132 62 137
person 0.0020 85 129 89 137
person 0.0019 468 144 481 151
person 0.0018 270 135 278 147
person 0.0017 266 118 305 146
person 0.0016 449 140 462 145
person 0.0016 164 133 176 136
person 0.0015 316 170 322 177
person 0.0014 466 130 487 152
person 0.0014 223 138 245 142
person 0.0013 411 136 419 144
person 0.0013 268 123 285 158
person 0.0013 170 136 186 140
person 0.0012 439 140 455 145
person 0.0012 343 159 352 168
person 0.0011 83 107 426 164
person 0.0011 322 130 328 136
person 0.0011 257 163 276 183
person 0.0010 237 137 251 142
person 0.0010 72 131 76 136
bicycle 0.0014 272 142 317 160
car 0.0034 177 167 392 191
car 0.0016 480 134 492 151
boat 0.8123 182 169 405 192
boat 0.0868 266 112 320 159
boat 0.0810 272 142 317 160
boat 0.0672 209 136 222 142
boat 0.0511 206 134 264 142
boat 0.0395 328 127 390 137
boat 0.0287 176 138 401 183
boat 0.0259 155 102 420 170
boat 0.0208 275 125 313 157
boat 0.0188 411 137 483 148
boat 0.0125 217 137 233 142
boat 0.0125 272 153 315 162
boat 0.0106 397 138 498 168
boat 0.0104 170 136 186 140
boat 0.0094 172 133 182 137
boat 0.0080 403 143 489 156
boat 0.0080 223 138 245 142
boat 0.0080 202 128 268 143
boat 0.0077 301 81 498 166
boat 0.0072 183 136 192 141
boat 0.0070 228 139 360 175
boat 0.0069 230 117 334 152
boat 0.0066 281 154 307 161
boat 0.0065 424 133 432 138
boat 0.0061 317 126 368 137
boat 0.0057 338 131 360 136
boat 0.0057 426 138 448 142
boat 0.0053 209 132 218 139
boat 0.0048 208 177 413 195
boat 0.0048 422 137 435 141
boat 0.0048 185 131 192 139
boat 0.0045 431 133 443 137
boat 0.0043 336 130 347 136
boat 0.0038 439 140 455 145
boat 0.0037 361 130 381 136
boat 0.0032 237 137 251 142
boat 0.0027 439 132 453 136
boat 0.0026 205 136 214 142
boat 0.0025 367 131 388 136
boat 0.0024 262 119 408 150
boat 0.0024 78 120 87 128
boat 0.0023 328 129 334 137
boat 0.0022 403 124 493 156
boat 0.0022 56 138 71 149
boat 0.0022 316 117 385 135
boat 0.0022 164 133 176 136
boat 0.0020 190 130 197 139
boat 0.0018 190 135 198 141
boat 0.0018 345 132 373 135
boat 0.0018 96 126 307 145
boat 0.0018 296 122 496 147
boat 0.0018 412 129 482 139
boat 0.0016 345 127 433 136
boat 0.0016 449 140 462 145
boat 0.0015 79 130 83 139
boat 0.0015 480 134 492 151
boat 0.0014 206 131 213 137
boat 0.0013 74 140 163 150
boat 0.0013 451 133 461 136
boat 0.0013 85 121 91 126
boat 0.0012 147 130 209 139
boat 0.0012 462 138 474 146
boat 0.0011 413 132 424 137
boat 0.0011 34 133 37 138
boat 0.0011 149 136 242 143
boat 0.0010 479 145 493 154
boat 0.0010 469 136 480 147
boat 0.0010 153 132 162 136
bird 0.0597 50 0 67 10
bird 0.0039 316 170 322 177
bird 0.0015 182 85 186 89
bird 0.0015 -1 0 70 14
bird 0.0014 263 166 273 182
bird 0.0012 123 147 131 151
bird 0.0011 34 0 71 12
bird 0.0010 341 157 347 167
dog 0.0046 56 138 71 149
dog 0.0037 339 155 357 184
dog 0.0021 342 160 355 179
dog 0.0019 263 166 273 182
horse 0.0137 275 125 313 157
horse 0.0044 56 138 71 149
horse 0.0019 272 142 317 160
chair 0.0145 56 138 71 149
chair 0.0030 56 142 70 152
chair 0.0022 80 134 85 145
chair 0.0016 65 139 75 147
pottedplant 0.0023 56 138 71 149
diningtable 0.0017 56 138 71 149
