person 0.0040 356 19 503 333
person 0.0018 6 5 157 148
bird 0.0846 -1 -5 107 142
bird 0.0012 330 10 498 291
cat 0.0058 -1 -5 107 142
dog 0.0446 6 1 120 143
dog 0.0079 134 11 396 256
dog 0.0044 3 9 171 197
dog 0.0039 330 10 498 291
horse 0.0260 6 1 120 143
horse 0.0042 330 10 498 291
horse 0.0019 134 11 396 256
horse 0.0011 3 9 171 197
sheep 0.9801 145 8 407 241
sheep 0.7734 330 10 498 291
sheep 0.7538 6 1 120 143
sheep 0.0140 71 31 423 338
sheep 0.0093 94 11 411 113
sheep 0.0052 29 44 170 178
sheep 0.0044 152 10 409 73
sheep 0.0012 369 72 495 361
sheep 0.0012 370 18 494 181
sheep 0.0012 69 8 285 73
sheep 0.0010 314 4 398 50
cow 0.4958 352 9 504 297
cow 0.1808 6 1 120 143
cow 0.1357 128 6 399 243
cow 0.0072 3 9 171 197
cow 0.0013 259 6 478 229
diningtable 0.0062 38 30 395 349
