person 0.9491 -1 29 279 361
person 0.7741 133 136 266 256
person 0.6858 259 189 389 280
person 0.4997 259 190 334 316
person 0.2785 80 113 275 339
person 0.2059 274 198 359 263
person 0.0096 280 190 327 256
person 0.0078 272 235 368 269
person 0.0054 3 44 120 338
person 0.0047 256 220 292 254
person 0.0043 276 237 440 320
person 0.0042 139 216 361 317
person 0.0040 110 172 393 352
person 0.0025 244 206 316 260
person 0.0016 18 22 180 291
person 0.0015 50 136 222 249
person 0.0015 288 232 337 263
person 0.0011 224 185 431 344
person 0.0010 33 61 456 385
bicycle 0.0526 82 201 122 272
bicycle 0.0184 100 226 123 255
bicycle 0.0036 78 224 123 256
bicycle 0.0022 75 172 132 302
bicycle 0.0019 47 213 126 265
bicycle 0.0016 74 228 133 278
car 0.0641 33 61 456 385
car 0.0536 71 236 436 369
car 0.0125 99 234 243 306
car 0.0097 276 237 440 320
car 0.0043 110 172 393 352
car 0.0033 101 251 313 343
car 0.0023 139 216 361 317
car 0.0017 82 201 122 272
car 0.0017 258 210 399 311
car 0.0015 165 247 411 342
car 0.0011 80 113 275 339
motorbike 0.0060 82 201 122 272
bus 0.0145 29 -3 458 388
bus 0.0010 208 -8 523 396
train 0.0061 88 50 485 393
boat 0.0112 88 50 485 393
chair 0.0714 266 253 452 334
chair 0.0332 99 248 403 349
chair 0.0280 274 235 390 266
chair 0.0255 100 258 219 317
chair 0.0197 327 242 378 264
chair 0.0174 310 268 405 324
chair 0.0171 355 235 400 265
chair 0.0164 89 250 259 339
chair 0.0134 81 230 120 308
chair 0.0034 26 225 466 379
chair 0.0031 99 234 243 306
chair 0.0028 258 210 399 311
chair 0.0022 76 287 413 371
chair 0.0014 239 231 485 370
chair 0.0013 255 266 315 321
chair 0.0010 100 226 123 255
chair 0.0010 247 296 469 369
sofa 0.0083 99 248 403 349
pottedplant 0.0032 49 231 123 307
tvmonitor 0.0038 33 61 456 385
tvmonitor 0.0032 108 50 307 140
