person 0.0057 161 270 183 302
person 0.0047 15 259 307 449
person 0.0014 367 292 375 348
person 0.0010 114 279 137 302
car 0.9999 -5 259 384 446
car 0.0120 367 292 375 336
car 0.0044 363 294 373 335
car 0.0043 0 292 18 330
bird 0.0042 271 180 281 190
pottedplant 0.0428 14 237 86 307
pottedplant 0.0182 0 292 18 330
pottedplant 0.0159 269 284 306 307
pottedplant 0.0032 1 293 13 309
pottedplant 0.0011 12 247 26 299
pottedplant 0.0011 1 309 16 328
pottedplant 0.0011 12 284 23 305
pottedplant 0.0010 256 278 329 314
