person 0.0048 491 111 498 123
person 0.0045 171 165 188 176
person 0.0041 492 115 498 128
person 0.0030 100 134 357 283
person 0.0022 148 151 189 177
person 0.0017 497 117 499 148
car 0.9997 94 128 385 278
car 0.9920 105 114 151 134
car 0.4868 157 115 173 135
car 0.4679 151 118 170 133
car 0.3581 159 108 216 135
car 0.3032 491 111 498 123
car 0.1859 476 112 495 124
car 0.1859 492 115 498 128
car 0.1069 286 108 360 127
car 0.0947 273 109 332 127
car 0.0913 472 116 485 126
car 0.0854 445 114 485 129
car 0.0833 447 117 462 126
car 0.0622 286 114 337 129
car 0.0555 144 117 156 130
car 0.0552 353 104 405 125
car 0.0541 267 106 302 127
car 0.0468 404 105 454 127
car 0.0448 402 99 419 106
car 0.0408 272 113 315 129
car 0.0399 336 109 386 126
car 0.0350 274 109 289 124
car 0.0314 471 106 499 126
car 0.0296 292 117 313 127
car 0.0274 224 106 286 127
car 0.0259 448 113 461 123
car 0.0256 405 98 427 107
car 0.0244 152 113 182 135
car 0.0223 195 104 234 130
car 0.0209 270 109 282 124
car 0.0196 441 112 456 123
car 0.0133 443 116 456 126
car 0.0132 220 108 232 125
car 0.0128 493 97 498 115
car 0.0126 185 102 294 133
car 0.0125 217 104 235 130
car 0.0121 293 102 412 126
car 0.0117 397 99 501 129
car 0.0105 350 112 373 123
car 0.0097 190 100 199 109
car 0.0096 275 115 290 127
car 0.0076 304 115 377 127
car 0.0069 286 117 302 128
car 0.0068 221 114 231 129
car 0.0068 200 101 212 111
car 0.0064 338 101 447 127
car 0.0064 429 108 487 126
car 0.0064 293 112 311 123
car 0.0062 169 108 187 138
car 0.0059 105 120 119 132
car 0.0056 403 99 454 113
car 0.0053 183 110 228 132
car 0.0050 142 111 156 124
car 0.0042 184 99 195 109
car 0.0040 301 118 320 127
car 0.0039 345 116 393 126
car 0.0038 349 117 373 125
car 0.0036 487 100 499 129
car 0.0034 212 108 220 123
car 0.0034 176 99 216 114
car 0.0034 176 100 196 135
car 0.0034 404 95 426 104
car 0.0031 219 100 232 111
car 0.0029 131 117 148 130
car 0.0028 271 114 281 128
car 0.0028 248 111 298 132
car 0.0027 201 109 212 121
car 0.0024 474 111 498 133
car 0.0024 414 101 439 108
car 0.0024 400 98 436 111
car 0.0023 408 109 430 122
car 0.0023 157 104 177 133
car 0.0023 211 113 221 130
car 0.0023 452 116 478 128
car 0.0023 108 119 127 132
car 0.0022 286 111 300 122
car 0.0022 171 111 180 137
car 0.0021 371 110 387 122
car 0.0021 476 95 499 122
car 0.0021 353 101 405 115
car 0.0020 200 115 213 130
car 0.0020 254 103 348 132
car 0.0018 208 102 224 132
car 0.0018 372 99 424 109
car 0.0017 356 117 380 125
car 0.0016 228 108 237 120
car 0.0016 314 119 328 127
car 0.0016 453 113 479 123
car 0.0016 446 111 465 137
car 0.0016 345 118 358 125
car 0.0015 380 109 396 121
car 0.0015 421 114 471 131
car 0.0015 94 118 106 129
car 0.0015 273 104 292 113
car 0.0014 161 123 172 137
car 0.0014 344 111 358 123
car 0.0014 162 110 174 122
car 0.0013 0 114 3 133
car 0.0013 214 103 259 129
car 0.0013 397 111 441 132
