person 0.9992 233 179 273 322
person 0.9990 11 192 54 342
person 0.9980 185 179 226 321
person 0.9977 104 183 147 348
person 0.0274 227 181 256 299
person 0.0238 489 176 500 224
person 0.0160 485 170 499 374
person 0.0075 447 158 501 355
person 0.0061 493 168 499 272
person 0.0059 3 232 19 354
person 0.0057 0 247 12 308
person 0.0056 109 215 143 296
person 0.0054 483 161 500 274
person 0.0045 494 186 499 213
person 0.0039 471 135 500 379
person 0.0035 241 233 269 313
person 0.0034 109 187 147 253
person 0.0029 142 246 167 294
person 0.0027 0 251 4 383
person 0.0023 492 148 500 218
person 0.0021 1 213 25 298
person 0.0017 2 251 20 288
person 0.0016 0 303 5 388
person 0.0016 28 207 56 305
person 0.0015 0 235 14 286
person 0.0014 219 253 236 288
person 0.0014 0 262 7 331
person 0.0013 1 253 7 285
person 0.0012 206 195 232 272
person 0.0011 7 220 22 258
person 0.0011 219 269 238 310
person 0.0011 2 249 6 271
car 0.0050 0 247 14 291
bird 0.0013 310 284 329 313
dog 0.0018 142 246 167 294
dog 0.0010 0 262 7 331
pottedplant 0.0123 448 183 500 363
pottedplant 0.0026 219 257 237 297
pottedplant 0.0024 272 48 468 330
pottedplant 0.0022 375 162 502 367
pottedplant 0.0021 485 170 499 374
pottedplant 0.0013 0 247 14 291
pottedplant 0.0012 470 156 499 387
pottedplant 0.0012 222 269 233 288
