person 0.9994 220 170 273 372
person 0.9993 22 123 79 274
person 0.9968 162 182 231 376
person 0.9933 0 125 23 278
person 0.6214 148 158 189 359
person 0.1494 185 72 221 127
person 0.0847 159 170 194 256
person 0.0408 245 54 312 112
person 0.0361 242 56 281 113
person 0.0336 155 168 200 308
person 0.0265 151 180 174 366
person 0.0189 197 70 218 102
person 0.0170 2 122 56 278
person 0.0129 121 42 508 311
person 0.0121 176 163 220 229
person 0.0088 185 69 252 127
person 0.0080 193 84 218 123
person 0.0062 200 76 216 94
person 0.0054 148 261 175 361
person 0.0043 31 145 66 248
person 0.0036 287 90 318 117
person 0.0035 162 173 188 210
person 0.0035 243 58 267 96
person 0.0033 204 57 276 112
person 0.0030 144 109 155 127
person 0.0029 166 159 228 272
person 0.0028 1 181 18 285
person 0.0027 0 122 21 197
person 0.0027 1 158 8 243
person 0.0026 265 68 328 121
person 0.0026 230 67 292 124
person 0.0021 221 64 261 132
person 0.0018 202 59 224 97
person 0.0018 487 54 499 99
person 0.0017 373 75 408 112
person 0.0017 165 217 197 290
person 0.0015 177 164 213 196
person 0.0015 237 67 273 103
person 0.0013 198 57 237 115
person 0.0013 249 59 295 95
person 0.0012 244 77 266 116
person 0.0010 202 75 225 116
person 0.0010 495 71 499 100
person 0.0010 128 163 174 380
bus 0.9995 128 -6 497 285
bus 0.0160 245 98 502 284
boat 0.0652 54 68 111 78
boat 0.0337 47 61 117 78
boat 0.0232 13 49 122 81
boat 0.0061 28 71 54 77
boat 0.0050 15 69 91 78
boat 0.0049 57 45 143 83
boat 0.0039 0 62 46 74
boat 0.0035 25 72 44 77
boat 0.0032 5 61 127 89
boat 0.0025 22 59 81 77
boat 0.0019 5 66 23 71
boat 0.0019 63 72 98 77
boat 0.0018 1 65 5 70
boat 0.0016 57 47 126 70
boat 0.0013 27 66 42 73
boat 0.0013 33 66 49 74
boat 0.0013 13 65 31 71
boat 0.0012 63 57 135 76
boat 0.0011 60 72 83 77
boat 0.0010 107 54 140 111
boat 0.0010 41 72 61 77
bottle 0.0029 72 166 78 174
