person 0.9981 101 83 495 353
person 0.9922 123 36 250 193
person 0.7177 324 62 490 174
person 0.0138 318 66 433 123
person 0.0041 204 73 451 149
person 0.0028 313 71 504 286
person 0.0022 177 69 319 209
person 0.0015 227 53 509 192
person 0.0014 138 76 370 304
person 0.0013 335 66 378 129
person 0.0011 180 58 254 185
bottle 0.0022 347 118 354 128
chair 0.1756 181 85 199 110
chair 0.0775 134 44 262 189
chair 0.0703 249 72 272 86
chair 0.0537 182 66 255 208
chair 0.0402 304 59 507 221
chair 0.0364 187 110 252 173
chair 0.0250 182 70 320 168
chair 0.0218 183 88 251 149
chair 0.0205 236 72 273 97
chair 0.0169 304 73 374 125
chair 0.0122 307 75 349 102
chair 0.0085 354 67 500 170
chair 0.0078 187 116 250 235
chair 0.0077 468 121 500 234
chair 0.0076 172 82 239 125
chair 0.0075 181 81 232 111
chair 0.0073 186 89 203 102
chair 0.0070 183 80 221 157
chair 0.0067 163 87 482 314
chair 0.0061 282 67 464 158
chair 0.0049 173 77 202 157
chair 0.0046 446 68 501 214
chair 0.0044 191 98 205 111
chair 0.0041 183 87 206 116
chair 0.0040 362 71 464 115
chair 0.0038 409 68 492 126
chair 0.0031 225 69 259 132
chair 0.0030 233 70 255 99
chair 0.0025 472 73 499 163
chair 0.0024 248 77 297 92
chair 0.0024 183 59 254 110
chair 0.0023 181 141 258 207
chair 0.0021 194 141 253 170
chair 0.0020 169 129 197 225
chair 0.0019 195 74 278 125
chair 0.0016 246 68 268 91
chair 0.0016 188 83 392 196
chair 0.0014 183 95 194 111
chair 0.0014 238 69 252 82
chair 0.0011 233 77 274 110
chair 0.0011 212 71 258 100
chair 0.0011 247 77 266 90
chair 0.0011 169 129 244 183
chair 0.0011 472 147 498 280
sofa 0.6795 304 59 507 221
sofa 0.1521 282 67 464 158
sofa 0.0448 163 87 482 314
sofa 0.0232 197 74 381 153
sofa 0.0230 134 44 262 189
sofa 0.0223 304 73 374 125
sofa 0.0173 468 121 500 234
sofa 0.0164 163 74 492 209
sofa 0.0156 354 67 500 170
sofa 0.0118 448 90 500 229
sofa 0.0102 177 69 319 209
sofa 0.0022 249 79 346 123
sofa 0.0021 410 67 497 208
sofa 0.0018 308 75 350 111
sofa 0.0017 472 73 499 163
sofa 0.0012 409 68 492 126
diningtable 0.0050 83 124 499 380
diningtable 0.0040 121 56 251 211
diningtable 0.0015 181 81 232 111
diningtable 0.0015 468 135 499 253
diningtable 0.0010 311 95 334 121
