person 0.9813 10 69 307 494
person 0.3056 47 36 298 251
person 0.0115 136 88 181 151
person 0.0075 67 89 179 200
person 0.0053 157 53 323 288
person 0.0039 42 78 204 262
person 0.0022 123 71 189 219
person 0.0014 78 74 260 199
person 0.0011 134 42 299 139
bicycle 0.0054 31 200 151 280
bicycle 0.0028 -2 70 291 489
bird 0.0552 293 15 331 36
bird 0.0017 312 18 331 33
cat 0.0025 -2 70 291 489
chair 0.0352 31 200 151 280
chair 0.0123 73 206 152 268
chair 0.0118 157 53 323 288
chair 0.0090 46 18 339 491
chair 0.0050 44 213 115 275
chair 0.0048 17 164 155 418
chair 0.0035 61 219 99 285
chair 0.0025 5 204 116 300
chair 0.0013 148 47 312 136
chair 0.0012 21 217 149 351
chair 0.0012 0 209 88 348
chair 0.0011 30 192 294 471
chair 0.0011 260 63 317 228
chair 0.0010 50 162 183 268
chair 0.0010 118 191 153 257
sofa 0.0012 12 150 309 492
pottedplant 0.0019 -2 70 291 489
diningtable 0.0771 12 150 309 492
diningtable 0.0083 -11 313 288 502
diningtable 0.0013 37 178 153 267
