person 0.2685 270 205 275 212
person 0.2573 243 204 248 210
person 0.2351 252 205 256 211
person 0.2120 262 206 267 212
person 0.2114 281 205 285 211
person 0.2084 231 200 238 209
person 0.1733 240 201 246 209
person 0.1479 317 204 324 216
person 0.0841 232 204 237 210
person 0.0838 289 206 294 211
person 0.0807 177 199 185 208
person 0.0551 262 202 266 208
person 0.0500 253 203 258 208
person 0.0404 323 210 336 218
person 0.0368 271 202 276 209
person 0.0322 226 201 231 209
person 0.0224 315 198 322 212
person 0.0189 311 205 318 214
person 0.0163 252 181 259 189
person 0.0143 299 207 304 212
person 0.0131 258 180 266 188
person 0.0123 264 215 268 221
person 0.0116 280 203 285 208
person 0.0106 312 198 319 211
person 0.0094 226 204 230 210
person 0.0071 291 202 296 208
person 0.0068 177 203 184 212
person 0.0061 269 215 272 220
person 0.0057 323 213 337 221
person 0.0049 254 215 258 221
person 0.0044 245 167 250 178
person 0.0036 317 214 327 220
person 0.0026 301 202 341 221
person 0.0024 182 205 189 213
person 0.0024 306 215 318 220
person 0.0023 334 211 342 217
person 0.0019 300 216 307 221
person 0.0018 298 202 302 209
person 0.0017 260 186 267 192
person 0.0015 333 217 350 221
person 0.0014 142 211 151 216
person 0.0012 313 198 329 221
person 0.0012 252 185 259 192
person 0.0011 233 202 295 219
person 0.0010 244 175 250 187
person 0.0010 202 199 210 205
boat 0.9971 166 2 334 237
boat 0.8707 362 166 410 183
boat 0.0248 361 173 405 185
boat 0.0077 402 178 411 182
boat 0.0048 381 170 396 177
boat 0.0038 376 177 400 181
boat 0.0036 373 168 388 177
boat 0.0034 390 177 409 182
boat 0.0031 367 177 373 182
boat 0.0031 366 169 375 178
boat 0.0026 150 150 347 227
boat 0.0024 350 159 429 189
boat 0.0023 301 202 341 221
boat 0.0022 497 178 499 186
boat 0.0017 362 154 412 180
boat 0.0017 370 178 390 183
boat 0.0017 135 69 366 279
boat 0.0016 390 172 406 179
boat 0.0013 497 168 499 178
boat 0.0011 295 212 346 225
boat 0.0011 338 218 364 221
bird 0.0011 401 217 410 221
