car 0.0096 152 339 339 367
car 0.0026 108 333 359 395
bird 0.9839 119 240 255 355
bird 0.0141 69 206 313 378
bird 0.0073 335 2 465 101
bird 0.0044 131 0 242 51
bird 0.0034 25 1 281 54
cat 0.0076 104 244 244 357
cat 0.0011 262 138 440 341
dog 0.0011 25 1 281 54
chair 0.0071 42 129 436 374
pottedplant 0.2394 262 138 440 341
pottedplant 0.1344 335 2 465 101
pottedplant 0.0158 122 152 417 345
pottedplant 0.0121 271 134 422 231
pottedplant 0.0075 322 148 405 221
pottedplant 0.0046 77 62 464 370
pottedplant 0.0038 199 192 346 313
pottedplant 0.0036 2 427 179 503
pottedplant 0.0035 255 141 396 277
pottedplant 0.0019 334 143 419 257
pottedplant 0.0017 307 9 471 262
pottedplant 0.0015 277 149 362 213
pottedplant 0.0012 362 204 441 353
pottedplant 0.0012 317 145 406 334
diningtable 0.0178 13 330 377 397
diningtable 0.0042 22 326 362 499
