person 0.9994 -6 99 326 382
person 0.9943 294 24 494 381
person 0.9829 14 111 91 285
person 0.2343 207 229 229 256
person 0.0543 474 5 498 312
person 0.0463 479 40 499 198
person 0.0155 471 -30 500 194
person 0.0052 484 63 499 292
person 0.0039 453 -16 499 334
person 0.0029 449 -7 500 168
person 0.0023 378 0 498 123
person 0.0022 205 220 288 276
person 0.0020 215 232 229 253
person 0.0013 196 65 326 217
person 0.0011 488 96 499 372
person 0.0010 211 166 245 222
person 0.0010 195 182 312 284
chair 0.0102 479 40 499 198
chair 0.0085 474 5 498 312
chair 0.0046 484 63 499 292
chair 0.0043 16 123 104 296
chair 0.0017 206 219 300 277
chair 0.0011 378 0 498 123
sofa 0.0033 479 40 499 198
sofa 0.0031 378 0 498 123
sofa 0.0022 473 -3 499 284
sofa 0.0010 377 -8 504 224
sofa 0.0010 206 219 300 277
pottedplant 0.0011 378 0 498 85
diningtable 0.0019 207 213 304 269
tvmonitor 0.0026 184 34 344 247
