person 0.6157 309 205 315 233
person 0.3371 315 205 322 233
person 0.2888 325 203 333 232
person 0.2126 316 201 323 223
person 0.1326 204 189 214 207
person 0.1179 308 204 314 222
person 0.0902 300 209 305 231
person 0.0550 299 201 308 240
person 0.0374 192 218 202 230
person 0.0365 299 205 305 219
person 0.0353 182 196 189 208
person 0.0223 176 198 184 208
person 0.0192 200 216 210 228
person 0.0188 305 196 318 231
person 0.0116 301 215 306 240
person 0.0113 239 176 251 184
person 0.0102 145 222 154 233
person 0.0076 317 198 323 209
person 0.0072 249 203 259 215
person 0.0069 282 204 289 220
person 0.0067 328 198 333 208
person 0.0066 192 196 201 209
person 0.0066 247 175 258 184
person 0.0052 172 204 185 212
person 0.0049 210 214 222 226
person 0.0048 279 211 287 232
person 0.0037 182 218 194 229
person 0.0033 229 176 241 184
person 0.0033 311 220 316 234
person 0.0028 37 202 48 223
person 0.0023 278 217 286 238
person 0.0022 33 194 49 226
person 0.0021 316 221 322 233
person 0.0021 84 186 102 221
person 0.0020 221 198 230 206
person 0.0020 153 200 176 210
person 0.0020 305 197 315 208
person 0.0019 208 194 217 206
person 0.0019 152 222 161 234
person 0.0018 219 149 233 161
person 0.0017 252 147 262 162
person 0.0017 86 200 98 221
person 0.0015 288 210 296 225
person 0.0015 249 198 259 210
person 0.0014 161 215 173 227
person 0.0014 144 198 153 209
person 0.0014 260 194 268 211
person 0.0013 297 196 311 230
person 0.0013 289 206 298 220
person 0.0013 222 176 232 184
person 0.0013 171 202 264 240
person 0.0012 92 201 105 220
person 0.0011 8 192 25 228
person 0.0011 179 204 192 211
person 0.0011 237 148 250 160
person 0.0011 219 214 231 227
person 0.0011 171 216 184 227
person 0.0010 3 136 164 364
person 0.0010 242 206 251 213
person 0.0010 219 206 233 214
bicycle 0.0067 311 220 316 234
bicycle 0.0060 309 205 315 233
bicycle 0.0047 301 215 306 240
bicycle 0.0035 316 221 322 233
bicycle 0.0035 278 217 286 238
bicycle 0.0033 315 205 322 233
bicycle 0.0022 300 209 305 231
car 0.9983 135 214 185 280
car 0.9981 166 210 228 264
car 0.6643 201 208 236 253
car 0.4963 151 202 178 213
car 0.1185 279 211 287 232
car 0.0843 299 205 305 219
car 0.0433 282 204 289 220
car 0.0359 172 204 185 212
car 0.0343 289 206 298 220
car 0.0240 207 209 240 238
car 0.0231 308 204 314 222
car 0.0188 234 214 270 243
car 0.0182 277 204 288 237
car 0.0174 3 136 164 364
car 0.0170 288 210 296 225
car 0.0132 157 201 248 242
car 0.0118 149 200 174 218
car 0.0102 300 209 305 231
car 0.0097 305 197 315 208
car 0.0096 278 217 286 238
car 0.0095 181 225 217 268
car 0.0077 301 197 309 208
car 0.0077 144 198 153 209
car 0.0069 179 204 192 211
car 0.0062 221 212 241 249
car 0.0053 273 211 280 234
car 0.0052 216 219 237 255
car 0.0045 144 205 154 212
car 0.0044 176 198 184 208
car 0.0040 215 211 254 247
car 0.0034 305 196 318 231
car 0.0030 152 202 199 217
car 0.0026 297 196 311 230
car 0.0023 270 205 283 238
car 0.0022 187 210 228 232
car 0.0022 282 197 288 210
car 0.0021 190 205 203 211
car 0.0019 291 199 331 225
car 0.0018 109 192 321 258
car 0.0016 210 214 222 226
car 0.0016 284 198 301 227
car 0.0013 188 199 291 240
car 0.0013 149 205 186 231
car 0.0012 477 131 500 223
car 0.0012 316 201 323 223
car 0.0012 182 196 189 208
car 0.0011 177 213 219 248
car 0.0010 317 198 323 209
bus 0.9986 -2 118 136 351
bus 0.9964 203 140 278 243
bus 0.0328 191 160 206 205
bus 0.0175 178 149 212 212
bus 0.0068 477 131 500 223
bus 0.0054 305 197 315 208
bus 0.0042 164 163 277 221
bus 0.0040 280 175 289 196
bus 0.0029 280 172 290 211
bus 0.0022 301 197 309 208
bus 0.0015 296 166 308 200
bus 0.0012 298 184 311 220
bus 0.0010 159 176 325 259
bus 0.0010 197 198 242 247
train 0.0019 477 131 500 223
train 0.0014 -5 65 140 334
train 0.0011 380 93 500 352
boat 0.0011 -5 65 140 334
