person 0.0055 255 158 267 179
person 0.0053 0 165 5 179
person 0.0019 126 177 133 182
person 0.0016 108 176 115 183
person 0.0013 97 177 103 183
person 0.0011 135 177 145 182
person 0.0010 113 177 126 183
car 0.9962 109 175 155 202
car 0.9615 70 169 115 201
car 0.0279 0 179 21 202
car 0.0077 103 177 139 200
car 0.0035 0 165 5 179
car 0.0033 2 178 11 202
car 0.0030 136 175 156 200
car 0.0024 2 172 6 184
car 0.0021 78 174 104 201
car 0.0019 75 166 92 173
car 0.0015 113 177 126 183
car 0.0012 84 167 94 173
car 0.0012 69 172 95 195
car 0.0010 90 175 114 200
aeroplane 0.0016 181 59 493 224
train 0.9828 181 112 487 223
train 0.0197 435 111 503 165
train 0.0058 330 115 484 207
train 0.0030 440 78 503 234
train 0.0027 148 125 362 217
train 0.0023 471 98 499 177
train 0.0020 60 87 508 244
train 0.0014 236 88 480 186
train 0.0010 348 118 448 161
train 0.0010 372 85 493 182
train 0.0010 260 120 372 153
boat 0.0016 181 59 493 224
