person 0.9990 418 70 498 280
person 0.0169 0 112 3 137
person 0.0056 0 120 4 146
person 0.0051 75 73 479 353
person 0.0048 0 108 7 160
person 0.0044 482 77 500 241
person 0.0037 0 107 5 126
person 0.0032 -1 90 7 139
person 0.0024 414 111 422 124
person 0.0020 9 111 20 122
person 0.0019 0 135 5 152
person 0.0019 459 65 492 92
person 0.0018 372 105 504 255
person 0.0018 0 91 4 115
person 0.0016 479 69 499 171
bicycle 0.3248 418 163 496 275
bicycle 0.0066 28 147 57 209
bicycle 0.0031 415 193 451 271
bicycle 0.0011 33 162 49 218
bicycle 0.0011 412 170 495 222
car 0.6474 308 125 436 223
car 0.6265 25 95 430 352
car 0.2075 429 96 497 289
car 0.0983 372 105 504 255
car 0.0487 413 185 498 255
car 0.0396 355 112 403 124
car 0.0196 351 115 406 129
car 0.0187 475 160 497 273
car 0.0125 0 112 3 137
car 0.0102 155 44 420 236
car 0.0092 482 100 498 255
car 0.0062 0 107 5 126
car 0.0052 33 143 56 182
car 0.0051 203 117 448 207
car 0.0043 28 147 57 209
car 0.0043 459 168 495 269
car 0.0041 220 96 502 266
car 0.0039 0 120 4 146
car 0.0036 489 151 498 213
car 0.0033 365 113 391 121
car 0.0032 135 49 514 318
car 0.0031 415 60 499 224
car 0.0029 9 111 20 122
car 0.0024 0 135 5 152
car 0.0021 0 97 8 153
car 0.0019 169 163 306 192
car 0.0016 216 114 338 160
car 0.0014 379 118 400 125
car 0.0014 35 142 68 167
car 0.0014 479 69 499 171
car 0.0013 356 117 382 126
car 0.0013 42 146 58 158
car 0.0013 381 114 397 122
car 0.0013 486 82 499 128
car 0.0012 496 156 499 190
car 0.0012 495 166 499 197
car 0.0011 493 114 499 212
car 0.0010 350 122 426 197
car 0.0010 493 81 499 168
car 0.0010 430 167 501 225
car 0.0010 479 167 498 219
motorbike 0.0188 418 163 496 275
motorbike 0.0030 28 147 57 209
motorbike 0.0013 372 105 504 255
motorbike 0.0010 475 160 497 273
bus 0.0037 429 64 498 265
bus 0.0032 43 57 429 344
bus 0.0028 164 47 399 192
bottle 0.0118 421 183 432 206
chair 0.0065 418 163 496 275
diningtable 0.0020 22 131 451 371
