person 0.9937 136 161 203 352
person 0.9829 193 122 235 268
person 0.0167 112 172 229 317
person 0.0041 185 180 196 194
person 0.0026 178 158 211 243
person 0.0025 182 178 201 213
person 0.0014 117 138 274 361
person 0.0013 158 145 230 290
person 0.0010 51 213 212 426
person 0.0010 223 219 259 256
bicycle 0.0010 59 171 289 425
bird 0.0042 22 269 31 275
dog 0.0013 22 269 31 275
horse 0.9931 54 206 297 429
horse 0.3222 227 220 261 256
horse 0.2138 203 214 260 261
horse 0.0765 117 151 197 293
horse 0.0633 113 152 161 242
horse 0.0121 220 241 289 395
horse 0.0108 103 138 233 358
horse 0.0082 208 216 264 378
horse 0.0067 134 164 175 236
horse 0.0061 199 210 234 263
horse 0.0030 150 174 168 222
horse 0.0025 213 324 248 378
horse 0.0024 177 327 245 380
horse 0.0015 268 258 302 375
horse 0.0013 133 189 257 308
horse 0.0011 137 156 251 265
horse 0.0010 220 228 247 368
