person 0.9987 91 75 278 322
person 0.9900 313 67 505 374
person 0.0012 0 224 25 362
person 0.0012 0 61 30 371
bottle 0.0790 0 0 26 133
bottle 0.0257 0 32 9 82
bottle 0.0138 0 34 4 60
bottle 0.0065 0 39 4 75
bottle 0.0063 76 116 102 160
bottle 0.0034 0 9 9 68
bottle 0.0032 0 26 4 54
bottle 0.0022 0 55 6 78
bottle 0.0010 2 179 41 242
chair 0.9948 39 291 298 369
chair 0.0129 257 295 293 372
chair 0.0087 0 224 25 362
chair 0.0044 319 122 502 388
chair 0.0033 63 255 87 286
chair 0.0022 0 210 48 376
chair 0.0021 485 210 499 374
chair 0.0020 48 171 295 361
chair 0.0017 494 244 499 369
chair 0.0017 0 158 29 390
chair 0.0013 0 174 18 337
chair 0.0010 285 301 320 365
sofa 0.0054 319 122 502 388
sofa 0.0038 0 224 25 362
sofa 0.0016 0 158 29 390
sofa 0.0011 0 210 48 376
sofa 0.0011 41 275 295 361
diningtable 0.0036 101 70 287 353
diningtable 0.0010 0 224 25 362
tvmonitor 0.9391 189 55 287 164
tvmonitor 0.0160 101 72 147 135
tvmonitor 0.0100 0 19 28 137
tvmonitor 0.0079 98 58 152 182
tvmonitor 0.0042 487 -1 500 127
tvmonitor 0.0035 492 18 499 115
tvmonitor 0.0021 100 73 143 102
