person 0.0100 -5 487 40 498
person 0.0010 -10 490 82 499
bottle 0.0038 137 290 209 388
bottle 0.0035 99 40 284 389
bottle 0.0026 -12 488 65 499
chair 0.0020 -5 487 40 498
pottedplant 0.9914 90 38 233 390
pottedplant 0.0374 137 290 209 388
pottedplant 0.0090 57 368 132 407
pottedplant 0.0051 122 363 161 401
pottedplant 0.0024 102 365 168 408
pottedplant 0.0018 157 235 328 423
pottedplant 0.0010 28 9 314 417
diningtable 0.1188 9 406 341 498
diningtable 0.0198 -4 397 186 499
diningtable 0.0034 34 362 312 454
diningtable 0.0016 95 44 231 428
tvmonitor 0.0268 157 235 328 423
