person 0.9992 99 34 222 275
person 0.9989 338 71 453 317
person 0.2750 470 23 499 95
person 0.0216 490 18 499 96
person 0.0087 487 16 499 60
person 0.0082 491 47 500 104
person 0.0042 475 28 499 70
person 0.0035 366 146 449 329
person 0.0032 433 31 471 96
person 0.0032 497 40 499 94
person 0.0032 494 20 499 54
person 0.0030 395 29 467 94
person 0.0024 242 90 288 114
person 0.0021 436 57 458 97
person 0.0021 438 26 498 95
person 0.0017 446 56 468 96
person 0.0014 456 44 475 91
person 0.0013 496 33 498 81
person 0.0013 495 29 498 66
person 0.0012 495 69 499 102
person 0.0011 468 22 500 54
bicycle 0.9964 117 132 206 289
bicycle 0.9937 356 170 438 340
bicycle 0.1128 340 83 446 352
bicycle 0.0048 83 41 218 262
car 0.0028 106 116 217 289
car 0.0019 102 65 223 221
motorbike 0.0063 106 116 217 289
bus 0.0094 83 41 218 262
bottle 0.0012 376 243 383 256
bottle 0.0011 375 234 381 247
chair 0.0013 106 116 217 289
