person 0.9056 346 47 372 88
person 0.8689 299 46 341 86
person 0.5484 330 45 352 85
person 0.3973 365 46 390 87
person 0.1770 383 47 429 90
person 0.0814 344 42 402 88
person 0.0736 1 163 17 307
person 0.0574 381 44 400 71
person 0.0497 0 70 15 285
person 0.0424 285 51 348 95
person 0.0345 345 46 359 67
person 0.0328 0 46 5 71
person 0.0311 273 53 294 84
person 0.0294 8 59 17 72
person 0.0229 283 46 324 85
person 0.0225 369 47 408 87
person 0.0173 492 84 499 164
person 0.0170 1 61 27 292
person 0.0169 0 181 8 260
person 0.0163 1 54 6 76
person 0.0159 361 44 383 74
person 0.0154 261 111 333 158
person 0.0130 71 94 92 110
person 0.0127 334 48 348 66
person 0.0109 280 50 302 84
person 0.0108 200 36 232 59
person 0.0107 0 44 9 90
person 0.0094 267 41 338 87
person 0.0092 264 36 282 78
person 0.0090 327 46 339 64
person 0.0078 0 78 51 275
person 0.0075 324 43 345 73
person 0.0067 254 38 276 76
person 0.0062 350 58 386 89
person 0.0061 207 38 227 54
person 0.0058 -1 44 49 126
person 0.0056 0 40 122 262
person 0.0055 496 43 499 71
person 0.0048 146 34 188 60
person 0.0045 363 47 379 66
person 0.0044 391 50 405 65
person 0.0043 374 48 387 67
person 0.0042 351 47 365 66
person 0.0039 246 51 282 84
person 0.0038 282 116 323 149
person 0.0038 285 49 298 65
person 0.0036 222 36 295 81
person 0.0036 496 51 499 82
person 0.0036 0 19 8 77
person 0.0036 401 51 412 64
person 0.0035 0 38 22 126
person 0.0032 57 120 80 134
person 0.0031 0 127 5 257
person 0.0029 85 98 94 110
person 0.0028 380 44 400 55
person 0.0027 374 121 405 145
person 0.0027 229 50 243 63
person 0.0026 492 63 499 129
person 0.0026 226 111 263 139
person 0.0026 491 41 499 94
person 0.0025 332 45 367 71
person 0.0025 315 48 329 62
person 0.0024 228 42 260 71
person 0.0024 207 121 244 146
person 0.0024 395 48 418 86
person 0.0023 0 223 20 321
person 0.0022 55 91 495 337
person 0.0022 482 62 499 176
person 0.0022 266 39 280 54
person 0.0022 260 116 304 150
person 0.0022 274 111 313 142
person 0.0021 186 35 258 85
person 0.0021 107 16 385 123
person 0.0020 440 36 449 46
person 0.0020 0 51 9 121
person 0.0020 262 37 298 85
person 0.0020 432 35 444 46
person 0.0019 204 38 247 72
person 0.0019 257 59 291 87
person 0.0019 7 52 16 69
person 0.0018 0 28 3 71
person 0.0018 0 101 3 244
person 0.0018 345 53 354 78
person 0.0017 276 56 290 78
person 0.0016 250 103 315 151
person 0.0016 278 50 290 65
person 0.0016 0 -2 19 86
person 0.0016 401 43 417 54
person 0.0015 331 43 347 57
person 0.0015 1 211 8 287
person 0.0015 377 45 493 92
person 0.0015 288 61 338 87
person 0.0015 397 44 417 72
person 0.0015 345 57 363 89
person 0.0015 353 42 385 52
person 0.0015 227 36 247 62
person 0.0015 494 90 499 119
person 0.0014 1 52 21 81
person 0.0014 180 33 216 60
person 0.0013 496 90 498 139
bicycle 0.0089 0 256 21 300
bicycle 0.0083 0 194 18 311
bicycle 0.0061 0 241 14 297
bicycle 0.0045 0 201 8 277
bicycle 0.0023 1 234 21 287
bicycle 0.0012 0 232 5 265
bicycle 0.0010 0 218 3 263
bicycle 0.0010 1 262 12 310
car 0.9940 17 86 468 348
car 0.8303 0 89 121 224
car 0.2819 382 42 494 171
car 0.2043 400 48 498 105
car 0.0625 492 84 499 164
car 0.0436 482 62 499 176
car 0.0380 0 68 59 125
car 0.0296 492 63 499 129
car 0.0231 411 88 496 157
car 0.0223 -1 59 118 172
car 0.0166 0 38 22 126
car 0.0155 439 79 494 97
car 0.0153 1 152 16 280
car 0.0134 434 63 498 174
car 0.0114 494 90 499 119
car 0.0114 8 133 170 228
car 0.0103 2 115 102 164
car 0.0087 -1 104 126 335
car 0.0086 495 80 499 113
car 0.0075 0 45 9 108
car 0.0068 0 46 5 71
car 0.0068 0 48 185 257
car 0.0063 0 61 55 221
car 0.0056 377 52 448 97
car 0.0052 1 54 6 76
car 0.0051 11 124 115 195
car 0.0047 0 64 15 254
car 0.0044 436 72 499 130
car 0.0038 496 90 498 139
car 0.0037 479 30 500 136
car 0.0037 338 34 484 122
car 0.0035 0 194 18 311
car 0.0035 496 63 499 109
car 0.0031 452 97 496 176
car 0.0029 57 120 80 134
car 0.0028 0 96 100 144
car 0.0027 0 35 9 80
car 0.0027 431 36 501 92
car 0.0026 9 23 477 193
car 0.0025 491 41 499 94
car 0.0024 53 115 89 134
car 0.0023 35 78 103 126
car 0.0023 0 39 29 279
car 0.0022 57 107 101 121
car 0.0022 46 100 118 141
car 0.0021 496 51 499 82
car 0.0020 497 88 499 160
car 0.0020 401 16 499 67
car 0.0019 348 40 392 52
car 0.0018 54 93 95 115
car 0.0017 496 43 499 71
car 0.0017 371 76 498 123
car 0.0017 1 173 339 350
car 0.0015 0 191 8 269
car 0.0014 27 9 325 164
car 0.0014 344 42 402 88
car 0.0013 494 88 499 218
car 0.0013 1 54 4 97
car 0.0013 303 24 507 188
car 0.0013 485 96 499 256
car 0.0012 0 145 7 259
car 0.0012 415 90 496 224
car 0.0011 0 83 8 145
car 0.0011 0 91 3 236
car 0.0010 442 81 504 107
car 0.0010 0 115 53 316
car 0.0010 0 256 15 300
motorbike 0.0268 0 194 18 311
motorbike 0.0093 0 256 21 300
motorbike 0.0079 0 241 14 297
motorbike 0.0022 18 131 470 374
motorbike 0.0020 0 201 8 277
motorbike 0.0019 1 152 16 280
motorbike 0.0018 1 234 21 287
motorbike 0.0015 1 262 12 310
bus 0.2201 -9 20 439 193
bus 0.1165 33 -2 463 312
bus 0.0289 384 29 498 121
bus 0.0140 103 8 388 158
bus 0.0039 67 46 281 155
bus 0.0025 403 41 497 94
diningtable 0.0038 18 131 470 374
