person 0.9979 28 17 269 302
person 0.0041 157 329 217 376
person 0.0030 29 137 103 258
person 0.0019 9 136 87 292
person 0.0017 456 280 499 344
person 0.0016 51 284 272 374
car 0.0010 37 53 278 297
bottle 0.9839 348 251 388 378
bottle 0.9680 416 223 460 364
bottle 0.9327 274 235 313 348
bottle 0.8991 306 248 344 374
bottle 0.6314 387 229 424 358
bottle 0.3622 103 160 122 204
bottle 0.1872 390 219 422 293
bottle 0.1291 456 280 499 344
bottle 0.0958 313 231 347 318
bottle 0.0772 395 217 415 261
bottle 0.0675 344 245 374 348
bottle 0.0397 346 250 368 286
bottle 0.0394 469 274 499 300
bottle 0.0342 361 225 383 257
bottle 0.0321 305 316 344 372
bottle 0.0297 17 226 29 271
bottle 0.0289 383 291 421 366
bottle 0.0251 317 229 338 264
bottle 0.0245 347 197 369 245
bottle 0.0193 430 229 449 268
bottle 0.0190 333 248 349 290
bottle 0.0180 467 278 499 316
bottle 0.0154 280 231 311 292
bottle 0.0141 420 225 451 289
bottle 0.0139 342 257 362 298
bottle 0.0127 380 226 398 273
bottle 0.0121 111 155 125 196
bottle 0.0114 362 239 383 278
bottle 0.0093 342 242 363 279
bottle 0.0091 358 240 388 310
bottle 0.0081 120 160 133 203
bottle 0.0081 459 295 495 319
bottle 0.0077 417 294 458 361
bottle 0.0072 369 213 389 248
bottle 0.0069 433 229 462 320
bottle 0.0063 391 227 413 270
bottle 0.0060 308 228 337 291
bottle 0.0059 380 247 398 287
bottle 0.0050 8 1 317 318
bottle 0.0042 306 266 319 288
bottle 0.0038 362 239 381 257
bottle 0.0037 411 218 426 261
bottle 0.0035 374 223 386 241
bottle 0.0032 447 262 466 294
bottle 0.0031 335 257 347 277
bottle 0.0028 417 230 434 267
bottle 0.0027 289 161 320 188
bottle 0.0026 350 311 390 373
bottle 0.0024 346 258 359 278
bottle 0.0024 341 225 368 290
bottle 0.0024 489 276 499 319
bottle 0.0023 360 226 390 286
bottle 0.0023 113 161 123 182
bottle 0.0021 95 163 110 200
bottle 0.0021 93 171 104 191
bottle 0.0020 296 217 346 341
bottle 0.0020 345 212 362 247
bottle 0.0019 113 156 122 173
bottle 0.0019 97 165 107 183
bottle 0.0019 350 259 366 277
bottle 0.0018 335 253 350 269
bottle 0.0018 357 206 388 264
bottle 0.0018 305 265 320 306
bottle 0.0018 123 183 134 202
bottle 0.0018 419 224 455 257
bottle 0.0017 105 181 117 203
bottle 0.0017 447 263 462 279
bottle 0.0017 334 233 352 267
bottle 0.0017 157 329 217 376
bottle 0.0017 339 232 360 267
bottle 0.0017 105 162 115 180
bottle 0.0016 157 329 194 361
bottle 0.0016 349 251 366 269
bottle 0.0016 363 230 378 249
bottle 0.0016 400 222 467 283
bottle 0.0016 343 221 361 256
bottle 0.0015 368 228 387 270
bottle 0.0015 383 226 394 252
bottle 0.0015 475 290 499 323
bottle 0.0015 367 253 386 300
bottle 0.0014 456 239 484 310
bottle 0.0014 379 212 396 250
bottle 0.0013 27 313 46 344
bottle 0.0013 268 233 295 311
bottle 0.0012 159 340 198 371
bottle 0.0012 496 273 499 303
bottle 0.0012 350 182 369 224
bottle 0.0012 116 333 162 373
bottle 0.0012 290 236 314 283
bottle 0.0011 342 242 357 256
bottle 0.0011 272 167 292 198
bottle 0.0011 400 246 469 300
bottle 0.0011 466 297 487 312
bottle 0.0011 455 268 475 308
bottle 0.0011 495 282 499 315
bottle 0.0010 417 330 452 357
bottle 0.0010 270 277 302 341
bottle 0.0010 398 229 413 249
bottle 0.0010 475 279 496 295
bottle 0.0010 334 265 350 309
chair 0.0013 27 168 139 282
chair 0.0011 37 53 278 297
pottedplant 0.0017 382 220 421 368
diningtable 0.0106 409 328 497 379
diningtable 0.0010 37 53 278 297
