person 0.0043 7 247 129 368
bottle 0.0611 431 293 444 318
bottle 0.0432 414 286 428 311
bottle 0.0326 491 210 499 235
bottle 0.0175 486 206 499 238
bottle 0.0155 480 210 491 233
bottle 0.0093 466 210 479 232
bottle 0.0038 423 296 434 312
bottle 0.0037 463 209 475 231
bottle 0.0010 490 290 499 343
chair 0.3494 7 247 129 368
chair 0.1137 0 240 407 372
chair 0.0137 9 257 39 368
chair 0.0085 1 253 27 369
chair 0.0058 5 247 24 294
chair 0.0050 12 260 33 297
chair 0.0045 108 285 398 369
chair 0.0042 3 249 56 374
chair 0.0034 14 245 95 301
chair 0.0028 1 224 23 327
chair 0.0026 14 325 122 371
chair 0.0017 478 282 498 378
chair 0.0016 74 259 133 367
chair 0.0013 31 245 92 273
chair 0.0013 119 302 194 365
sofa 0.7796 119 253 390 367
sofa 0.0364 15 232 478 381
sofa 0.0117 7 247 129 368
diningtable 0.0010 359 209 461 258
