person 0.0038 25 251 162 368
person 0.0038 20 249 78 300
person 0.0023 35 278 132 348
person 0.0012 324 137 343 176
car 0.0010 217 290 269 310
bird 0.0063 354 263 371 290
cat 0.0025 23 178 64 219
cat 0.0010 35 278 132 348
dog 0.0050 35 278 132 348
bottle 0.0019 274 146 293 175
bottle 0.0015 279 152 291 172
bottle 0.0014 319 129 330 143
bottle 0.0012 327 153 339 176
bottle 0.0012 324 146 342 179
chair 0.3550 49 135 118 218
chair 0.0459 15 130 52 219
chair 0.0103 16 132 75 257
chair 0.0075 25 134 114 261
chair 0.0068 25 251 162 368
chair 0.0041 27 215 101 259
chair 0.0030 126 143 167 167
chair 0.0029 97 159 158 270
chair 0.0023 23 174 66 248
chair 0.0015 93 230 147 268
chair 0.0015 62 141 137 256
chair 0.0013 361 147 463 238
chair 0.0013 15 157 170 371
chair 0.0012 295 159 330 182
chair 0.0012 97 141 118 166
sofa 0.1372 25 251 162 368
sofa 0.0036 15 157 170 371
sofa 0.0019 49 136 117 230
sofa 0.0017 15 130 52 219
diningtable 0.0027 104 218 402 372
diningtable 0.0023 169 297 346 372
diningtable 0.0018 175 250 397 340
tvmonitor 0.0559 15 130 52 219
tvmonitor 0.0140 295 159 330 182
tvmonitor 0.0118 324 146 342 179
tvmonitor 0.0097 298 148 343 183
tvmonitor 0.0053 297 141 368 185
tvmonitor 0.0040 335 143 367 169
tvmonitor 0.0026 327 153 339 176
tvmonitor 0.0019 274 146 293 175
tvmonitor 0.0011 301 158 360 184
tvmonitor 0.0010 189 224 257 277
