person 0.9992 95 74 251 326
person 0.0334 31 316 340 498
person 0.0011 8 373 131 492
motorbike 0.0125 31 316 340 498
motorbike 0.0014 115 412 254 496
cat 0.0013 81 65 248 309
bottle 0.9217 237 208 286 375
bottle 0.7006 47 184 62 224
bottle 0.2410 144 255 161 292
bottle 0.2068 95 266 123 337
bottle 0.0634 57 179 73 218
bottle 0.0236 238 167 258 190
bottle 0.0186 97 272 128 390
bottle 0.0167 102 474 162 501
bottle 0.0134 115 412 254 496
bottle 0.0120 112 433 202 498
bottle 0.0107 49 192 60 218
bottle 0.0085 41 206 53 226
bottle 0.0069 41 207 57 241
bottle 0.0066 239 409 337 449
bottle 0.0055 45 177 70 230
bottle 0.0055 161 433 243 498
bottle 0.0055 45 194 55 217
bottle 0.0053 188 366 283 415
bottle 0.0051 137 377 178 448
bottle 0.0051 224 444 291 497
bottle 0.0050 105 266 125 300
bottle 0.0044 170 383 214 447
bottle 0.0044 31 316 340 498
bottle 0.0035 134 255 156 289
bottle 0.0032 171 355 268 404
bottle 0.0031 46 187 56 211
bottle 0.0030 121 378 199 488
bottle 0.0028 146 261 158 284
bottle 0.0027 97 474 137 500
bottle 0.0026 41 214 54 235
bottle 0.0026 8 373 131 492
bottle 0.0024 136 336 218 449
bottle 0.0019 99 485 150 499
bottle 0.0018 107 265 121 283
bottle 0.0017 236 134 256 180
bottle 0.0016 89 278 102 326
bottle 0.0015 131 134 142 160
bottle 0.0015 107 272 125 331
bottle 0.0014 128 256 147 287
bottle 0.0010 50 129 66 163
bottle 0.0010 85 342 293 462
bottle 0.0010 37 400 184 499
chair 0.0060 241 200 289 364
chair 0.0012 8 373 131 492
pottedplant 0.0128 49 120 68 162
pottedplant 0.0043 -1 323 35 375
pottedplant 0.0015 44 102 74 158
pottedplant 0.0014 83 200 123 226
pottedplant 0.0010 82 0 150 27
diningtable 0.0653 31 316 340 498
diningtable 0.0075 -5 271 227 465
diningtable 0.0036 39 290 187 368
diningtable 0.0018 3 303 151 494
diningtable 0.0018 78 122 272 369
diningtable 0.0010 -16 174 383 489
