person 0.0066 22 228 464 363
person 0.0023 0 231 15 269
car 0.0021 -29 240 389 369
car 0.0020 4 298 363 366
car 0.0010 17 261 253 347
bus 0.0010 -4 233 430 362
bus 0.0010 144 101 195 140
boat 0.0070 -4 233 430 362
boat 0.0030 22 304 378 369
bottle 0.0019 483 179 493 204
chair 0.9007 355 252 427 365
chair 0.8958 127 264 198 327
chair 0.8857 319 292 396 367
chair 0.8806 273 246 318 280
chair 0.8247 219 242 268 274
chair 0.7613 149 235 187 265
chair 0.7377 210 275 279 342
chair 0.7040 95 220 130 258
chair 0.5266 23 238 63 299
chair 0.4464 315 253 361 283
chair 0.4389 0 320 59 374
chair 0.3909 62 259 118 313
chair 0.2658 124 223 157 260
chair 0.2637 357 253 406 288
chair 0.2554 186 244 223 268
chair 0.2357 251 247 280 274
chair 0.2095 -1 350 57 375
chair 0.1738 79 223 102 258
chair 0.1675 0 231 26 290
chair 0.1644 402 256 435 337
chair 0.1584 56 220 81 235
chair 0.1576 2 320 25 350
chair 0.1238 22 228 464 363
chair 0.1166 0 232 14 288
chair 0.1033 229 273 322 343
chair 0.0909 12 233 49 290
chair 0.0827 70 230 424 306
chair 0.0738 276 248 354 285
chair 0.0704 141 254 367 344
chair 0.0613 3 321 45 351
chair 0.0568 90 221 157 260
chair 0.0530 25 237 104 302
chair 0.0501 46 259 307 354
chair 0.0477 328 269 418 386
chair 0.0456 84 261 162 319
chair 0.0411 255 266 338 321
chair 0.0410 49 227 94 255
chair 0.0381 179 261 221 328
chair 0.0350 58 221 82 260
chair 0.0348 52 243 90 303
chair 0.0347 265 241 329 344
chair 0.0275 147 232 215 269
chair 0.0268 82 224 100 238
chair 0.0241 274 272 355 343
chair 0.0241 134 233 156 262
chair 0.0221 16 236 50 264
chair 0.0218 101 262 139 319
chair 0.0215 0 317 31 373
chair 0.0207 0 263 200 351
chair 0.0201 154 245 198 267
chair 0.0201 86 241 129 310
chair 0.0192 58 219 101 240
chair 0.0176 7 225 189 310
chair 0.0165 0 241 12 258
chair 0.0163 402 251 438 289
chair 0.0158 207 249 222 269
chair 0.0156 75 249 167 300
chair 0.0132 0 235 12 246
chair 0.0111 0 266 5 290
chair 0.0110 142 256 219 300
chair 0.0102 222 245 342 275
chair 0.0102 162 260 208 327
chair 0.0100 187 248 203 267
chair 0.0094 0 279 64 381
chair 0.0089 0 252 10 302
chair 0.0084 269 300 328 348
chair 0.0083 60 235 100 262
chair 0.0080 182 246 197 267
chair 0.0077 196 249 217 267
chair 0.0075 65 225 104 287
chair 0.0073 0 233 21 267
chair 0.0073 256 251 275 270
chair 0.0072 0 251 4 288
chair 0.0071 124 224 202 261
chair 0.0066 219 244 295 344
chair 0.0066 89 225 127 284
chair 0.0065 259 287 409 376
chair 0.0063 89 222 107 258
chair 0.0061 35 221 140 256
chair 0.0059 142 234 184 315
chair 0.0056 1 318 14 353
chair 0.0054 1 248 8 268
chair 0.0054 207 259 443 355
chair 0.0054 0 222 14 261
chair 0.0051 65 231 144 278
chair 0.0050 298 256 349 281
chair 0.0049 183 240 208 267
chair 0.0048 203 243 251 272
chair 0.0048 124 242 166 309
chair 0.0047 123 223 160 242
chair 0.0046 73 221 93 260
chair 0.0046 102 224 143 285
chair 0.0045 99 221 137 245
chair 0.0045 68 224 139 318
chair 0.0043 81 241 98 257
chair 0.0042 341 257 362 282
chair 0.0038 -18 198 292 347
chair 0.0035 1 289 92 340
chair 0.0035 259 259 303 329
chair 0.0035 422 258 432 340
sofa 0.0050 0 320 59 374
sofa 0.0021 -1 350 57 375
sofa 0.0010 2 289 201 365
diningtable 0.3313 22 304 378 369
diningtable 0.1542 65 249 141 306
diningtable 0.1417 -29 240 389 369
diningtable 0.1167 136 259 219 329
diningtable 0.0943 207 259 443 355
diningtable 0.0913 308 284 419 377
diningtable 0.0899 46 259 307 354
diningtable 0.0547 14 233 89 285
diningtable 0.0466 49 227 94 255
diningtable 0.0424 15 232 90 248
diningtable 0.0387 0 232 14 288
diningtable 0.0302 228 269 325 322
diningtable 0.0291 141 254 367 344
diningtable 0.0245 0 241 12 258
diningtable 0.0206 60 220 150 258
diningtable 0.0200 7 225 189 310
diningtable 0.0179 70 230 424 306
diningtable 0.0179 1 242 23 291
diningtable 0.0162 15 223 118 255
diningtable 0.0158 356 269 424 378
diningtable 0.0156 119 255 208 300
diningtable 0.0128 0 263 200 351
diningtable 0.0126 308 245 443 273
diningtable 0.0120 41 233 86 263
diningtable 0.0118 0 235 12 246
diningtable 0.0113 1 248 8 268
diningtable 0.0112 84 261 162 319
diningtable 0.0090 130 210 439 257
diningtable 0.0090 43 229 128 277
diningtable 0.0082 179 261 221 328
diningtable 0.0079 348 250 413 290
diningtable 0.0078 267 245 331 279
diningtable 0.0075 69 255 150 279
diningtable 0.0075 124 223 157 260
diningtable 0.0057 140 262 215 290
diningtable 0.0056 246 205 390 230
diningtable 0.0053 1 289 92 340
diningtable 0.0050 0 233 21 267
diningtable 0.0050 287 247 382 276
diningtable 0.0049 259 204 368 217
diningtable 0.0048 18 234 66 265
diningtable 0.0045 375 288 419 370
diningtable 0.0040 186 244 223 268
diningtable 0.0036 56 219 87 238
diningtable 0.0036 86 229 159 275
diningtable 0.0034 210 275 304 342
diningtable 0.0031 274 267 356 324
diningtable 0.0031 18 223 88 241
diningtable 0.0028 79 221 125 258
diningtable 0.0026 12 233 49 290
diningtable 0.0026 293 274 420 321
diningtable 0.0025 0 251 4 288
diningtable 0.0025 316 286 401 344
diningtable 0.0024 199 238 447 300
diningtable 0.0022 356 256 430 328
diningtable 0.0022 315 253 361 283
diningtable 0.0021 246 275 323 300
diningtable 0.0021 150 264 222 280
diningtable 0.0020 96 222 163 242
diningtable 0.0019 156 257 241 296
diningtable 0.0018 82 224 100 238
diningtable 0.0018 211 240 275 276
diningtable 0.0017 7 233 60 251
diningtable 0.0017 261 276 330 346
diningtable 0.0016 98 221 136 258
diningtable 0.0015 191 334 364 373
diningtable 0.0014 91 207 474 346
diningtable 0.0014 147 232 215 269
diningtable 0.0014 115 266 183 325
diningtable 0.0013 300 251 410 285
diningtable 0.0013 2 235 20 245
diningtable 0.0012 251 247 280 274
diningtable 0.0011 222 245 342 275
diningtable 0.0011 185 264 258 328
diningtable 0.0011 2 234 44 265
diningtable 0.0011 67 221 115 241
diningtable 0.0011 0 252 10 302
diningtable 0.0011 4 241 18 257
diningtable 0.0010 0 242 34 276
diningtable 0.0010 0 222 14 261
diningtable 0.0010 60 235 100 262
diningtable 0.0010 94 222 130 244
tvmonitor 0.9951 145 94 195 140
tvmonitor 0.0685 292 95 437 184
tvmonitor 0.0029 287 104 357 177
tvmonitor 0.0020 4 298 363 366
tvmonitor 0.0019 203 89 225 104
tvmonitor 0.0012 360 100 439 179
