person 0.7049 198 260 456 328
person 0.0050 79 250 417 317
person 0.0025 212 23 467 202
person 0.0016 87 121 210 161
bicycle 0.0319 194 -17 471 150
bird 0.0019 182 154 214 167
cat 0.9357 209 3 471 179
cat 0.0029 372 20 464 173
cat 0.0017 263 132 332 181
cat 0.0015 198 260 456 328
cat 0.0010 228 75 436 167
dog 0.0487 212 23 467 202
dog 0.0032 263 132 332 181
dog 0.0016 198 260 456 328
chair 0.0735 443 4 498 158
chair 0.0188 325 112 391 167
chair 0.0051 226 23 474 205
chair 0.0048 391 0 472 164
chair 0.0046 7 87 45 160
chair 0.0040 453 54 495 148
chair 0.0036 474 17 499 145
chair 0.0031 311 -3 495 171
chair 0.0023 456 5 498 76
chair 0.0022 87 121 210 161
chair 0.0014 340 2 473 101
chair 0.0012 355 114 396 164
chair 0.0011 481 56 499 176
chair 0.0010 352 122 373 159
sofa 0.0025 16 160 482 316
sofa 0.0025 226 23 474 205
sofa 0.0024 87 121 210 161
pottedplant 0.1043 194 -17 471 150
pottedplant 0.0209 343 3 410 53
pottedplant 0.0190 340 2 473 101
pottedplant 0.0104 339 1 412 120
pottedplant 0.0041 349 9 394 46
pottedplant 0.0033 152 -9 336 54
pottedplant 0.0029 311 -3 495 171
tvmonitor 0.0016 7 87 45 160
tvmonitor 0.0015 4 123 47 159
