person 0.9958 407 146 494 363
person 0.9753 321 129 423 376
person 0.9686 152 186 227 370
person 0.9663 211 161 302 353
person 0.9448 230 295 297 374
person 0.0397 210 218 275 367
person 0.0120 198 248 311 358
person 0.0060 149 201 280 339
person 0.0055 480 196 498 316
person 0.0046 189 171 253 370
person 0.0030 473 248 499 333
person 0.0030 235 146 427 368
person 0.0021 220 297 257 369
person 0.0019 212 291 345 371
person 0.0018 0 203 12 238
person 0.0014 335 135 410 298
person 0.0012 467 127 502 380
person 0.0011 435 192 498 352
person 0.0011 488 228 498 290
person 0.0010 202 163 282 277
bottle 0.0014 364 262 379 276
