person 0.9991 151 108 279 272
person 0.9684 454 50 497 152
person 0.7916 152 28 182 86
person 0.6531 231 40 274 79
person 0.2498 265 54 304 79
person 0.2220 101 44 137 73
person 0.1656 208 40 225 74
person 0.1525 183 50 206 85
person 0.1163 235 40 253 53
person 0.0909 96 46 106 64
person 0.0726 187 48 223 86
person 0.0653 189 48 203 66
person 0.0603 415 0 424 13
person 0.0535 0 32 12 81
person 0.0512 92 43 153 91
person 0.0511 42 26 61 54
person 0.0492 256 41 294 74
person 0.0470 171 59 205 87
person 0.0404 104 45 118 63
person 0.0379 244 55 284 78
person 0.0371 52 29 70 63
person 0.0363 0 38 23 78
person 0.0323 166 27 183 66
person 0.0319 56 29 68 50
person 0.0295 211 39 224 60
person 0.0289 90 44 110 88
person 0.0286 246 39 313 82
person 0.0282 185 44 205 71
person 0.0273 265 67 284 79
person 0.0272 133 35 194 85
person 0.0264 101 44 122 84
person 0.0262 37 29 54 66
person 0.0248 107 54 149 82
person 0.0234 44 27 57 48
person 0.0220 157 48 198 89
person 0.0199 491 46 500 106
person 0.0188 169 29 181 47
person 0.0180 1 58 11 115
person 0.0178 312 66 355 81
person 0.0175 0 47 9 105
person 0.0162 97 60 143 90
person 0.0158 182 50 197 67
person 0.0156 0 67 23 109
person 0.0152 418 44 495 161
person 0.0139 493 46 499 144
person 0.0135 219 40 256 77
person 0.0129 0 60 3 93
person 0.0114 476 45 500 121
person 0.0111 302 57 341 76
person 0.0101 190 42 203 56
person 0.0100 57 11 437 73
person 0.0096 1 71 4 102
person 0.0095 40 31 52 47
person 0.0090 284 61 305 78
person 0.0085 207 67 222 84
person 0.0084 0 34 7 59
person 0.0082 139 49 181 85
person 0.0074 51 40 72 74
person 0.0073 64 33 430 93
person 0.0072 0 17 11 60
person 0.0070 33 41 55 73
person 0.0067 269 45 312 75
person 0.0067 0 38 3 77
person 0.0066 164 29 177 45
person 0.0066 276 56 327 79
person 0.0065 6 32 42 90
person 0.0062 148 62 187 88
person 0.0060 233 40 256 59
person 0.0059 264 39 297 63
person 0.0055 0 5 23 87
person 0.0053 0 27 8 51
person 0.0053 0 56 24 95
person 0.0053 495 50 499 85
person 0.0051 273 63 310 82
person 0.0050 41 40 61 74
person 0.0050 491 19 499 77
person 0.0048 112 50 126 62
person 0.0047 182 57 196 75
person 0.0047 188 56 201 77
person 0.0046 32 33 66 87
person 0.0045 271 61 293 76
person 0.0045 263 57 286 78
person 0.0044 199 68 215 83
person 0.0042 47 27 58 36
person 0.0042 391 85 431 155
person 0.0042 53 52 92 85
person 0.0042 109 43 123 58
person 0.0041 35 30 238 104
person 0.0040 39 38 51 55
person 0.0040 307 58 332 68
person 0.0040 0 86 22 118
person 0.0040 494 37 500 58
person 0.0040 103 62 185 101
person 0.0039 472 75 499 160
person 0.0037 198 48 211 66
person 0.0036 2 82 7 112
person 0.0036 252 66 295 80
person 0.0035 254 61 273 76
person 0.0035 495 44 499 70
person 0.0035 232 43 245 55
bicycle 0.9930 102 152 317 308
bicycle 0.6454 0 78 23 117
bicycle 0.0516 105 81 186 120
bicycle 0.0435 61 61 99 90
bicycle 0.0264 160 106 279 138
bicycle 0.0256 67 57 149 95
bicycle 0.0212 123 95 204 139
bicycle 0.0170 103 62 185 101
bicycle 0.0160 26 55 112 97
bicycle 0.0120 1 93 7 116
bicycle 0.0106 1 58 11 115
bicycle 0.0103 97 60 143 90
bicycle 0.0097 2 82 7 112
bicycle 0.0094 0 16 125 108
bicycle 0.0083 33 52 72 81
bicycle 0.0076 45 47 126 90
bicycle 0.0065 0 27 24 101
bicycle 0.0064 106 77 151 94
bicycle 0.0062 132 82 230 123
bicycle 0.0060 30 63 74 90
bicycle 0.0060 35 30 238 104
bicycle 0.0058 99 46 141 84
bicycle 0.0056 82 63 103 90
bicycle 0.0053 53 52 92 85
bicycle 0.0044 93 204 271 301
bicycle 0.0040 127 108 168 142
bicycle 0.0039 1 71 4 102
bicycle 0.0029 0 51 30 80
bicycle 0.0028 85 77 255 146
bicycle 0.0024 102 84 156 105
bicycle 0.0024 0 47 9 105
bicycle 0.0024 125 83 192 108
bicycle 0.0022 3 95 20 113
bicycle 0.0021 0 53 63 107
bicycle 0.0021 6 88 20 105
bicycle 0.0021 139 114 226 160
bicycle 0.0020 117 55 160 81
bicycle 0.0019 65 40 102 92
bicycle 0.0019 11 37 81 88
bicycle 0.0019 0 60 3 93
bicycle 0.0018 114 78 184 95
bicycle 0.0015 1 102 5 124
bicycle 0.0014 0 77 41 115
bicycle 0.0014 169 88 188 120
bicycle 0.0014 144 90 297 122
bicycle 0.0013 121 92 176 114
bicycle 0.0013 162 91 214 118
bicycle 0.0012 72 52 109 85
bicycle 0.0012 88 94 170 138
bicycle 0.0012 26 44 60 74
bicycle 0.0011 75 67 89 86
bicycle 0.0010 147 58 216 99
bicycle 0.0010 0 72 31 101
car 0.0023 0 76 16 117
motorbike 0.0298 0 78 23 117
motorbike 0.0112 67 57 149 95
motorbike 0.0021 92 43 153 91
motorbike 0.0020 61 61 99 90
motorbike 0.0020 0 27 24 101
motorbike 0.0016 26 55 112 97
motorbike 0.0015 45 47 126 90
motorbike 0.0013 97 60 143 90
motorbike 0.0012 107 54 149 82
motorbike 0.0011 1 58 11 115
bottle 0.0207 403 98 416 109
bottle 0.0147 405 91 415 102
bottle 0.0093 455 90 463 105
bottle 0.0033 412 91 425 103
bottle 0.0030 417 98 437 108
bottle 0.0018 429 105 441 111
bottle 0.0017 410 101 426 109
bottle 0.0014 415 92 436 106
bottle 0.0010 399 91 418 118
chair 0.2318 372 83 420 150
chair 0.0967 372 86 458 156
chair 0.0848 373 88 410 125
chair 0.0402 166 111 301 264
chair 0.0314 430 64 459 88
chair 0.0194 453 77 495 154
chair 0.0179 391 85 431 155
chair 0.0139 416 85 458 111
chair 0.0102 110 174 307 304
chair 0.0099 427 87 472 152
chair 0.0091 418 75 456 96
chair 0.0090 262 41 303 76
chair 0.0089 428 70 452 82
chair 0.0078 432 66 457 105
chair 0.0072 418 44 495 161
chair 0.0069 228 48 266 80
chair 0.0060 452 9 499 75
chair 0.0059 197 164 234 181
chair 0.0056 491 46 500 106
chair 0.0050 495 59 499 93
chair 0.0049 472 75 499 160
chair 0.0047 264 39 297 63
chair 0.0046 265 41 285 58
chair 0.0045 25 46 45 74
chair 0.0041 424 81 454 87
chair 0.0038 0 78 23 117
chair 0.0037 494 37 500 58
chair 0.0032 409 89 445 109
chair 0.0029 14 56 30 73
chair 0.0029 389 83 473 122
chair 0.0027 415 92 436 106
chair 0.0026 495 44 499 70
chair 0.0026 374 86 408 106
chair 0.0026 476 49 495 63
chair 0.0025 15 52 52 80
chair 0.0025 389 104 472 163
chair 0.0022 475 47 499 85
chair 0.0022 497 95 499 135
chair 0.0021 495 72 498 100
chair 0.0020 407 79 451 92
chair 0.0020 61 61 99 90
chair 0.0019 30 63 74 90
chair 0.0018 432 64 456 77
chair 0.0018 99 46 141 84
chair 0.0017 378 87 402 98
chair 0.0017 493 58 499 152
chair 0.0016 455 90 463 105
chair 0.0016 458 99 471 106
chair 0.0015 438 64 504 135
chair 0.0013 33 52 72 81
chair 0.0012 472 28 500 96
chair 0.0012 459 94 470 103
chair 0.0012 437 80 452 88
chair 0.0011 1 49 24 81
chair 0.0011 193 155 282 198
chair 0.0010 415 74 454 128
chair 0.0010 497 76 499 114
diningtable 0.1675 390 91 471 155
diningtable 0.0477 389 83 473 122
diningtable 0.0053 360 94 474 179
diningtable 0.0042 466 35 500 59
diningtable 0.0041 412 109 482 163
diningtable 0.0039 466 23 499 52
diningtable 0.0027 466 19 499 40
diningtable 0.0024 202 168 232 176
diningtable 0.0019 452 9 499 75
diningtable 0.0015 197 164 234 181
diningtable 0.0014 471 35 500 43
diningtable 0.0013 468 23 503 32
diningtable 0.0013 453 77 495 154
diningtable 0.0012 475 42 497 53
diningtable 0.0011 494 37 500 58
diningtable 0.0011 436 19 499 39
diningtable 0.0010 452 9 501 29
diningtable 0.0010 427 87 472 152
tvmonitor 0.0022 415 92 436 106
tvmonitor 0.0017 416 85 458 111
