person 0.0171 476 -40 498 281
person 0.0101 469 159 499 232
person 0.0089 487 -15 499 256
person 0.0063 51 101 499 363
person 0.0021 329 100 372 135
person 0.0013 469 66 502 329
person 0.0013 452 -38 501 277
bird 0.0026 287 162 300 183
dog 0.0015 469 159 499 232
bottle 0.0076 339 26 350 49
bottle 0.0030 326 27 337 51
bottle 0.0025 334 62 361 95
bottle 0.0020 325 26 341 68
bottle 0.0018 -11 100 464 358
bottle 0.0017 339 23 358 52
bottle 0.0012 342 27 355 48
bottle 0.0011 298 181 329 205
bottle 0.0010 337 13 351 50
chair 0.9434 0 48 65 179
chair 0.6130 0 191 50 352
chair 0.0871 320 93 394 145
chair 0.0794 322 84 346 132
chair 0.0439 334 72 409 140
chair 0.0397 331 111 372 134
chair 0.0374 324 64 430 169
chair 0.0345 1 64 54 332
chair 0.0147 0 285 44 372
chair 0.0135 0 199 24 346
chair 0.0112 0 266 30 359
chair 0.0098 300 70 335 135
chair 0.0094 304 76 368 134
chair 0.0086 296 114 328 134
chair 0.0083 323 98 360 133
chair 0.0076 178 120 215 136
chair 0.0076 -1 44 50 72
chair 0.0076 0 202 13 259
chair 0.0067 322 83 344 111
chair 0.0062 317 115 328 132
chair 0.0059 469 159 499 232
chair 0.0054 185 100 224 131
chair 0.0048 282 48 351 113
chair 0.0044 0 50 16 187
chair 0.0043 0 199 9 279
chair 0.0042 329 88 370 128
chair 0.0041 299 121 326 132
chair 0.0041 323 108 340 137
chair 0.0040 320 83 337 95
chair 0.0039 324 112 335 134
chair 0.0039 0 178 20 297
chair 0.0036 323 86 339 103
chair 0.0036 -1 202 88 380
chair 0.0036 476 172 499 298
chair 0.0033 0 79 30 355
chair 0.0033 315 100 333 132
chair 0.0033 332 88 347 106
chair 0.0032 0 111 14 285
chair 0.0032 181 70 221 135
chair 0.0031 302 53 339 81
chair 0.0029 178 90 220 120
chair 0.0028 0 97 5 210
chair 0.0027 0 43 49 58
chair 0.0025 334 54 368 109
chair 0.0023 302 63 340 89
chair 0.0022 177 92 233 144
chair 0.0022 351 119 370 133
chair 0.0022 320 112 391 158
chair 0.0021 36 51 65 156
chair 0.0020 337 116 350 132
chair 0.0020 45 237 80 262
chair 0.0019 296 50 330 70
chair 0.0018 1 152 85 321
chair 0.0016 389 137 422 170
chair 0.0016 0 51 4 180
chair 0.0015 340 119 356 133
chair 0.0014 353 83 428 152
chair 0.0014 451 107 499 325
chair 0.0013 1 107 63 173
chair 0.0013 331 110 351 136
chair 0.0013 319 73 341 102
chair 0.0013 0 288 42 329
chair 0.0012 302 52 323 65
chair 0.0012 9 287 118 370
chair 0.0012 465 193 499 228
chair 0.0011 1 192 34 214
chair 0.0011 0 147 5 238
chair 0.0011 311 111 353 135
chair 0.0011 286 1 320 58
chair 0.0011 459 188 496 279
chair 0.0011 0 284 11 332
chair 0.0010 0 50 62 109
chair 0.0010 0 185 10 240
chair 0.0010 230 4 295 51
chair 0.0010 43 232 83 250
chair 0.0010 393 130 429 187
sofa 0.0012 0 38 65 176
pottedplant 0.0405 182 51 326 176
pottedplant 0.0050 210 175 266 228
pottedplant 0.0050 230 103 294 215
pottedplant 0.0040 269 197 302 230
pottedplant 0.0022 321 12 385 64
pottedplant 0.0012 29 35 484 363
pottedplant 0.0010 199 128 350 230
diningtable 0.9954 24 95 481 374
diningtable 0.0450 -1 177 53 337
diningtable 0.0127 0 38 65 176
diningtable 0.0099 -1 44 50 72
diningtable 0.0058 324 64 430 169
diningtable 0.0045 0 43 49 58
diningtable 0.0043 0 189 22 324
diningtable 0.0024 1 190 46 286
diningtable 0.0013 1 192 34 214
diningtable 0.0012 0 202 13 259
diningtable 0.0011 0 50 62 109
tvmonitor 0.3335 385 7 449 57
tvmonitor 0.0046 191 1 238 34
tvmonitor 0.0023 5 4 63 45
