person 0.9981 73 10 180 350
person 0.9979 207 144 393 337
person 0.9885 24 102 150 355
person 0.0914 0 181 53 368
person 0.0654 4 236 121 370
person 0.0578 141 42 176 116
person 0.0280 1 88 51 306
person 0.0222 166 19 278 331
person 0.0131 0 90 31 418
person 0.0093 4 119 79 355
person 0.0080 0 223 29 364
person 0.0068 147 43 172 90
person 0.0062 1 131 23 262
person 0.0052 5 119 131 272
person 0.0051 0 195 22 313
person 0.0040 139 39 183 164
person 0.0035 99 48 181 272
person 0.0034 2 267 44 365
person 0.0027 252 28 264 47
person 0.0026 144 74 175 163
person 0.0025 214 83 235 112
person 0.0023 82 106 165 321
person 0.0019 476 45 498 157
person 0.0017 342 18 400 138
person 0.0015 218 87 231 104
person 0.0013 243 61 249 73
person 0.0013 462 52 489 147
person 0.0012 137 54 168 145
bottle 0.2899 9 102 23 142
bottle 0.0535 0 104 4 126
bottle 0.0520 16 105 29 141
bottle 0.0390 21 105 30 125
bottle 0.0169 9 104 20 126
bottle 0.0113 18 110 27 135
bottle 0.0111 11 112 20 135
bottle 0.0100 0 101 9 148
bottle 0.0060 38 100 44 111
bottle 0.0054 1 113 6 136
bottle 0.0033 155 120 181 231
bottle 0.0032 21 104 28 113
bottle 0.0018 0 92 2 124
bottle 0.0018 11 102 19 113
bottle 0.0018 0 116 12 153
bottle 0.0015 151 147 168 161
bottle 0.0010 82 25 169 332
chair 0.7682 369 217 404 336
chair 0.1706 203 247 287 315
chair 0.1674 4 236 121 370
chair 0.1445 -1 216 51 369
chair 0.0878 169 214 262 317
chair 0.0586 6 283 42 373
chair 0.0564 300 243 423 353
chair 0.0321 377 247 499 364
chair 0.0207 316 213 400 338
chair 0.0167 191 255 385 348
chair 0.0153 0 255 33 369
chair 0.0144 33 241 48 274
chair 0.0133 223 144 406 354
chair 0.0130 191 227 309 325
chair 0.0126 315 327 467 377
chair 0.0072 250 222 403 328
chair 0.0071 0 144 86 367
chair 0.0059 5 162 40 268
chair 0.0058 20 133 147 372
chair 0.0043 2 147 23 283
chair 0.0036 0 204 25 341
chair 0.0035 20 292 44 325
chair 0.0030 1 105 52 326
chair 0.0020 2 224 43 323
chair 0.0017 363 265 399 345
chair 0.0015 174 236 469 371
chair 0.0011 22 288 107 370
sofa 0.0578 4 236 121 370
sofa 0.0348 -1 216 51 369
sofa 0.0050 0 255 33 369
sofa 0.0027 377 247 499 364
sofa 0.0022 0 144 86 367
sofa 0.0021 8 137 129 303
sofa 0.0016 6 283 42 373
sofa 0.0015 203 247 287 315
sofa 0.0015 315 327 467 377
sofa 0.0014 0 204 25 341
sofa 0.0010 1 105 52 326
diningtable 0.2765 172 302 319 378
diningtable 0.0544 120 299 446 377
diningtable 0.0277 60 302 296 375
diningtable 0.0095 178 247 326 360
diningtable 0.0092 280 329 481 376
diningtable 0.0065 114 316 203 374
diningtable 0.0049 118 222 381 383
diningtable 0.0039 300 243 423 353
diningtable 0.0032 0 117 22 241
diningtable 0.0026 377 247 499 364
diningtable 0.0017 21 288 154 370
diningtable 0.0014 0 149 22 176
