person 0.9999 150 25 283 250
person 0.0106 225 305 259 331
bicycle 0.9992 135 130 334 289
bicycle 0.0040 283 177 472 334
bicycle 0.0035 151 29 289 273
car 0.0207 14 8 51 19
car 0.0035 15 5 37 16
car 0.0031 82 15 96 22
car 0.0026 72 14 92 22
car 0.0013 31 11 51 18
car 0.0010 61 11 99 23
car 0.0010 495 103 499 122
car 0.0010 496 95 499 113
train 0.0011 1 12 92 221
boat 0.0012 139 145 331 307
boat 0.0010 283 177 472 334
cat 0.0015 300 190 461 326
dog 0.9984 319 186 470 332
dog 0.0045 139 166 335 290
