person 0.0730 30 201 38 212
person 0.0421 84 160 95 167
person 0.0324 23 203 28 212
person 0.0319 106 160 119 169
person 0.0302 111 160 123 168
person 0.0202 30 197 40 209
person 0.0179 10 202 16 212
person 0.0150 35 202 45 212
person 0.0112 7 189 18 209
person 0.0093 1 202 9 211
person 0.0067 400 190 417 205
person 0.0067 2 184 22 212
person 0.0054 1 194 10 208
person 0.0053 20 193 29 209
person 0.0048 81 161 89 167
person 0.0047 35 198 43 208
person 0.0041 423 187 434 199
person 0.0033 95 160 105 167
person 0.0027 5 185 19 201
person 0.0019 410 190 421 203
person 0.0015 438 185 452 199
person 0.0015 85 164 93 170
person 0.0014 411 188 422 199
person 0.0011 12 185 32 213
person 0.0010 107 163 118 171
person 0.0010 112 163 122 170
car 0.0602 449 185 470 200
car 0.0549 1 202 9 211
car 0.0326 451 190 473 202
car 0.0323 400 190 417 205
car 0.0207 418 195 440 205
car 0.0166 487 190 499 202
car 0.0109 1 194 10 208
car 0.0081 370 193 387 205
car 0.0073 477 175 501 203
car 0.0067 470 186 483 198
car 0.0066 470 192 484 201
car 0.0063 46 62 501 224
car 0.0059 30 197 40 209
car 0.0048 30 201 38 212
car 0.0041 479 192 493 202
car 0.0034 398 189 439 204
car 0.0032 35 202 45 212
car 0.0027 479 183 496 199
car 0.0023 438 185 452 199
car 0.0023 426 193 441 204
car 0.0021 423 187 434 199
car 0.0016 0 185 17 212
car 0.0014 430 186 443 198
car 0.0014 35 198 43 208
car 0.0013 380 188 419 205
car 0.0013 382 190 398 204
car 0.0011 23 203 28 212
car 0.0010 10 202 16 212
car 0.0010 369 190 406 205
aeroplane 0.9996 39 75 480 234
aeroplane 0.1042 2 184 22 212
aeroplane 0.0291 1 194 10 208
aeroplane 0.0158 95 108 409 215
aeroplane 0.0118 1 186 44 213
aeroplane 0.0095 5 185 19 201
aeroplane 0.0085 7 189 18 209
aeroplane 0.0077 -4 174 57 215
aeroplane 0.0046 1 185 11 198
aeroplane 0.0045 1 202 9 211
aeroplane 0.0036 0 177 16 209
aeroplane 0.0025 12 185 32 213
aeroplane 0.0020 -1 181 29 206
aeroplane 0.0010 20 193 29 209
bus 0.0087 486 183 499 201
bus 0.0046 477 175 501 203
bus 0.0021 484 161 499 204
bus 0.0014 474 139 499 208
bus 0.0014 449 182 471 202
bus 0.0014 1 202 9 211
boat 0.0024 0 185 17 212
bird 0.0012 2 184 22 212
sheep 0.0011 46 62 501 224
