person 0.9958 385 2 497 291
person 0.9870 94 69 179 239
person 0.0224 138 186 332 372
person 0.0198 161 168 246 219
person 0.0187 421 5 457 67
person 0.0183 0 127 65 265
person 0.0115 0 148 68 210
person 0.0107 0 95 19 225
person 0.0060 415 112 499 282
person 0.0055 0 138 21 254
person 0.0050 12 5 45 82
person 0.0043 434 279 498 379
person 0.0040 6 131 87 190
person 0.0037 201 186 244 221
person 0.0034 0 152 22 191
person 0.0034 14 9 37 49
person 0.0032 407 22 496 180
person 0.0030 1 142 10 203
person 0.0030 0 35 15 205
person 0.0030 168 156 211 190
person 0.0023 7 169 76 225
person 0.0019 443 137 498 371
person 0.0018 0 122 7 184
person 0.0017 486 112 499 319
person 0.0017 182 44 467 203
person 0.0015 3 169 84 296
person 0.0015 432 -2 499 63
person 0.0015 37 172 69 198
person 0.0013 212 79 492 269
person 0.0013 1 -8 18 138
person 0.0012 418 231 498 358
person 0.0012 0 31 27 287
person 0.0012 -3 128 34 304
person 0.0010 438 -6 497 133
bird 0.0014 7 169 76 225
bird 0.0013 5 152 82 205
cat 0.0015 127 204 322 370
cat 0.0014 5 152 82 205
cat 0.0014 89 65 174 228
cat 0.0011 3 154 85 281
cat 0.0010 7 169 76 225
dog 0.1109 131 189 317 368
dog 0.0060 434 279 498 379
dog 0.0014 161 151 242 211
dog 0.0013 89 65 174 228
dog 0.0013 168 156 211 190
bottle 0.0014 0 128 3 161
bottle 0.0012 37 172 69 198
bottle 0.0010 0 142 5 165
chair 0.5569 127 204 322 370
chair 0.0095 205 63 498 248
chair 0.0089 98 101 178 246
chair 0.0030 385 24 499 332
chair 0.0016 201 186 244 221
chair 0.0014 195 63 451 164
chair 0.0013 1 223 58 279
sofa 0.9890 183 61 465 249
sofa 0.1006 195 63 451 164
sofa 0.0580 139 202 332 374
sofa 0.0507 205 132 451 237
sofa 0.0264 385 24 499 332
sofa 0.0016 306 70 499 291
sofa 0.0015 258 172 456 254
sofa 0.0015 255 85 464 204
sofa 0.0013 158 85 490 355
sofa 0.0013 79 72 201 240
sofa 0.0011 375 122 496 253
pottedplant 0.0567 0 148 64 284
pottedplant 0.0201 2 167 67 226
pottedplant 0.0113 3 181 47 251
pottedplant 0.0093 0 156 24 277
pottedplant 0.0039 0 205 44 269
pottedplant 0.0038 -3 128 34 304
pottedplant 0.0034 5 152 82 205
pottedplant 0.0028 2 182 42 217
pottedplant 0.0022 6 179 79 245
pottedplant 0.0022 -1 121 86 237
pottedplant 0.0018 0 131 22 225
pottedplant 0.0016 1 223 58 279
pottedplant 0.0012 6 131 87 190
pottedplant 0.0010 0 142 46 216
diningtable 0.4660 -2 213 250 370
diningtable 0.0038 127 204 322 370
diningtable 0.0021 -7 127 215 345
diningtable 0.0020 13 217 195 321
diningtable 0.0012 6 289 205 369
diningtable 0.0012 -11 156 348 378
