person 0.8489 410 196 442 336
person 0.5023 379 199 423 338
person 0.0765 397 211 434 326
person 0.0683 494 185 500 257
person 0.0451 480 179 498 285
person 0.0294 416 195 444 276
person 0.0193 391 220 427 286
person 0.0184 498 207 499 253
person 0.0168 497 191 499 213
person 0.0156 497 194 499 228
person 0.0068 493 214 500 283
person 0.0053 418 196 440 245
person 0.0033 429 211 444 250
person 0.0026 497 223 499 275
person 0.0017 490 234 499 284
person 0.0013 496 182 499 205
person 0.0013 462 187 470 203
bicycle 0.0014 48 249 91 285
bicycle 0.0014 53 226 121 285
car 0.0068 497 191 499 213
car 0.0049 497 194 499 228
car 0.0044 498 207 499 253
car 0.0025 494 189 500 270
car 0.0016 496 182 499 205
