person 0.0442 251 137 281 162
person 0.0255 90 123 366 254
person 0.0169 256 141 271 160
person 0.0152 262 141 280 159
person 0.0139 198 138 234 168
person 0.0117 195 141 218 167
person 0.0096 207 144 221 158
person 0.0089 250 139 263 161
person 0.0054 178 153 193 164
person 0.0033 180 147 195 160
person 0.0032 177 139 217 167
person 0.0032 202 144 215 160
person 0.0021 149 158 165 169
person 0.0020 215 139 237 167
person 0.0016 209 140 222 151
person 0.0012 175 142 198 165
person 0.0011 219 144 233 160
person 0.0011 283 138 321 159
car 0.9967 99 122 380 243
motorbike 0.0026 89 130 388 245
cow 0.0030 103 124 379 241
