person 0.6070 121 140 198 210
person 0.4269 125 149 165 207
person 0.3969 158 140 196 207
person 0.0864 350 38 374 92
person 0.0052 372 172 391 198
person 0.0051 328 27 357 95
person 0.0048 357 16 382 84
person 0.0046 451 194 472 275
person 0.0041 368 18 386 78
person 0.0035 331 43 351 90
person 0.0031 76 119 224 244
person 0.0029 274 193 286 204
person 0.0029 272 193 282 204
person 0.0018 339 15 376 87
person 0.0017 395 172 416 198
person 0.0015 114 148 148 209
person 0.0013 157 140 176 204
person 0.0012 119 174 142 207
person 0.0012 326 44 339 90
bottle 0.9128 449 189 472 274
bottle 0.2241 467 122 483 185
bottle 0.1888 475 125 499 193
bottle 0.1271 414 237 434 279
bottle 0.1041 454 120 481 186
bottle 0.0701 486 125 498 184
bottle 0.0311 431 206 448 255
bottle 0.0311 35 224 56 262
bottle 0.0201 484 154 499 192
bottle 0.0140 421 196 447 271
bottle 0.0090 478 126 497 164
bottle 0.0087 494 129 499 156
bottle 0.0046 451 215 478 283
bottle 0.0046 472 121 481 146
bottle 0.0040 457 122 477 167
bottle 0.0040 450 195 469 228
bottle 0.0038 442 123 474 185
bottle 0.0036 495 136 499 169
bottle 0.0034 410 223 441 281
bottle 0.0030 456 224 473 275
bottle 0.0025 453 197 472 248
bottle 0.0022 493 158 498 190
bottle 0.0015 428 160 461 189
bottle 0.0014 493 148 498 178
bottle 0.0012 480 133 491 152
bottle 0.0010 472 128 481 156
bottle 0.0010 447 125 470 163
pottedplant 0.0040 486 125 498 184
pottedplant 0.0029 475 125 499 193
pottedplant 0.0024 454 120 481 186
diningtable 0.0035 111 240 370 284
tvmonitor 0.9932 89 120 235 246
tvmonitor 0.9870 228 127 345 245
tvmonitor 0.0390 0 0 26 95
tvmonitor 0.0109 5 104 113 198
tvmonitor 0.0071 121 140 198 210
tvmonitor 0.0067 364 202 426 254
tvmonitor 0.0045 473 225 501 290
tvmonitor 0.0010 78 176 253 255
