person 0.8671 149 174 167 196
person 0.7861 132 175 148 192
person 0.7509 95 177 107 191
person 0.6681 114 175 127 191
person 0.3450 166 175 176 191
person 0.3089 199 176 208 190
person 0.2636 123 172 135 191
person 0.2622 104 183 115 194
person 0.2599 113 169 132 194
person 0.2265 170 185 183 198
person 0.2265 166 172 184 197
person 0.1752 165 182 176 197
person 0.1695 46 172 97 194
person 0.0831 123 168 137 180
person 0.0586 97 182 108 194
person 0.0571 194 173 204 190
person 0.0553 19 183 33 194
person 0.0533 34 171 73 194
person 0.0484 24 184 39 194
person 0.0451 123 172 154 195
person 0.0445 199 179 209 198
person 0.0338 113 182 124 195
person 0.0276 172 170 184 178
person 0.0259 189 171 207 199
person 0.0251 23 179 39 191
person 0.0247 193 172 202 179
person 0.0235 86 175 99 190
person 0.0232 -1 166 221 227
person 0.0223 141 185 152 196
person 0.0195 118 166 138 187
person 0.0187 0 170 8 191
person 0.0184 0 152 11 192
person 0.0165 4 170 40 193
person 0.0155 196 170 211 198
person 0.0142 161 177 178 202
person 0.0140 139 177 152 193
person 0.0117 199 172 207 181
person 0.0113 181 170 191 177
person 0.0109 0 161 4 187
person 0.0106 56 170 66 177
person 0.0104 18 225 30 236
person 0.0103 47 167 204 197
person 0.0102 91 173 112 193
person 0.0093 52 175 71 190
person 0.0093 2 168 23 194
person 0.0090 166 172 175 180
person 0.0089 125 183 134 196
person 0.0085 71 171 94 192
person 0.0070 8 175 21 192
person 0.0068 173 192 184 206
person 0.0068 0 146 4 181
person 0.0067 132 170 143 180
person 0.0065 34 185 51 195
person 0.0063 135 175 158 196
person 0.0063 193 181 204 199
person 0.0062 73 168 88 178
person 0.0056 0 156 33 191
person 0.0050 20 172 42 193
person 0.0049 179 188 190 200
person 0.0046 166 185 186 218
person 0.0046 35 178 51 190
person 0.0041 179 194 189 205
person 0.0041 176 170 197 199
person 0.0041 40 178 210 208
person 0.0039 43 177 63 190
person 0.0033 162 178 193 201
person 0.0033 62 184 80 194
person 0.0030 1 182 6 197
person 0.0029 60 178 100 199
person 0.0029 22 165 110 197
person 0.0028 244 140 264 147
person 0.0028 116 170 129 182
person 0.0027 45 185 61 195
person 0.0026 61 177 80 191
person 0.0025 9 183 21 194
person 0.0023 143 178 174 200
person 0.0022 112 176 130 202
person 0.0022 37 180 88 197
person 0.0019 31 160 378 218
person 0.0018 14 182 54 198
person 0.0018 47 168 62 178
person 0.0017 19 157 44 188
person 0.0016 162 182 178 220
person 0.0016 54 185 70 194
person 0.0015 64 164 98 188
person 0.0014 181 174 193 190
person 0.0013 99 178 119 201
person 0.0012 0 143 3 166
person 0.0010 93 178 111 203
person 0.0010 126 164 237 197
person 0.0010 0 218 4 240
person 0.0010 172 199 182 219
boat 0.8309 -4 12 247 228
boat 0.7004 244 140 264 147
boat 0.2056 320 143 326 150
boat 0.2016 2 162 239 229
boat 0.0818 244 119 265 149
boat 0.0337 324 144 335 150
boat 0.0142 319 146 327 152
boat 0.0131 296 153 303 156
boat 0.0119 326 148 335 151
boat 0.0095 256 143 265 148
boat 0.0084 242 142 254 147
boat 0.0074 8 -3 87 208
boat 0.0073 248 129 260 145
boat 0.0063 242 131 266 152
boat 0.0048 293 153 299 156
boat 0.0044 -16 197 234 231
boat 0.0028 40 178 210 208
boat 0.0020 27 39 167 173
boat 0.0015 0 -21 30 224
boat 0.0015 17 108 233 204
boat 0.0013 242 86 273 151
boat 0.0012 241 137 284 150
boat 0.0011 0 218 4 240
boat 0.0010 0 199 11 243
boat 0.0010 194 148 205 156
bird 0.0034 276 220 287 229
