person 0.9739 357 166 387 221
person 0.9663 86 151 114 214
person 0.9634 132 153 169 219
person 0.9558 453 172 490 224
person 0.9495 220 111 260 207
person 0.8504 411 161 438 223
person 0.8142 58 152 87 213
person 0.3222 436 190 460 223
person 0.2734 65 156 100 219
person 0.0744 63 155 83 190
person 0.0392 437 184 475 222
person 0.0390 467 194 500 227
person 0.0287 382 172 396 185
person 0.0228 430 189 450 222
person 0.0202 62 193 100 223
person 0.0172 399 209 416 222
person 0.0141 414 162 434 200
person 0.0132 447 194 485 225
person 0.0127 331 198 367 222
person 0.0109 31 211 76 229
person 0.0101 211 111 266 162
person 0.0099 367 178 386 219
person 0.0095 424 172 486 225
person 0.0088 50 169 121 217
person 0.0087 488 187 499 230
person 0.0082 68 165 89 211
person 0.0081 193 153 364 240
person 0.0080 392 206 423 224
person 0.0080 496 180 498 220
person 0.0075 163 134 345 215
person 0.0074 28 191 105 228
person 0.0071 401 205 415 216
person 0.0068 415 193 434 222
person 0.0065 280 124 291 139
person 0.0060 361 167 383 198
person 0.0049 476 212 497 226
person 0.0046 489 210 498 226
person 0.0044 227 147 257 238
person 0.0040 390 212 406 221
person 0.0037 383 200 415 219
person 0.0037 493 150 499 229
person 0.0037 357 198 366 216
person 0.0036 72 185 107 215
person 0.0032 244 159 478 225
person 0.0031 440 202 455 217
person 0.0031 51 186 91 215
person 0.0030 341 169 405 220
person 0.0029 439 203 473 226
person 0.0029 232 111 253 154
person 0.0029 365 199 376 217
person 0.0028 414 174 421 188
person 0.0025 99 152 114 211
person 0.0025 472 163 500 229
person 0.0023 375 198 384 216
person 0.0022 62 208 98 225
person 0.0022 140 154 158 187
person 0.0022 362 195 381 220
person 0.0022 343 163 378 223
person 0.0020 497 163 499 218
person 0.0020 183 150 196 189
person 0.0019 395 171 471 221
person 0.0019 414 164 422 178
person 0.0019 61 190 145 226
person 0.0019 353 185 389 213
person 0.0019 375 192 384 209
person 0.0018 153 157 160 183
person 0.0015 77 184 87 197
person 0.0015 432 199 443 218
person 0.0014 357 192 365 211
person 0.0014 217 144 296 252
person 0.0014 424 174 432 188
person 0.0013 343 205 361 216
person 0.0012 476 183 496 219
person 0.0012 377 163 385 180
person 0.0011 458 203 473 219
person 0.0011 423 197 432 219
person 0.0011 439 209 456 223
person 0.0011 479 190 490 207
person 0.0011 38 154 100 208
person 0.0011 297 168 331 219
person 0.0011 152 156 166 207
person 0.0010 88 168 160 220
person 0.0010 64 155 141 205
boat 0.0036 247 97 431 175
dog 0.0362 431 189 464 224
dog 0.0216 94 208 133 225
dog 0.0077 401 205 415 216
dog 0.0064 390 212 406 221
dog 0.0063 399 209 416 222
dog 0.0036 62 208 98 225
dog 0.0033 31 211 76 229
dog 0.0030 389 199 426 222
dog 0.0029 384 204 412 214
dog 0.0028 62 193 100 223
dog 0.0022 430 189 450 222
dog 0.0022 382 207 417 223
dog 0.0018 469 205 499 227
dog 0.0011 99 202 137 222
dog 0.0010 48 188 80 214
horse 0.9886 185 152 325 246
horse 0.0051 297 168 331 219
horse 0.0038 224 165 333 224
horse 0.0034 183 148 205 193
horse 0.0029 432 186 463 220
horse 0.0022 188 149 257 246
horse 0.0013 163 134 345 215
horse 0.0012 413 172 434 222
cow 0.0018 185 152 325 246
cow 0.0015 432 186 463 220
bottle 0.0027 84 214 95 225
chair 0.1907 361 175 383 218
chair 0.1228 48 188 80 214
chair 0.0638 58 155 86 218
chair 0.0355 459 176 486 221
chair 0.0354 457 193 495 226
chair 0.0315 365 199 376 217
chair 0.0308 362 195 381 220
chair 0.0291 436 190 473 225
chair 0.0252 384 204 412 214
chair 0.0208 371 200 409 218
chair 0.0160 91 158 110 216
chair 0.0158 62 185 100 216
chair 0.0154 47 187 65 214
chair 0.0132 413 172 434 222
chair 0.0127 49 191 94 223
chair 0.0101 380 213 404 220
chair 0.0100 442 171 496 225
chair 0.0095 375 198 384 216
chair 0.0090 52 192 69 210
chair 0.0089 455 194 478 223
chair 0.0086 468 202 484 216
chair 0.0081 381 205 399 215
chair 0.0068 474 192 499 226
chair 0.0048 65 191 79 207
chair 0.0047 96 188 106 208
chair 0.0046 401 205 415 216
chair 0.0046 364 195 377 204
chair 0.0045 458 203 473 219
chair 0.0043 430 189 450 222
chair 0.0041 434 188 458 219
chair 0.0041 80 185 102 215
chair 0.0039 357 198 366 216
chair 0.0038 132 153 169 219
chair 0.0037 34 169 101 219
chair 0.0035 353 185 389 213
chair 0.0030 390 212 406 221
chair 0.0029 375 192 384 209
chair 0.0027 50 170 72 212
chair 0.0026 152 156 166 207
chair 0.0023 33 193 74 225
chair 0.0022 78 194 101 223
chair 0.0021 51 176 91 203
chair 0.0021 68 165 89 211
chair 0.0020 396 201 418 222
chair 0.0020 468 211 484 223
chair 0.0019 83 194 97 205
chair 0.0018 104 187 111 209
chair 0.0018 423 197 432 219
chair 0.0017 63 185 80 196
chair 0.0017 153 157 160 183
chair 0.0017 467 193 485 208
chair 0.0016 411 193 431 223
chair 0.0016 77 184 87 197
chair 0.0016 94 185 105 198
chair 0.0016 100 184 115 215
chair 0.0014 357 192 365 211
chair 0.0014 369 209 408 221
chair 0.0013 80 203 99 214
chair 0.0013 31 157 70 224
chair 0.0012 91 200 134 224
chair 0.0012 76 192 89 206
chair 0.0012 496 189 499 228
chair 0.0012 338 196 382 221
chair 0.0012 465 205 487 226
chair 0.0012 489 210 498 226
chair 0.0012 476 212 497 226
chair 0.0011 297 168 331 219
chair 0.0011 90 191 110 223
chair 0.0010 56 186 69 195
chair 0.0010 352 195 369 220
