person 0.9986 40 99 258 306
person 0.9176 291 200 425 335
person 0.0409 239 182 436 371
person 0.0095 153 85 296 296
person 0.0010 281 133 459 328
car 0.0052 109 284 151 303
bottle 0.2946 311 146 319 176
bottle 0.2004 444 152 453 177
bottle 0.1874 343 142 355 185
bottle 0.0952 335 142 349 187
bottle 0.0514 319 151 324 175
bottle 0.0472 420 143 431 182
bottle 0.0372 309 145 316 166
bottle 0.0354 442 159 452 181
bottle 0.0337 400 160 412 180
bottle 0.0313 345 141 352 153
bottle 0.0309 327 150 332 175
bottle 0.0300 337 143 343 158
bottle 0.0215 414 143 428 181
bottle 0.0198 331 143 336 165
bottle 0.0160 346 143 353 159
bottle 0.0080 326 142 337 181
bottle 0.0073 348 149 356 177
bottle 0.0053 346 163 356 182
bottle 0.0053 431 161 444 181
bottle 0.0052 396 148 414 180
bottle 0.0033 314 147 328 177
bottle 0.0022 395 164 407 179
bottle 0.0021 332 141 337 153
bottle 0.0020 433 156 443 175
bottle 0.0020 319 147 325 165
bottle 0.0020 351 145 369 178
bottle 0.0019 380 152 391 169
bottle 0.0017 424 148 430 178
bottle 0.0013 336 150 343 177
bottle 0.0013 378 147 394 176
bottle 0.0012 381 169 393 181
bottle 0.0011 182 297 211 319
bottle 0.0011 441 154 455 208
bottle 0.0011 179 74 298 227
bottle 0.0010 448 158 457 170
bottle 0.0010 336 157 345 186
chair 0.9867 283 212 429 376
chair 0.1068 278 290 426 370
chair 0.0343 30 180 78 236
chair 0.0292 393 224 425 320
chair 0.0125 300 226 336 313
chair 0.0106 299 184 433 284
chair 0.0106 29 176 77 210
chair 0.0101 250 211 277 302
chair 0.0088 387 222 436 371
chair 0.0069 330 259 406 321
chair 0.0061 320 195 471 329
chair 0.0023 484 163 499 305
chair 0.0022 432 178 461 285
chair 0.0018 407 184 461 364
chair 0.0018 361 206 427 338
chair 0.0017 261 214 287 298
chair 0.0016 424 174 480 337
chair 0.0014 494 174 499 286
chair 0.0013 299 200 382 316
chair 0.0010 0 291 22 320
chair 0.0010 285 223 313 316
sofa 0.6839 26 175 81 231
sofa 0.0108 24 108 82 247
sofa 0.0048 29 195 75 226
sofa 0.0031 27 179 63 208
sofa 0.0028 279 181 446 371
sofa 0.0014 20 163 83 272
sofa 0.0010 41 174 79 207
pottedplant 0.1519 194 74 281 283
pottedplant 0.0136 360 147 394 176
pottedplant 0.0023 27 86 79 229
pottedplant 0.0017 370 143 392 170
pottedplant 0.0011 222 148 258 216
diningtable 0.9268 3 278 291 373
diningtable 0.0098 94 290 385 367
diningtable 0.0057 311 181 435 214
diningtable 0.0035 279 181 446 371
diningtable 0.0032 299 184 433 284
diningtable 0.0029 0 280 41 352
diningtable 0.0018 263 294 421 368
diningtable 0.0018 -11 249 448 363
diningtable 0.0013 -2 232 57 393
diningtable 0.0010 442 165 497 302
tvmonitor 0.0018 30 122 43 182
tvmonitor 0.0017 273 98 310 153
tvmonitor 0.0012 272 103 308 203
tvmonitor 0.0011 419 87 495 120
