person 0.9994 73 63 328 371
person 0.4673 219 98 288 219
person 0.4270 219 94 261 187
person 0.0476 190 81 320 363
person 0.0095 200 106 321 252
person 0.0041 199 84 256 200
person 0.0039 444 163 497 346
person 0.0029 221 102 295 324
person 0.0019 57 7 506 364
person 0.0018 256 97 335 296
person 0.0017 379 14 496 363
person 0.0012 232 102 274 184
person 0.0010 442 39 498 319
car 0.0021 52 40 361 358
bus 0.0178 57 7 506 364
train 0.0898 52 40 361 358
train 0.0038 159 -5 502 373
bottle 0.1155 101 244 153 373
bottle 0.0088 110 311 152 375
bottle 0.0025 22 27 348 369
bottle 0.0010 97 198 154 323
chair 0.0083 1 314 68 374
tvmonitor 0.0139 52 40 361 358
