person 0.0012 139 150 254 234
car 0.0068 492 72 499 77
boat 0.0010 492 72 499 77
bird 0.9764 432 260 499 338
bird 0.0054 139 150 254 234
bird 0.0035 439 300 497 336
bird 0.0021 136 154 256 191
bird 0.0018 462 98 471 111
bird 0.0015 426 80 430 85
bird 0.0015 492 72 499 77
bird 0.0013 69 60 74 65
bird 0.0012 461 99 492 114
cat 0.0015 136 154 256 191
cat 0.0010 139 150 254 234
dog 0.0106 138 152 234 190
dog 0.0073 139 150 254 234
dog 0.0026 197 75 213 84
horse 0.0095 139 150 254 234
horse 0.0030 138 152 234 190
horse 0.0019 195 76 212 86
sheep 0.9508 308 87 331 106
sheep 0.9395 195 76 212 86
sheep 0.8581 461 99 492 114
sheep 0.6725 138 152 234 190
sheep 0.4332 139 150 254 234
sheep 0.1418 492 72 499 77
sheep 0.1093 137 162 258 202
sheep 0.0796 462 98 471 111
sheep 0.0461 472 102 491 113
sheep 0.0383 193 76 208 84
sheep 0.0378 209 75 215 82
sheep 0.0206 467 104 488 116
sheep 0.0156 313 94 330 107
sheep 0.0129 323 92 332 103
sheep 0.0079 450 81 455 88
sheep 0.0076 497 88 500 99
sheep 0.0055 324 96 332 105
sheep 0.0051 69 60 74 65
sheep 0.0050 139 150 175 177
sheep 0.0047 496 97 499 114
sheep 0.0038 269 75 272 79
sheep 0.0033 253 81 260 85
sheep 0.0029 157 161 234 183
sheep 0.0022 496 81 500 93
sheep 0.0020 379 79 383 85
sheep 0.0019 426 80 430 85
sheep 0.0019 298 77 301 81
sheep 0.0018 318 84 328 91
sheep 0.0018 497 103 499 120
sheep 0.0017 325 81 330 88
sheep 0.0014 378 76 383 81
sheep 0.0013 192 73 216 92
sheep 0.0013 465 101 498 120
sheep 0.0012 209 78 216 85
sheep 0.0012 189 72 221 85
sheep 0.0012 425 76 429 80
sheep 0.0012 463 96 469 101
cow 0.7907 135 161 258 237
cow 0.2387 136 154 256 191
cow 0.0388 461 99 492 114
cow 0.0129 307 86 332 107
cow 0.0079 492 72 499 77
cow 0.0064 195 76 212 86
cow 0.0017 462 98 471 111
