person 0.9832 345 154 459 373
person 0.1480 220 174 230 194
person 0.0452 209 174 223 190
person 0.0420 205 174 223 204
person 0.0370 216 172 232 197
person 0.0234 107 166 142 229
person 0.0227 93 168 108 180
person 0.0175 0 200 11 260
person 0.0151 153 161 163 170
person 0.0122 0 167 8 238
person 0.0116 0 170 5 193
person 0.0103 265 198 301 228
person 0.0097 1 165 31 228
person 0.0092 85 167 95 177
person 0.0089 126 164 154 230
person 0.0089 170 170 186 177
person 0.0074 244 198 283 227
person 0.0071 0 169 18 260
person 0.0068 75 164 89 176
person 0.0065 24 167 40 178
person 0.0061 16 166 36 178
person 0.0052 209 171 224 180
person 0.0051 177 170 198 178
person 0.0051 459 186 473 194
person 0.0039 441 186 453 194
person 0.0038 470 187 480 195
person 0.0035 4 165 21 178
person 0.0033 1 166 7 179
person 0.0032 252 171 275 180
person 0.0028 0 168 2 214
person 0.0027 171 174 185 184
person 0.0026 151 166 166 174
person 0.0026 495 179 499 204
person 0.0026 0 206 7 292
person 0.0025 227 179 237 190
person 0.0025 254 205 293 230
person 0.0025 327 170 336 177
person 0.0024 263 170 282 178
person 0.0024 496 173 499 196
person 0.0024 275 170 293 178
person 0.0024 3 162 40 184
person 0.0023 129 175 145 229
person 0.0022 449 186 463 194
person 0.0021 160 168 177 173
person 0.0021 0 181 12 326
person 0.0018 190 174 295 216
person 0.0018 94 172 109 187
person 0.0017 27 171 39 187
person 0.0017 100 170 116 179
person 0.0015 250 171 265 179
person 0.0015 376 175 394 188
person 0.0015 212 190 305 232
person 0.0015 198 177 217 187
person 0.0015 246 204 263 218
person 0.0014 178 176 198 184
person 0.0014 257 203 272 216
person 0.0014 0 159 9 206
person 0.0014 18 162 32 170
person 0.0013 114 174 127 186
person 0.0013 333 170 350 178
person 0.0013 185 169 203 177
person 0.0013 185 176 223 203
person 0.0013 274 203 291 217
person 0.0012 73 159 89 174
person 0.0012 238 206 274 231
person 0.0012 216 170 229 180
person 0.0012 290 196 312 231
person 0.0012 5 161 19 170
person 0.0012 339 177 363 186
person 0.0011 1 160 22 186
person 0.0011 282 197 304 228
person 0.0011 226 197 264 226
person 0.0011 340 171 360 179
person 0.0011 90 168 112 194
person 0.0011 91 167 128 223
person 0.0010 141 162 154 169
person 0.0010 496 182 499 220
person 0.0010 275 197 291 211
bicycle 0.0030 0 174 9 250
bicycle 0.0011 107 184 138 238
car 0.9976 109 171 378 356
car 0.9001 92 172 199 223
car 0.8730 423 173 497 241
car 0.5908 1 167 42 221
car 0.2821 176 175 217 194
car 0.1624 252 171 275 180
car 0.1558 2 167 87 216
car 0.1531 0 192 10 250
car 0.0812 71 171 94 199
car 0.0612 0 169 18 260
car 0.0534 177 170 198 178
car 0.0531 249 174 275 182
car 0.0459 145 173 214 219
car 0.0437 198 177 217 187
car 0.0402 281 169 305 177
car 0.0381 270 168 317 179
car 0.0377 185 169 203 177
car 0.0341 374 176 392 187
car 0.0340 290 169 311 177
car 0.0331 246 170 303 180
car 0.0328 231 175 275 187
car 0.0327 170 170 186 177
car 0.0310 185 176 223 203
car 0.0288 168 177 210 200
car 0.0268 0 167 8 238
car 0.0265 91 166 198 199
car 0.0257 3 162 40 184
car 0.0252 275 170 293 178
car 0.0248 167 168 206 181
car 0.0245 491 173 499 231
car 0.0239 199 172 232 195
car 0.0238 212 169 416 187
car 0.0235 209 174 223 190
car 0.0235 250 171 265 179
car 0.0213 182 178 209 187
car 0.0200 154 171 204 192
car 0.0199 94 168 166 192
car 0.0191 178 176 198 184
car 0.0189 263 170 282 178
car 0.0188 1 166 7 179
car 0.0177 304 172 359 185
car 0.0159 309 171 334 180
car 0.0145 345 170 394 192
car 0.0136 72 175 109 206
car 0.0135 332 172 370 190
car 0.0129 24 167 40 178
car 0.0117 181 183 210 196
car 0.0114 122 138 508 381
car 0.0099 165 170 354 190
car 0.0094 0 167 35 195
car 0.0092 238 174 311 185
car 0.0092 280 168 342 181
car 0.0080 68 168 147 216
car 0.0077 87 166 154 182
car 0.0076 496 182 499 220
car 0.0075 333 170 350 178
car 0.0072 495 179 499 204
car 0.0068 0 170 5 193
car 0.0066 0 191 35 226
car 0.0064 140 165 225 196
car 0.0063 372 185 389 196
car 0.0061 74 176 91 192
car 0.0060 1 159 10 172
car 0.0059 339 177 363 186
car 0.0059 142 166 193 182
car 0.0049 209 171 224 180
car 0.0045 2 197 5 245
car 0.0045 205 174 223 204
car 0.0043 211 172 262 192
car 0.0041 171 174 185 184
car 0.0040 20 165 111 200
car 0.0040 87 168 135 195
car 0.0038 493 180 499 259
car 0.0037 160 168 177 173
car 0.0036 220 174 230 194
car 0.0036 158 170 495 212
car 0.0035 0 174 2 230
car 0.0034 371 170 393 193
car 0.0034 330 168 369 182
car 0.0033 199 183 215 197
car 0.0031 200 171 215 179
car 0.0031 0 159 9 206
car 0.0030 373 170 391 182
car 0.0030 333 176 351 184
car 0.0029 280 161 464 363
car 0.0028 180 183 215 213
car 0.0027 261 174 344 186
car 0.0027 16 166 36 178
car 0.0026 340 171 360 179
car 0.0025 15 163 88 183
car 0.0024 228 170 281 182
car 0.0024 118 187 204 228
car 0.0023 134 169 185 190
car 0.0023 1 153 12 194
car 0.0022 198 196 212 207
car 0.0022 394 180 420 188
car 0.0022 5 161 19 170
car 0.0022 351 178 365 187
car 0.0021 216 172 232 197
car 0.0020 227 179 237 190
motorbike 0.0034 0 174 9 250
motorbike 0.0033 0 169 18 260
motorbike 0.0026 0 200 11 260
motorbike 0.0016 1 165 31 228
bus 0.0040 74 167 213 228
chair 0.0099 107 184 138 238
chair 0.0028 101 200 124 238
chair 0.0010 421 265 453 364
chair 0.0010 384 260 449 368
