person 0.9984 146 37 308 511
person 0.9416 55 15 181 255
person 0.0038 245 151 283 182
person 0.0028 204 57 237 87
person 0.0012 50 56 168 434
person 0.0011 69 8 153 168
person 0.0011 87 10 122 78
person 0.0010 61 3 236 188
bicycle 0.7736 251 118 391 524
bicycle 0.5012 8 157 162 484
bicycle 0.0396 62 72 338 481
bicycle 0.0152 329 234 387 442
bicycle 0.0026 264 90 379 346
bicycle 0.0024 324 156 389 361
bicycle 0.0018 261 261 340 372
bicycle 0.0018 50 56 168 434
bicycle 0.0017 256 178 346 341
bicycle 0.0015 30 151 114 258
bicycle 0.0011 197 81 336 489
bicycle 0.0010 263 146 381 272
motorbike 0.0308 257 106 388 490
motorbike 0.0080 62 72 338 481
motorbike 0.0035 18 121 162 481
bottle 0.0978 329 234 387 442
bottle 0.0088 74 160 92 193
bottle 0.0049 359 121 386 205
bottle 0.0032 338 293 381 380
bottle 0.0025 76 167 88 189
bottle 0.0024 260 269 342 328
bottle 0.0022 297 250 339 317
bottle 0.0021 375 80 388 140
bottle 0.0018 357 158 388 245
bottle 0.0016 122 0 141 5
bottle 0.0016 102 1 120 8
bottle 0.0015 349 183 372 225
bottle 0.0011 111 0 133 6
bottle 0.0010 83 159 103 196
chair 0.0375 268 124 323 178
chair 0.0178 18 121 162 481
chair 0.0029 266 127 327 235
chair 0.0015 270 97 399 502
diningtable 0.0063 103 83 310 438
diningtable 0.0012 18 121 162 481
