person 0.9970 383 207 497 373
person 0.1568 347 153 369 177
person 0.0547 15 153 535 352
person 0.0359 199 150 233 181
person 0.0276 320 140 340 170
person 0.0269 212 150 234 175
person 0.0155 276 145 288 160
person 0.0153 342 156 377 181
person 0.0107 324 144 338 163
person 0.0106 315 154 330 172
person 0.0089 313 148 333 174
person 0.0055 346 156 361 173
person 0.0054 481 220 499 368
person 0.0034 215 149 233 164
person 0.0030 322 152 335 171
person 0.0030 213 148 253 177
person 0.0025 313 145 348 177
person 0.0022 363 157 377 171
person 0.0021 358 153 380 177
person 0.0018 212 143 241 169
person 0.0012 368 156 385 171
person 0.0012 272 140 292 164
person 0.0010 211 153 228 170
person 0.0010 198 167 220 180
aeroplane 0.9991 8 118 485 339
aeroplane 0.0018 28 154 314 347
bus 0.0014 4 142 487 356
cow 0.0011 0 141 453 356
