person 0.2491 467 155 485 207
person 0.1251 470 152 488 178
person 0.0524 474 155 492 207
person 0.0341 479 153 490 172
person 0.0332 470 161 480 179
person 0.0151 458 161 478 203
person 0.0150 490 153 498 169
person 0.0148 488 148 497 164
person 0.0129 481 150 492 163
person 0.0089 492 187 498 201
person 0.0078 484 147 499 178
person 0.0072 492 189 498 211
person 0.0069 493 164 498 180
person 0.0064 478 164 491 180
person 0.0035 474 154 498 235
person 0.0033 456 157 491 233
person 0.0028 464 179 473 204
person 0.0026 459 157 492 188
person 0.0025 487 183 500 222
person 0.0014 485 160 499 204
person 0.0014 483 191 491 209
person 0.0014 53 142 73 166
person 0.0013 450 165 485 199
person 0.0013 0 189 6 212
person 0.0012 36 146 48 164
person 0.0012 160 215 177 229
person 0.0011 461 176 474 191
bicycle 0.0012 492 187 498 201
car 0.0870 2 213 92 254
car 0.0167 1 212 84 233
car 0.0124 5 211 260 258
car 0.0093 -12 208 146 236
car 0.0084 37 219 175 247
car 0.0077 34 215 87 230
car 0.0071 0 217 60 280
car 0.0071 -2 218 70 240
car 0.0061 1 217 29 288
car 0.0061 420 259 456 276
car 0.0057 26 219 80 236
car 0.0052 58 223 179 237
car 0.0046 1 221 10 239
car 0.0045 0 209 15 252
car 0.0039 0 225 13 275
car 0.0036 71 223 113 236
car 0.0031 32 231 137 273
car 0.0028 36 209 212 233
car 0.0028 391 237 474 277
car 0.0026 1 211 9 230
car 0.0022 252 217 348 257
car 0.0019 0 220 20 260
car 0.0018 -2 201 133 270
car 0.0016 1 227 7 251
car 0.0014 378 229 420 248
car 0.0013 60 214 178 232
car 0.0012 42 221 119 237
car 0.0012 1 188 12 234
car 0.0012 -1 227 68 248
car 0.0012 435 260 454 274
car 0.0010 46 219 76 228
car 0.0010 1 200 7 223
car 0.0010 3 223 19 236
bus 0.0045 46 127 453 228
train 0.9750 17 116 485 245
train 0.0067 5 211 260 258
train 0.0051 14 136 339 224
train 0.0040 160 112 484 198
train 0.0032 4 156 93 197
train 0.0030 383 132 472 191
train 0.0028 -9 124 138 191
train 0.0022 334 114 477 192
train 0.0013 19 135 116 184
train 0.0012 9 199 405 252
