person 0.9988 55 172 237 376
person 0.0693 46 185 56 201
person 0.0170 49 192 60 206
person 0.0079 77 158 134 389
person 0.0049 44 180 61 207
person 0.0032 69 251 213 368
person 0.0026 60 267 98 289
person 0.0017 42 185 51 197
person 0.0013 335 300 450 377
person 0.0013 55 197 61 205
person 0.0010 294 263 333 332
car 0.3017 313 226 447 316
car 0.0045 443 249 496 377
car 0.0034 261 273 334 325
car 0.0033 375 244 445 305
car 0.0027 206 256 446 345
car 0.0022 335 300 450 377
car 0.0018 441 237 491 262
car 0.0017 492 242 498 258
car 0.0016 328 234 452 281
car 0.0015 238 282 324 335
car 0.0010 435 209 497 263
bus 0.0126 316 226 464 313
boat 0.1064 41 145 50 149
boat 0.0266 313 226 447 316
boat 0.0128 63 209 259 371
boat 0.0115 18 219 489 370
boat 0.0096 45 145 52 149
boat 0.0059 -1 20 57 256
boat 0.0054 114 254 379 353
boat 0.0049 40 147 51 151
boat 0.0027 46 185 56 201
boat 0.0019 206 256 446 345
boat 0.0013 44 180 61 207
boat 0.0012 46 148 52 151
boat 0.0011 189 293 384 373
boat 0.0010 90 148 98 153
boat 0.0010 261 273 334 325
boat 0.0010 -3 -15 109 319
dog 0.9955 341 303 442 375
bottle 0.0059 114 288 120 304
chair 0.4479 63 209 259 371
chair 0.2978 210 298 243 370
chair 0.1881 163 296 243 368
chair 0.1185 109 254 180 372
chair 0.1140 98 283 240 369
chair 0.0616 3 222 63 279
chair 0.0599 443 249 496 377
chair 0.0317 313 226 447 316
chair 0.0189 105 260 307 365
chair 0.0148 259 279 338 335
chair 0.0120 2 238 25 279
chair 0.0106 2 222 98 369
chair 0.0087 156 224 242 366
chair 0.0068 0 179 65 293
chair 0.0061 11 177 197 372
chair 0.0057 86 296 169 372
chair 0.0048 216 295 240 341
chair 0.0047 90 150 111 312
chair 0.0036 49 250 55 274
chair 0.0036 1 215 26 288
chair 0.0034 82 327 96 368
chair 0.0031 41 161 103 279
chair 0.0028 12 274 177 377
chair 0.0027 122 290 164 374
chair 0.0023 1 238 13 279
chair 0.0023 375 244 445 305
chair 0.0023 76 175 105 285
chair 0.0022 82 266 94 274
chair 0.0020 60 168 118 342
chair 0.0019 294 263 333 332
chair 0.0018 161 258 195 326
chair 0.0016 319 298 440 377
chair 0.0016 262 278 297 339
chair 0.0014 22 228 103 280
chair 0.0014 80 144 129 370
chair 0.0014 289 278 329 315
chair 0.0014 380 235 415 309
chair 0.0014 12 239 29 278
chair 0.0014 242 275 321 323
chair 0.0013 285 318 339 332
chair 0.0013 60 262 98 280
chair 0.0013 18 219 489 370
chair 0.0013 74 267 89 277
chair 0.0013 145 255 181 326
chair 0.0011 346 219 438 363
chair 0.0011 11 241 56 277
chair 0.0011 231 294 242 318
chair 0.0010 51 198 91 275
chair 0.0010 281 307 342 328
chair 0.0010 53 248 121 371
chair 0.0010 49 192 60 206
chair 0.0010 124 322 132 334
sofa 0.0935 443 249 496 377
sofa 0.0019 316 226 464 313
sofa 0.0011 97 249 239 374
pottedplant 0.1861 336 181 425 213
pottedplant 0.1139 345 185 431 203
pottedplant 0.0183 331 189 428 233
pottedplant 0.0178 413 190 427 199
pottedplant 0.0107 389 185 429 203
pottedplant 0.0056 398 190 437 207
pottedplant 0.0037 313 226 447 316
pottedplant 0.0037 327 190 414 207
pottedplant 0.0033 416 191 432 200
pottedplant 0.0032 411 193 427 203
pottedplant 0.0029 330 186 391 202
pottedplant 0.0026 416 193 436 203
pottedplant 0.0023 399 188 418 200
pottedplant 0.0020 389 188 405 199
pottedplant 0.0017 324 192 464 270
pottedplant 0.0011 356 194 464 233
pottedplant 0.0011 382 188 399 199
diningtable 0.9330 -2 273 113 378
diningtable 0.0126 0 207 64 273
diningtable 0.0069 2 272 102 320
diningtable 0.0036 21 252 173 369
diningtable 0.0031 3 314 98 376
diningtable 0.0029 6 223 86 281
diningtable 0.0019 49 192 60 206
diningtable 0.0015 0 255 60 372
diningtable 0.0015 41 208 249 367
diningtable 0.0014 18 280 107 347
diningtable 0.0012 -2 192 66 239
diningtable 0.0012 23 226 104 364
tvmonitor 0.0011 313 226 447 316
