person 0.9996 94 60 305 295
person 0.3413 7 155 94 280
person 0.0131 -2 80 107 328
person 0.0122 -1 117 108 208
person 0.0076 2 136 79 184
person 0.0036 0 205 90 327
person 0.0022 -1 88 15 190
person 0.0021 0 120 10 185
person 0.0015 1 147 18 283
person 0.0014 0 101 9 164
person 0.0014 0 111 68 242
bottle 0.7657 466 250 498 330
bottle 0.3378 57 140 66 158
bottle 0.2478 78 138 86 160
bottle 0.1114 474 215 498 291
bottle 0.1025 51 141 59 158
bottle 0.0355 486 227 499 288
bottle 0.0221 66 143 74 158
bottle 0.0097 110 282 174 334
bottle 0.0072 310 174 327 208
bottle 0.0057 343 280 401 333
bottle 0.0049 489 211 499 268
bottle 0.0044 76 136 88 184
bottle 0.0035 493 232 498 263
bottle 0.0026 54 137 71 163
bottle 0.0025 388 231 489 321
bottle 0.0024 494 225 499 249
bottle 0.0023 65 140 75 151
bottle 0.0020 488 235 498 317
bottle 0.0015 492 253 499 338
bottle 0.0014 477 226 498 271
bottle 0.0014 76 129 88 159
bottle 0.0014 494 235 498 277
bottle 0.0013 464 210 501 362
bottle 0.0013 96 163 103 178
bottle 0.0012 83 144 93 158
bottle 0.0011 83 164 98 181
bottle 0.0011 80 144 98 183
bottle 0.0010 495 218 500 240
chair 0.8915 21 182 108 284
chair 0.4424 9 156 74 183
chair 0.3296 2 136 79 184
chair 0.2753 0 205 90 327
chair 0.0632 97 155 138 173
chair 0.0515 0 120 10 185
chair 0.0200 -1 117 108 208
chair 0.0161 133 127 167 152
chair 0.0151 1 257 82 321
chair 0.0147 -2 117 18 191
chair 0.0112 3 131 88 264
chair 0.0106 86 136 164 177
chair 0.0075 4 178 119 215
chair 0.0064 93 72 309 307
chair 0.0061 2 195 90 261
chair 0.0054 89 156 134 183
chair 0.0046 0 190 18 316
chair 0.0046 0 166 69 305
chair 0.0046 6 170 80 190
chair 0.0044 3 291 59 332
chair 0.0041 71 151 133 172
chair 0.0041 -5 156 134 191
chair 0.0040 0 215 5 318
chair 0.0031 0 119 5 146
chair 0.0030 0 101 9 164
chair 0.0028 7 178 98 197
chair 0.0028 41 183 119 252
chair 0.0027 287 202 297 275
chair 0.0027 294 201 441 288
chair 0.0027 119 157 137 170
chair 0.0025 1 250 25 333
chair 0.0019 469 158 499 235
chair 0.0019 101 157 121 170
chair 0.0018 1 138 22 184
chair 0.0018 89 198 333 280
chair 0.0017 242 258 251 276
chair 0.0016 0 264 8 327
chair 0.0016 106 192 119 205
chair 0.0015 107 166 118 177
chair 0.0015 23 177 100 189
chair 0.0014 1 266 25 307
chair 0.0014 107 158 131 169
chair 0.0013 113 167 123 177
chair 0.0013 65 160 102 180
chair 0.0013 0 90 81 191
chair 0.0013 1 123 17 267
chair 0.0013 22 264 407 328
chair 0.0012 283 202 309 272
chair 0.0012 0 120 3 162
chair 0.0011 111 119 176 165
chair 0.0011 -12 145 149 179
chair 0.0010 0 163 4 294
sofa 0.1214 4 163 114 269
sofa 0.0696 0 131 71 183
sofa 0.0366 5 152 81 189
sofa 0.0262 -1 117 108 208
sofa 0.0056 0 120 10 185
sofa 0.0044 0 111 68 242
sofa 0.0036 -2 117 18 191
sofa 0.0028 -2 80 107 328
sofa 0.0025 86 136 164 177
sofa 0.0021 -4 211 101 325
sofa 0.0010 4 175 95 218
pottedplant 0.0014 91 169 129 193
diningtable 0.6223 43 263 464 329
diningtable 0.0823 4 180 101 252
diningtable 0.0303 0 187 94 316
diningtable 0.0168 83 152 138 173
diningtable 0.0167 16 145 154 177
diningtable 0.0131 91 169 129 193
diningtable 0.0122 210 288 343 334
diningtable 0.0099 20 153 147 192
diningtable 0.0083 1 229 510 316
diningtable 0.0070 2 136 79 184
diningtable 0.0068 174 285 302 327
diningtable 0.0057 1 129 67 301
diningtable 0.0056 1 147 18 283
diningtable 0.0050 0 184 11 193
diningtable 0.0049 311 197 486 296
diningtable 0.0042 78 147 141 159
diningtable 0.0036 61 154 123 171
diningtable 0.0035 0 183 22 194
diningtable 0.0032 323 232 490 321
diningtable 0.0025 0 180 31 197
diningtable 0.0025 106 192 119 205
diningtable 0.0021 107 184 117 194
diningtable 0.0021 196 257 452 320
diningtable 0.0019 -4 169 74 217
diningtable 0.0019 59 173 123 188
diningtable 0.0018 -1 117 108 208
diningtable 0.0016 0 177 86 198
diningtable 0.0016 280 286 354 328
diningtable 0.0013 89 156 134 183
diningtable 0.0013 6 170 80 190
diningtable 0.0012 59 171 145 208
diningtable 0.0011 0 161 8 238
diningtable 0.0011 18 168 149 251
diningtable 0.0010 59 146 124 160
