person 0.0289 339 203 404 238
person 0.0277 364 200 376 213
person 0.0153 349 201 393 229
person 0.0142 360 199 380 230
person 0.0073 429 206 439 220
person 0.0058 369 197 389 231
person 0.0036 354 201 369 213
person 0.0035 372 200 385 212
person 0.0016 377 197 398 232
person 0.0014 354 205 370 216
person 0.0011 344 207 358 218
person 0.0011 347 201 358 212
person 0.0010 372 205 385 218
person 0.0010 149 191 178 253
person 0.0010 379 199 396 211
bicycle 0.0031 344 204 411 238
car 0.0024 339 203 404 238
motorbike 0.9682 338 199 411 240
motorbike 0.0054 349 201 393 229
motorbike 0.0053 338 205 383 237
motorbike 0.0034 365 206 410 236
motorbike 0.0013 329 208 348 234
motorbike 0.0012 333 214 346 232
bottle 0.0016 38 236 46 252
chair 0.2319 117 204 157 265
chair 0.0021 37 230 87 257
chair 0.0018 27 224 109 259
