person 0.9315 145 145 219 294
person 0.5176 165 139 179 177
person 0.3095 171 138 183 154
person 0.1123 230 143 247 189
person 0.0953 217 131 225 144
person 0.0863 168 138 186 163
person 0.0617 224 130 232 145
person 0.0468 165 154 173 178
person 0.0390 165 148 173 169
person 0.0334 184 141 194 154
person 0.0287 237 143 244 154
person 0.0216 153 151 224 218
person 0.0163 195 140 202 158
person 0.0153 165 141 197 174
person 0.0139 108 113 116 129
person 0.0132 218 129 225 137
person 0.0112 62 361 379 493
person 0.0103 223 129 230 137
person 0.0076 114 93 131 129
person 0.0062 242 143 248 154
person 0.0052 117 100 127 122
person 0.0045 238 141 250 179
person 0.0040 207 159 215 172
person 0.0035 156 138 188 189
person 0.0028 102 114 111 128
person 0.0027 117 112 125 129
person 0.0026 170 136 179 149
person 0.0025 234 146 243 167
person 0.0025 242 145 249 170
person 0.0024 184 135 192 149
person 0.0023 113 104 119 121
person 0.0018 167 147 189 182
person 0.0018 183 148 197 164
person 0.0017 179 137 198 163
person 0.0017 215 141 223 151
person 0.0016 195 148 202 164
person 0.0016 316 0 371 55
person 0.0016 125 159 134 173
person 0.0014 160 151 166 170
person 0.0013 118 94 129 105
person 0.0013 225 140 233 152
person 0.0013 108 119 117 134
person 0.0012 197 133 204 148
person 0.0012 218 127 238 151
person 0.0011 233 135 240 147
person 0.0011 167 159 213 239
person 0.0011 172 147 185 166
person 0.0011 145 130 158 146
person 0.0010 129 135 247 231
person 0.0010 210 126 229 150
person 0.0010 125 122 136 133
person 0.0010 36 180 56 215
bicycle 0.0631 130 193 233 319
bicycle 0.0063 165 154 173 178
bicycle 0.0057 155 205 223 283
bicycle 0.0042 36 180 56 215
bicycle 0.0015 165 171 175 183
bicycle 0.0013 164 147 177 183
bicycle 0.0012 151 207 171 242
bicycle 0.0011 143 188 175 251
car 0.0014 107 171 168 225
car 0.0013 143 168 217 230
motorbike 0.9748 141 196 221 325
motorbike 0.0365 155 205 223 283
motorbike 0.0024 143 188 175 251
motorbike 0.0023 146 195 209 244
motorbike 0.0019 165 154 173 178
motorbike 0.0014 181 247 221 282
motorbike 0.0010 148 199 171 234
boat 0.0016 -3 471 118 498
boat 0.0012 16 361 370 496
horse 0.0056 165 141 197 174
horse 0.0040 62 361 379 493
horse 0.0017 165 139 179 177
cow 0.0013 62 361 379 493
