person 0.0976 -9 1 449 273
person 0.0769 165 2 340 261
person 0.0705 0 116 20 276
person 0.0176 14 21 240 299
person 0.0163 -1 85 28 302
person 0.0143 222 110 355 227
person 0.0052 223 5 427 267
person 0.0031 0 39 14 237
person 0.0022 154 4 200 47
person 0.0018 242 155 406 254
person 0.0017 127 110 305 224
person 0.0011 0 -48 24 285
person 0.0010 114 67 525 321
bicycle 0.9775 10 12 502 324
bicycle 0.0087 438 156 498 272
bicycle 0.0085 0 138 22 283
bicycle 0.0074 34 36 298 294
bicycle 0.0058 377 30 496 294
bicycle 0.0043 442 94 497 149
bicycle 0.0040 5 186 41 282
bicycle 0.0017 151 2 203 49
bicycle 0.0016 165 2 340 261
bicycle 0.0013 406 123 500 269
bicycle 0.0010 -1 113 31 307
bicycle 0.0010 335 182 489 312
car 0.0069 19 2 488 277
car 0.0023 404 5 489 50
car 0.0019 14 21 240 299
motorbike 0.0095 19 2 488 277
motorbike 0.0024 377 30 496 294
motorbike 0.0023 442 94 497 149
motorbike 0.0013 5 121 513 341
aeroplane 0.0017 -5 17 454 317
bus 0.0237 19 2 488 277
train 0.0104 19 2 488 277
boat 0.0110 19 2 488 277
dog 0.0048 0 96 18 259
horse 0.0015 0 74 17 242
cow 0.0013 0 96 18 259
bottle 0.0306 169 278 186 310
bottle 0.0180 179 276 196 311
bottle 0.0124 186 277 200 311
bottle 0.0027 442 117 494 153
bottle 0.0026 450 113 464 130
bottle 0.0024 222 110 355 227
bottle 0.0020 445 113 466 151
bottle 0.0018 213 105 237 140
bottle 0.0018 48 2 513 275
bottle 0.0015 228 104 245 139
bottle 0.0015 495 114 499 148
bottle 0.0012 442 97 494 127
bottle 0.0012 167 278 203 310
chair 0.0502 29 5 525 324
chair 0.0259 228 104 245 139
chair 0.0161 233 103 252 139
chair 0.0084 207 104 245 141
chair 0.0084 224 106 264 137
chair 0.0067 220 87 301 145
chair 0.0055 241 58 309 219
chair 0.0054 0 138 22 283
chair 0.0040 229 104 244 122
chair 0.0035 438 156 498 272
chair 0.0032 195 6 374 258
chair 0.0023 234 104 251 121
chair 0.0019 14 21 240 299
chair 0.0015 244 90 266 120
chair 0.0014 260 82 301 152
chair 0.0013 377 30 496 294
chair 0.0012 239 84 278 149
chair 0.0012 273 81 308 122
chair 0.0010 235 98 275 128
chair 0.0010 191 106 224 139
sofa 0.0023 0 55 451 331
diningtable 0.0755 48 2 513 275
diningtable 0.0165 5 121 513 341
diningtable 0.0023 44 259 521 323
tvmonitor 0.0022 404 5 489 50
