person 0.9994 62 4 366 332
person 0.0029 62 224 67 236
person 0.0019 66 232 74 246
person 0.0011 11 225 19 238
person 0.0011 65 223 71 236
car 0.0034 40 34 382 352
bus 0.0014 32 -19 395 293
train 0.0194 32 -19 395 293
boat 0.0010 40 34 382 352
bottle 0.0036 32 -19 395 293
chair 0.0311 337 234 493 330
chair 0.0030 69 189 141 321
chair 0.0024 5 206 118 330
chair 0.0014 47 38 437 353
chair 0.0013 47 208 447 332
chair 0.0010 8 262 78 319
sofa 0.1627 57 218 437 329
sofa 0.0314 47 38 437 353
sofa 0.0119 337 234 493 330
pottedplant 0.0014 32 -19 395 293
diningtable 0.0065 337 234 493 330
diningtable 0.0035 57 218 437 329
tvmonitor 0.0082 32 -19 395 293
