person 0.9948 148 8 356 193
person 0.9745 167 20 361 347
person 0.0864 3 52 90 226
person 0.0278 -1 4 56 197
person 0.0080 1 49 26 154
person 0.0080 0 43 35 237
person 0.0079 207 35 349 169
person 0.0065 253 110 389 335
person 0.0040 0 24 26 101
person 0.0031 0 63 46 134
person 0.0031 1 36 63 90
person 0.0025 0 49 62 116
person 0.0022 113 -14 456 246
person 0.0022 0 80 29 198
person 0.0021 0 41 11 93
person 0.0018 0 -7 84 137
person 0.0014 290 132 378 299
person 0.0014 0 64 10 128
person 0.0011 181 87 327 200
bicycle 0.5991 177 165 327 373
bicycle 0.0838 199 200 286 378
bicycle 0.0212 182 88 381 350
bicycle 0.0107 204 238 367 363
bicycle 0.0036 235 164 411 363
bicycle 0.0021 188 292 305 372
bicycle 0.0017 262 256 382 352
bicycle 0.0011 112 243 226 356
motorbike 0.0168 180 164 388 371
dog 0.0020 261 125 377 247
chair 0.0446 0 78 47 234
chair 0.0266 6 72 89 234
chair 0.0222 155 0 395 170
chair 0.0100 0 114 30 236
chair 0.0074 180 164 388 371
chair 0.0067 3 211 131 372
chair 0.0053 0 59 32 335
chair 0.0021 1 130 18 298
chair 0.0014 208 19 356 147
chair 0.0011 0 68 27 170
diningtable 0.0254 6 72 89 234
diningtable 0.0167 0 78 47 234
diningtable 0.0052 0 80 29 198
diningtable 0.0010 0 208 191 380
tvmonitor 0.0035 332 169 420 297
