person 0.0050 235 44 338 164
person 0.0029 163 0 332 216
person 0.0014 444 333 498 376
person 0.0010 227 2 293 57
train 0.0020 173 224 315 306
bird 0.0010 173 224 315 306
cat 0.0022 444 333 498 376
dog 0.0025 444 333 498 376
horse 0.0010 173 224 315 306
bottle 0.4039 173 224 315 306
bottle 0.2285 191 241 294 297
bottle 0.0163 113 253 170 297
bottle 0.0081 177 231 269 288
bottle 0.0046 243 248 313 293
bottle 0.0035 444 333 498 376
bottle 0.0023 200 126 266 228
bottle 0.0017 254 254 277 289
bottle 0.0011 15 287 201 374
bottle 0.0010 87 49 129 80
chair 0.0047 163 7 251 145
chair 0.0012 177 6 261 232
tvmonitor 0.9957 378 2 499 94
tvmonitor 0.3278 0 21 112 289
