person 0.9972 13 45 77 195
person 0.9653 266 8 304 88
person 0.8994 107 1 142 58
person 0.8947 41 2 76 53
person 0.8636 63 21 332 487
person 0.7522 0 86 18 187
person 0.6128 288 63 321 101
person 0.5896 0 0 32 23
person 0.5519 84 51 122 111
person 0.5397 62 37 92 126
person 0.4773 79 32 113 104
person 0.3457 318 61 334 105
person 0.3324 53 39 82 124
person 0.2712 58 -3 287 197
person 0.2702 51 35 77 73
person 0.1715 82 29 107 78
person 0.1280 44 2 297 107
person 0.0996 3 72 28 178
person 0.0921 322 28 333 79
person 0.0637 93 0 115 47
person 0.0606 68 0 101 30
person 0.0550 288 81 306 98
person 0.0509 319 24 335 110
person 0.0477 84 0 105 30
person 0.0460 93 52 128 90
person 0.0460 83 56 151 195
person 0.0410 46 20 79 82
person 0.0179 71 24 103 84
person 0.0171 25 0 48 7
person 0.0167 -7 5 193 97
person 0.0139 103 84 134 195
person 0.0127 326 31 334 90
person 0.0124 74 -1 112 43
person 0.0112 297 39 329 101
person 0.0107 133 0 155 31
person 0.0104 91 45 111 80
person 0.0104 93 1 114 11
person 0.0104 320 71 330 90
person 0.0103 137 1 171 58
person 0.0101 140 38 163 71
person 0.0097 103 51 125 78
person 0.0096 40 0 108 50
person 0.0096 1 0 50 15
person 0.0087 133 45 167 75
person 0.0083 85 43 150 103
person 0.0082 101 47 296 143
person 0.0079 103 0 120 8
person 0.0078 109 57 120 68
person 0.0077 98 56 164 114
person 0.0070 84 1 103 10
person 0.0066 14 0 56 23
person 0.0066 325 55 335 106
person 0.0063 101 0 120 50
person 0.0063 106 155 127 196
person 0.0061 304 70 323 104
person 0.0060 282 77 313 101
person 0.0059 34 47 55 76
person 0.0058 86 1 99 22
person 0.0057 321 62 331 82
person 0.0057 131 37 155 70
person 0.0056 296 61 319 88
person 0.0055 75 44 93 102
person 0.0052 85 0 121 14
person 0.0052 2 -1 256 68
person 0.0052 76 1 94 9
person 0.0051 -18 0 36 16
person 0.0051 6 0 27 9
person 0.0050 105 77 164 201
person 0.0050 91 37 98 46
person 0.0050 64 1 99 53
person 0.0049 68 3 87 41
person 0.0049 0 83 17 141
person 0.0047 87 48 104 94
person 0.0044 67 40 132 180
person 0.0044 -16 2 206 190
person 0.0043 52 28 107 138
person 0.0042 38 3 59 46
person 0.0039 65 0 84 6
person 0.0039 154 11 238 84
person 0.0039 61 37 200 151
person 0.0038 327 50 333 74
person 0.0038 77 32 99 73
person 0.0038 42 0 85 31
person 0.0038 299 65 312 81
person 0.0037 323 49 332 74
person 0.0036 34 0 55 6
person 0.0035 17 0 74 10
person 0.0034 2 113 17 165
person 0.0032 50 51 76 158
person 0.0031 98 38 106 50
person 0.0030 16 1 38 6
person 0.0029 2 55 48 192
person 0.0028 78 2 91 22
person 0.0027 40 48 49 60
person 0.0027 -32 0 30 24
person 0.0027 59 0 109 13
person 0.0027 78 101 116 180
person 0.0027 38 41 74 77
person 0.0026 1 4 13 22
person 0.0026 328 58 333 84
bicycle 0.0081 3 156 37 179
bicycle 0.0064 43 66 312 504
bicycle 0.0014 14 160 36 176
bicycle 0.0013 0 97 28 182
car 0.0036 298 26 329 55
car 0.0012 25 0 48 7
motorbike 0.3317 58 66 339 507
motorbike 0.0028 88 158 260 484
motorbike 0.0015 3 156 37 179
motorbike 0.0013 157 163 326 483
diningtable 0.0028 43 66 312 504
