person 0.9669 112 18 176 125
person 0.0745 85 31 194 158
person 0.0212 118 19 185 77
person 0.0088 108 38 152 128
person 0.0079 312 50 319 197
person 0.0015 316 102 319 176
person 0.0014 304 38 319 258
person 0.0013 287 63 319 233
bus 0.0011 311 44 319 179
horse 0.9988 73 56 214 175
horse 0.0058 190 103 214 141
horse 0.0054 163 55 216 142
horse 0.0038 192 65 217 134
horse 0.0034 138 69 218 164
horse 0.0022 183 114 206 140
horse 0.0013 88 48 185 125
horse 0.0012 204 107 216 135
horse 0.0012 182 89 205 138
