person 0.0062 265 139 287 166
person 0.0060 66 76 478 320
person 0.0034 172 140 202 161
person 0.0016 267 145 283 162
person 0.0013 216 119 236 152
person 0.0011 225 130 247 157
car 0.9998 65 95 447 305
car 0.3889 231 72 283 93
car 0.2197 421 83 449 96
car 0.0604 310 81 346 95
car 0.0091 492 88 497 99
car 0.0086 480 88 495 98
car 0.0063 489 80 498 95
car 0.0060 333 82 346 96
car 0.0047 479 82 496 95
car 0.0030 412 78 448 94
car 0.0021 335 86 348 99
car 0.0020 399 82 418 93
car 0.0010 478 75 498 99
motorbike 0.0046 234 73 287 92
aeroplane 0.0060 234 73 287 92
bus 0.0015 421 83 449 96
bus 0.0010 342 51 396 106
cow 0.0031 234 73 287 92
diningtable 0.0011 74 89 471 340
