person 0.0191 171 78 183 92
person 0.0081 258 55 271 73
person 0.0059 239 189 276 216
person 0.0052 164 79 177 91
person 0.0033 255 191 276 213
person 0.0021 255 51 275 76
person 0.0020 281 127 287 136
person 0.0020 269 128 277 136
person 0.0019 160 77 178 113
person 0.0019 182 75 189 91
person 0.0012 431 106 455 163
person 0.0012 166 73 187 96
person 0.0011 171 88 183 96
bird 0.0013 258 55 271 73
bird 0.0013 431 106 455 163
cat 0.0885 255 191 276 213
cat 0.0079 239 189 276 216
dog 0.3196 255 191 276 213
dog 0.0181 239 189 276 216
dog 0.0017 258 55 271 73
bottle 0.0049 54 191 66 211
bottle 0.0045 281 127 287 136
bottle 0.0034 64 183 84 212
bottle 0.0028 67 191 81 209
bottle 0.0023 79 184 101 213
bottle 0.0016 258 191 274 210
bottle 0.0016 288 129 294 139
bottle 0.0013 259 128 270 135
bottle 0.0013 181 60 187 68
bottle 0.0010 80 183 96 196
bottle 0.0010 292 134 300 143
chair 0.9940 319 109 396 209
chair 0.0054 305 116 339 146
chair 0.0026 302 187 358 216
chair 0.0019 302 122 337 182
chair 0.0011 161 90 192 117
chair 0.0010 246 110 412 202
chair 0.0010 461 178 472 215
chair 0.0010 94 199 130 215
sofa 0.1392 312 115 403 204
sofa 0.0046 302 187 358 216
sofa 0.0013 305 116 339 146
sofa 0.0012 75 195 250 216
sofa 0.0011 101 173 188 212
pottedplant 0.2526 429 111 457 167
pottedplant 0.1198 151 39 169 68
pottedplant 0.0505 79 184 101 213
pottedplant 0.0108 69 183 90 212
pottedplant 0.0102 155 46 165 66
pottedplant 0.0085 53 169 121 216
pottedplant 0.0071 80 183 96 196
pottedplant 0.0051 64 179 98 204
pottedplant 0.0046 53 185 69 215
pottedplant 0.0041 432 133 455 165
pottedplant 0.0025 52 153 91 208
pottedplant 0.0018 304 126 318 144
pottedplant 0.0018 377 98 406 173
pottedplant 0.0017 82 192 99 209
pottedplant 0.0014 148 39 184 69
pottedplant 0.0014 55 27 92 87
pottedplant 0.0010 204 118 211 127
pottedplant 0.0010 154 41 164 55
diningtable 0.0025 302 187 358 216
diningtable 0.0018 220 186 371 216
tvmonitor 0.0032 410 162 468 212
tvmonitor 0.0011 487 -10 498 242
tvmonitor 0.0010 253 124 294 139
