person 0.9987 320 123 501 377
person 0.9969 147 145 305 375
person 0.9005 394 1 499 304
person 0.8223 34 135 166 377
person 0.7302 13 47 173 250
person 0.7003 251 25 483 341
person 0.5632 130 43 305 238
person 0.3270 222 21 372 352
person 0.0943 36 132 149 246
person 0.0243 0 97 12 296
person 0.0226 312 11 492 213
person 0.0209 383 26 500 177
person 0.0151 -12 28 444 285
person 0.0150 340 97 476 206
person 0.0095 58 50 186 186
person 0.0076 441 32 498 319
person 0.0067 329 57 478 163
person 0.0062 3 33 264 209
person 0.0062 375 114 499 253
person 0.0041 386 1 434 31
person 0.0034 -1 133 433 383
person 0.0022 0 89 3 256
person 0.0022 154 138 282 236
person 0.0019 0 157 13 352
person 0.0019 0 64 24 406
person 0.0017 485 83 499 271
person 0.0017 480 97 499 216
person 0.0016 178 141 407 377
person 0.0016 245 21 489 124
person 0.0015 0 -9 9 251
person 0.0014 352 120 436 193
person 0.0013 200 30 436 188
person 0.0012 87 63 164 215
person 0.0012 472 14 500 340
person 0.0012 2 90 49 380
person 0.0011 -3 75 133 369
person 0.0010 268 197 355 352
bottle 0.0301 469 95 498 154
bottle 0.0130 316 346 347 368
bottle 0.0064 475 100 497 136
bottle 0.0031 485 98 498 151
bottle 0.0025 477 49 500 157
bottle 0.0018 314 178 337 206
bottle 0.0012 34 349 57 374
chair 0.0735 0 289 45 373
chair 0.0183 284 0 343 23
chair 0.0134 0 97 12 296
chair 0.0123 -1 271 31 359
chair 0.0110 346 129 508 372
chair 0.0103 8 61 429 375
chair 0.0087 0 172 6 289
chair 0.0057 0 198 51 385
chair 0.0047 0 157 13 352
chair 0.0046 34 349 57 374
chair 0.0042 314 37 495 335
chair 0.0033 0 124 4 278
chair 0.0028 10 55 172 302
chair 0.0023 269 1 361 33
chair 0.0021 -5 133 142 377
chair 0.0020 32 138 220 374
chair 0.0016 254 193 354 357
chair 0.0015 183 4 293 29
chair 0.0015 1 148 30 398
chair 0.0014 375 0 449 36
chair 0.0012 7 117 134 257
chair 0.0011 0 335 22 376
chair 0.0010 187 8 370 31
sofa 0.9795 7 31 426 344
sofa 0.1204 251 25 483 341
sofa 0.0654 346 129 508 372
sofa 0.0485 116 58 324 299
sofa 0.0440 21 145 323 369
sofa 0.0431 22 83 166 378
sofa 0.0140 0 97 12 296
sofa 0.0116 109 133 536 378
sofa 0.0112 178 22 405 109
sofa 0.0101 13 47 173 250
sofa 0.0100 383 16 506 339
sofa 0.0057 200 30 436 188
sofa 0.0053 222 21 372 352
sofa 0.0044 0 35 496 198
sofa 0.0027 253 54 488 160
sofa 0.0026 0 157 13 352
sofa 0.0026 0 172 6 289
sofa 0.0023 149 30 285 212
sofa 0.0023 254 193 354 357
sofa 0.0022 1 126 48 383
sofa 0.0021 0 64 24 406
sofa 0.0021 383 26 500 177
sofa 0.0020 268 100 474 194
sofa 0.0017 245 21 489 124
sofa 0.0015 221 148 421 367
sofa 0.0013 128 202 360 377
sofa 0.0013 441 32 498 319
sofa 0.0011 7 117 134 257
diningtable 0.0221 -1 271 31 359
diningtable 0.0137 0 289 45 373
diningtable 0.0013 0 198 51 385
tvmonitor 0.0056 375 0 449 36
tvmonitor 0.0010 493 28 498 48
