person 0.0025 150 -13 507 372
person 0.0013 10 91 272 348
car 0.0058 10 91 272 348
car 0.0013 3 97 185 292
bird 0.0013 7 95 253 301
cat 0.9647 156 -11 503 322
cat 0.0022 7 95 253 301
cat 0.0013 10 11 421 366
cat 0.0011 147 25 356 274
cat 0.0010 295 158 500 375
dog 0.0362 150 -13 507 372
dog 0.0087 7 95 253 301
dog 0.0052 4 15 333 367
dog 0.0020 14 -1 492 240
dog 0.0012 156 77 342 308
bottle 0.0012 3 97 185 292
chair 0.0090 150 -13 507 372
chair 0.0020 -3 147 296 377
sofa 0.0776 150 -13 507 372
sofa 0.0061 4 15 333 367
sofa 0.0040 166 98 336 336
sofa 0.0016 14 -1 492 240
sofa 0.0014 1 143 493 375
pottedplant 0.0027 150 -13 507 372
diningtable 0.0026 4 15 333 367
diningtable 0.0023 5 306 279 373
