person 0.9967 130 114 156 191
person 0.9946 419 96 479 222
person 0.9944 176 108 200 197
person 0.9094 244 111 267 140
person 0.8576 225 116 246 141
person 0.3808 65 118 97 199
person 0.3241 201 117 212 132
person 0.2823 108 156 129 183
person 0.2543 63 124 85 173
person 0.2396 321 99 359 151
person 0.1402 183 111 209 186
person 0.1301 209 120 223 132
person 0.1141 317 106 342 146
person 0.1047 338 99 359 139
person 0.1026 113 157 126 175
person 0.0750 296 117 306 130
person 0.0645 98 152 118 182
person 0.0558 102 156 114 173
person 0.0551 240 119 250 137
person 0.0488 266 122 283 135
person 0.0474 220 130 243 160
person 0.0472 315 105 334 134
person 0.0441 219 121 231 132
person 0.0419 274 121 294 134
person 0.0417 181 86 487 178
person 0.0351 196 116 214 141
person 0.0346 362 134 494 235
person 0.0343 80 123 98 170
person 0.0330 283 120 298 132
person 0.0297 319 108 330 127
person 0.0269 323 109 336 126
person 0.0230 197 124 212 167
person 0.0214 73 111 94 145
person 0.0208 211 116 223 126
person 0.0206 188 117 203 177
person 0.0202 101 151 113 166
person 0.0194 176 120 182 134
person 0.0180 174 109 184 185
person 0.0174 98 155 110 175
person 0.0172 123 121 138 174
person 0.0157 113 165 128 183
person 0.0157 206 118 227 141
person 0.0151 477 138 500 174
person 0.0147 216 117 238 141
person 0.0145 192 113 203 126
person 0.0145 469 140 499 216
person 0.0142 96 142 118 172
person 0.0130 219 116 229 125
person 0.0122 215 122 237 153
person 0.0122 139 115 153 180
person 0.0118 176 117 182 123
person 0.0113 184 113 192 121
person 0.0110 194 118 203 133
person 0.0110 121 164 132 184
person 0.0107 252 118 297 138
person 0.0107 96 159 128 186
person 0.0107 279 101 363 144
person 0.0095 114 119 130 158
person 0.0094 451 126 496 199
person 0.0091 235 114 251 140
person 0.0081 440 83 500 208
person 0.0079 113 153 124 166
person 0.0079 332 104 369 166
person 0.0076 84 121 94 135
person 0.0072 485 128 499 168
person 0.0072 122 158 132 176
person 0.0063 230 116 241 126
person 0.0061 219 128 232 140
person 0.0060 55 117 113 170
person 0.0059 374 112 385 129
person 0.0058 85 128 95 143
person 0.0053 64 119 97 154
person 0.0052 70 128 88 179
person 0.0052 78 120 89 136
person 0.0052 172 112 185 145
person 0.0051 457 177 502 265
person 0.0051 132 117 147 158
person 0.0050 128 128 135 143
person 0.0048 227 129 241 141
person 0.0047 284 117 297 125
person 0.0047 190 113 208 142
person 0.0046 275 117 292 124
person 0.0045 102 168 115 183
person 0.0041 250 114 258 124
person 0.0040 205 118 242 168
person 0.0040 318 118 328 133
person 0.0039 119 152 135 184
person 0.0038 95 100 410 166
person 0.0038 76 127 87 144
person 0.0038 335 110 346 125
person 0.0038 265 116 285 124
person 0.0037 145 109 155 125
person 0.0037 417 147 489 210
person 0.0036 281 117 301 137
person 0.0035 206 125 228 151
person 0.0035 414 143 450 213
person 0.0032 95 158 113 187
person 0.0032 240 114 251 127
person 0.0031 342 111 360 158
person 0.0030 259 122 270 134
bicycle 0.0269 362 134 494 235
bicycle 0.0034 103 159 133 186
bicycle 0.0017 227 129 241 141
bicycle 0.0016 266 122 283 135
bicycle 0.0014 267 128 282 138
bicycle 0.0014 248 127 261 140
bicycle 0.0014 241 127 249 140
bicycle 0.0013 276 128 291 139
bicycle 0.0011 240 119 250 137
car 0.8252 460 175 502 269
car 0.3850 265 118 298 137
car 0.3175 199 126 234 150
car 0.3158 189 77 493 233
car 0.1225 244 113 280 140
car 0.1038 2 101 111 210
car 0.0811 197 121 214 152
car 0.0791 266 122 283 135
car 0.0712 208 129 227 144
car 0.0603 348 131 482 228
car 0.0597 198 130 212 148
car 0.0575 209 129 244 158
car 0.0490 210 118 245 141
car 0.0291 274 121 294 134
car 0.0239 0 144 46 215
car 0.0238 206 128 227 159
car 0.0182 283 120 298 132
car 0.0145 267 128 282 138
car 0.0142 215 122 237 153
car 0.0114 240 119 250 137
car 0.0094 300 76 488 189
car 0.0079 209 120 223 132
car 0.0078 199 118 232 141
car 0.0076 276 128 291 139
car 0.0073 219 121 231 132
car 0.0058 219 128 232 140
car 0.0042 2 103 58 214
car 0.0039 200 118 283 158
car 0.0033 1 107 27 217
car 0.0030 284 117 297 125
car 0.0029 208 135 224 151
car 0.0028 243 125 284 143
car 0.0027 257 127 270 140
car 0.0025 275 117 292 124
car 0.0022 7 110 94 177
car 0.0021 221 113 330 141
car 0.0020 96 132 118 163
car 0.0020 265 116 285 124
car 0.0019 149 121 181 150
car 0.0018 160 119 245 162
car 0.0018 201 117 212 132
car 0.0017 264 113 300 129
car 0.0017 186 111 297 143
car 0.0016 220 139 237 157
car 0.0016 469 140 499 216
car 0.0015 281 117 301 137
car 0.0015 217 121 334 153
car 0.0014 478 132 500 166
car 0.0013 195 121 390 219
car 0.0013 228 118 244 136
car 0.0012 183 111 209 186
car 0.0011 259 122 270 134
car 0.0011 99 131 115 144
car 0.0010 55 117 113 170
motorbike 0.9185 358 147 482 239
motorbike 0.1191 457 177 502 265
motorbike 0.0270 454 146 500 211
motorbike 0.0126 220 130 243 160
motorbike 0.0104 477 138 500 174
motorbike 0.0100 471 128 499 201
motorbike 0.0066 417 147 489 210
motorbike 0.0036 266 122 283 135
motorbike 0.0032 276 128 291 139
motorbike 0.0032 443 121 502 240
motorbike 0.0032 227 129 241 141
motorbike 0.0031 240 119 250 137
motorbike 0.0031 241 127 249 140
motorbike 0.0029 485 140 499 189
motorbike 0.0028 451 168 499 200
motorbike 0.0027 201 76 506 235
motorbike 0.0027 248 127 261 140
motorbike 0.0024 485 128 499 168
motorbike 0.0023 267 128 282 138
motorbike 0.0023 223 139 241 156
motorbike 0.0019 252 118 297 138
motorbike 0.0019 417 108 484 240
motorbike 0.0018 257 127 270 140
motorbike 0.0015 442 158 492 192
motorbike 0.0012 491 139 498 168
motorbike 0.0011 476 156 500 193
motorbike 0.0010 205 123 244 151
bus 0.4889 215 51 496 233
bus 0.1704 3 79 97 209
bus 0.0837 300 76 488 189
bus 0.0099 348 131 482 228
bus 0.0067 7 110 94 177
bus 0.0015 447 28 498 73
bus 0.0014 2 103 58 214
bus 0.0010 475 74 498 171
train 0.0050 3 79 97 209
boat 0.0043 180 54 499 229
dog 0.0025 151 169 167 182
chair 0.0029 103 159 133 186
chair 0.0016 113 165 128 183
chair 0.0013 151 169 167 182
