person 0.0943 284 151 299 167
person 0.0294 279 153 292 166
person 0.0193 256 156 270 166
person 0.0107 248 156 264 166
person 0.0069 277 147 309 172
person 0.0045 295 149 307 158
person 0.0026 282 145 303 166
person 0.0024 275 149 297 170
person 0.0021 266 155 279 166
person 0.0017 293 151 306 167
person 0.0017 238 157 252 165
person 0.0017 227 155 241 162
person 0.0016 279 150 291 160
person 0.0011 0 244 16 337
car 0.9961 209 133 324 209
car 0.0025 199 146 290 200
car 0.0013 0 244 16 337
dog 0.0019 284 151 299 167
cow 0.0114 211 133 330 207
