person 0.0135 0 65 115 327
person 0.0127 281 70 444 298
person 0.0122 318 62 506 362
person 0.0050 0 32 28 358
person 0.0037 174 79 180 89
person 0.0032 235 156 367 322
person 0.0025 93 116 224 324
person 0.0018 0 63 25 174
person 0.0016 -1 33 54 247
person 0.0010 3 67 107 166
boat 0.0030 274 72 410 294
boat 0.0023 89 94 230 306
bird 0.0111 248 154 376 322
bird 0.0100 274 72 410 294
cat 0.0181 208 141 276 295
cat 0.0110 264 155 360 321
cat 0.0103 107 164 203 331
cat 0.0026 0 165 98 331
cat 0.0016 3 67 107 166
dog 0.9005 -1 146 100 327
dog 0.6514 104 158 196 322
dog 0.5890 208 141 276 295
dog 0.5425 235 156 367 322
dog 0.3729 89 94 230 306
dog 0.0467 9 73 166 318
dog 0.0363 3 67 107 166
dog 0.0271 -1 41 57 350
dog 0.0213 2 112 117 260
dog 0.0208 274 72 410 294
dog 0.0124 0 32 28 358
dog 0.0092 74 100 211 215
dog 0.0028 113 153 182 213
dog 0.0019 27 91 157 200
dog 0.0018 -1 38 53 201
dog 0.0017 1 54 12 336
dog 0.0016 24 78 105 118
dog 0.0015 318 62 506 362
dog 0.0014 0 63 25 174
dog 0.0011 62 153 218 344
dog 0.0011 49 85 117 308
horse 0.0064 235 156 367 322
horse 0.0030 0 65 115 327
horse 0.0021 3 67 107 166
horse 0.0019 93 116 224 324
horse 0.0018 274 72 410 294
horse 0.0011 206 145 276 310
sheep 0.8877 352 60 500 338
sheep 0.7361 281 70 444 298
sheep 0.5511 248 154 376 322
sheep 0.3524 206 145 276 310
sheep 0.0261 -1 146 100 327
sheep 0.0198 103 160 196 333
sheep 0.0090 472 227 498 313
sheep 0.0066 89 94 230 306
sheep 0.0033 281 87 389 229
sheep 0.0019 339 74 483 223
sheep 0.0014 496 78 499 90
sheep 0.0010 496 75 500 83
cow 0.3149 353 56 503 370
cow 0.0688 281 70 444 298
cow 0.0383 220 149 376 328
cow 0.0065 -1 146 100 327
cow 0.0045 472 227 498 313
cow 0.0037 89 94 230 306
cow 0.0018 103 160 196 333
cow 0.0011 208 141 276 295
chair 0.0041 282 58 448 265
sofa 0.0010 74 125 214 328
