person 0.5582 0 165 20 202
person 0.0284 1 168 5 196
person 0.0211 0 182 4 204
person 0.0168 1 163 27 226
person 0.0090 2 165 7 184
person 0.0089 472 203 500 272
person 0.0072 0 195 7 208
person 0.0060 0 167 42 201
person 0.0048 0 182 30 254
person 0.0044 0 177 11 225
person 0.0036 7 173 17 189
person 0.0035 1 155 13 195
person 0.0032 5 168 16 181
person 0.0027 0 203 10 257
person 0.0025 250 194 262 213
person 0.0020 246 190 263 231
person 0.0015 494 193 499 216
person 0.0013 250 206 262 215
person 0.0013 0 186 22 216
person 0.0012 2 201 61 354
person 0.0010 -1 154 56 282
person 0.0010 2 222 11 295
person 0.0010 4 190 47 249
bicycle 0.0010 0 182 4 204
car 0.0108 5 184 42 203
car 0.0033 0 195 7 208
car 0.0023 0 182 4 204
car 0.0015 16 188 35 198
bird 0.0014 275 76 286 101
bottle 0.1024 246 262 260 298
bottle 0.0238 162 216 172 225
bottle 0.0120 161 200 169 223
bottle 0.0068 275 76 286 101
bottle 0.0042 180 207 197 239
bottle 0.0031 494 193 499 216
bottle 0.0031 159 202 176 239
bottle 0.0028 250 206 262 215
bottle 0.0027 0 168 21 210
bottle 0.0021 0 195 7 208
bottle 0.0021 7 194 19 207
bottle 0.0018 110 196 470 339
bottle 0.0018 0 182 4 204
bottle 0.0017 182 219 194 238
bottle 0.0015 115 201 391 268
bottle 0.0015 182 212 192 230
bottle 0.0012 160 195 173 228
bottle 0.0012 181 205 191 218
chair 0.9788 152 279 262 372
chair 0.9664 259 290 406 368
chair 0.9310 109 214 168 280
chair 0.8894 3 211 60 373
chair 0.7945 135 249 176 375
chair 0.6717 51 205 76 310
chair 0.5500 356 220 393 289
chair 0.5082 402 214 467 257
chair 0.4659 93 195 109 233
chair 0.4300 321 215 350 286
chair 0.3785 184 248 263 289
chair 0.3778 376 223 410 289
chair 0.3774 21 209 71 345
chair 0.3395 402 250 473 326
chair 0.2931 341 217 373 287
chair 0.2730 386 209 405 234
chair 0.2599 253 215 276 264
chair 0.2598 179 208 216 239
chair 0.2555 317 205 340 220
chair 0.2502 278 256 330 327
chair 0.2243 172 238 268 276
chair 0.1988 449 221 488 289
chair 0.1842 405 234 489 355
chair 0.1700 36 209 69 304
chair 0.1634 452 219 476 248
chair 0.1614 366 209 388 230
chair 0.1347 472 214 500 294
chair 0.1290 7 203 48 265
chair 0.1244 275 217 311 246
chair 0.1229 404 212 427 237
chair 0.1103 473 217 498 259
chair 0.0917 422 217 469 246
chair 0.0894 152 199 427 271
chair 0.0828 110 196 470 339
chair 0.0807 207 246 260 276
chair 0.0793 42 207 62 216
chair 0.0788 15 217 54 245
chair 0.0768 44 197 60 206
chair 0.0763 250 215 281 244
chair 0.0728 474 229 500 355
chair 0.0689 449 220 500 363
chair 0.0680 279 250 329 289
chair 0.0643 17 188 43 198
chair 0.0638 399 213 435 242
chair 0.0631 274 211 314 264
chair 0.0569 190 216 451 303
chair 0.0549 260 208 296 265
chair 0.0519 23 213 61 231
chair 0.0506 321 218 342 263
chair 0.0475 377 207 411 266
chair 0.0468 318 205 341 237
chair 0.0461 412 223 482 283
chair 0.0401 41 198 62 226
chair 0.0399 2 253 23 371
chair 0.0371 183 206 218 269
chair 0.0348 40 203 79 220
chair 0.0338 304 216 324 246
chair 0.0337 278 215 305 222
chair 0.0329 4 259 48 364
chair 0.0316 308 221 340 282
chair 0.0315 378 219 494 318
chair 0.0311 250 189 313 235
chair 0.0309 39 202 82 341
chair 0.0307 275 229 329 280
chair 0.0292 160 216 214 242
chair 0.0280 139 217 160 243
chair 0.0263 246 212 265 246
chair 0.0253 256 239 278 276
chair 0.0247 248 212 261 230
chair 0.0239 365 225 388 275
chair 0.0239 0 195 7 208
chair 0.0237 162 228 202 285
chair 0.0228 51 201 73 206
chair 0.0227 35 207 70 231
chair 0.0224 250 206 262 215
chair 0.0219 216 232 256 283
chair 0.0216 53 235 72 341
chair 0.0208 108 212 132 224
chair 0.0201 48 196 80 247
chair 0.0199 338 211 409 256
chair 0.0198 260 228 282 272
chair 0.0197 95 196 105 210
chair 0.0195 338 215 367 224
chair 0.0192 395 237 431 312
chair 0.0187 29 216 56 225
chair 0.0183 213 232 260 247
chair 0.0182 305 224 324 237
chair 0.0181 141 224 158 236
chair 0.0180 10 219 51 327
chair 0.0179 365 209 378 228
chair 0.0175 342 210 363 216
chair 0.0175 52 201 73 239
chair 0.0173 143 219 189 238
chair 0.0171 97 193 118 233
chair 0.0171 41 212 61 224
chair 0.0169 192 214 217 241
chair 0.0166 113 216 163 245
chair 0.0151 263 215 284 249
chair 0.0145 382 211 398 231
chair 0.0142 180 212 197 245
sofa 0.0405 402 214 467 257
sofa 0.0077 296 199 508 273
sofa 0.0056 378 219 494 318
sofa 0.0046 250 189 313 235
sofa 0.0046 472 214 500 294
sofa 0.0036 93 192 157 238
sofa 0.0023 363 210 396 230
sofa 0.0023 3 211 60 373
sofa 0.0018 105 215 160 270
sofa 0.0017 259 180 308 218
sofa 0.0014 93 195 109 233
sofa 0.0013 338 211 409 256
sofa 0.0012 249 209 316 258
pottedplant 0.6606 156 166 219 229
pottedplant 0.2521 258 179 306 209
pottedplant 0.1831 346 143 379 213
pottedplant 0.0584 131 8 264 108
pottedplant 0.0435 246 186 264 217
pottedplant 0.0293 250 189 313 235
pottedplant 0.0254 250 194 262 213
pottedplant 0.0198 175 183 216 245
pottedplant 0.0159 252 177 274 211
pottedplant 0.0121 128 8 282 276
pottedplant 0.0080 153 192 240 235
pottedplant 0.0080 131 189 150 201
pottedplant 0.0073 176 191 215 215
pottedplant 0.0054 164 157 227 274
pottedplant 0.0044 284 180 305 206
pottedplant 0.0041 167 171 211 210
pottedplant 0.0035 349 155 389 227
pottedplant 0.0035 274 72 288 101
pottedplant 0.0032 286 183 302 198
pottedplant 0.0032 246 187 276 245
pottedplant 0.0032 352 143 373 186
pottedplant 0.0032 196 73 252 244
pottedplant 0.0031 244 99 311 223
pottedplant 0.0030 256 180 326 223
pottedplant 0.0029 129 174 200 228
pottedplant 0.0029 1 168 15 212
pottedplant 0.0023 146 172 182 230
pottedplant 0.0022 293 182 307 201
pottedplant 0.0021 260 179 283 209
pottedplant 0.0020 106 154 403 314
pottedplant 0.0019 349 169 367 213
pottedplant 0.0019 250 206 262 215
pottedplant 0.0019 255 194 266 212
pottedplant 0.0019 246 156 309 212
pottedplant 0.0018 170 176 268 226
pottedplant 0.0017 247 185 262 198
pottedplant 0.0013 160 171 178 212
pottedplant 0.0013 80 155 266 234
pottedplant 0.0013 256 183 271 200
pottedplant 0.0012 179 208 216 239
pottedplant 0.0012 250 55 312 106
pottedplant 0.0012 321 102 388 219
pottedplant 0.0011 244 194 251 212
pottedplant 0.0010 169 200 209 222
pottedplant 0.0010 255 172 307 198
pottedplant 0.0010 293 179 308 222
diningtable 0.3473 172 238 268 276
diningtable 0.3257 141 218 189 229
diningtable 0.2890 143 219 189 238
diningtable 0.2603 241 282 316 339
diningtable 0.1420 338 215 367 224
diningtable 0.1381 334 212 370 227
diningtable 0.1119 193 276 321 312
diningtable 0.0798 157 224 282 256
diningtable 0.0750 145 272 268 361
diningtable 0.0663 148 235 225 246
diningtable 0.0635 184 248 263 289
diningtable 0.0630 303 208 341 234
diningtable 0.0629 2 189 42 213
diningtable 0.0613 7 203 48 265
diningtable 0.0594 305 224 324 237
diningtable 0.0593 149 231 216 278
diningtable 0.0575 280 216 324 247
diningtable 0.0558 3 211 60 373
diningtable 0.0555 158 266 338 350
diningtable 0.0438 335 221 385 236
diningtable 0.0398 250 206 262 215
diningtable 0.0389 268 258 331 324
diningtable 0.0376 111 219 388 303
diningtable 0.0336 358 220 403 240
diningtable 0.0327 0 195 7 208
diningtable 0.0327 278 215 305 222
diningtable 0.0317 241 280 309 299
diningtable 0.0301 411 223 462 253
diningtable 0.0293 405 240 470 257
diningtable 0.0285 11 221 54 254
diningtable 0.0276 306 215 318 225
diningtable 0.0269 1 191 53 246
diningtable 0.0261 0 202 7 216
diningtable 0.0238 162 216 172 225
diningtable 0.0237 317 205 340 220
diningtable 0.0221 0 200 29 267
diningtable 0.0211 12 211 56 235
diningtable 0.0200 146 215 207 232
diningtable 0.0196 142 217 221 256
diningtable 0.0196 348 210 391 229
diningtable 0.0192 181 234 270 248
diningtable 0.0191 277 216 328 228
diningtable 0.0189 51 201 73 206
diningtable 0.0187 304 216 324 246
diningtable 0.0163 168 273 278 306
diningtable 0.0161 93 197 110 239
diningtable 0.0159 303 216 340 242
diningtable 0.0159 160 216 214 242
diningtable 0.0157 250 215 281 244
diningtable 0.0149 2 253 23 371
diningtable 0.0145 213 232 260 247
diningtable 0.0145 147 194 222 236
diningtable 0.0142 40 198 81 209
diningtable 0.0141 0 198 34 221
diningtable 0.0132 248 212 261 230
diningtable 0.0130 150 218 168 224
diningtable 0.0127 404 214 456 245
diningtable 0.0126 304 224 341 254
diningtable 0.0116 42 207 62 216
diningtable 0.0115 195 274 253 297
diningtable 0.0111 218 223 256 240
diningtable 0.0111 0 194 10 249
diningtable 0.0111 313 215 330 223
diningtable 0.0110 115 201 391 268
diningtable 0.0108 261 212 307 228
diningtable 0.0108 44 197 60 206
diningtable 0.0106 1 208 23 251
diningtable 0.0106 253 209 269 215
diningtable 0.0106 377 217 422 241
diningtable 0.0106 5 184 42 203
diningtable 0.0105 264 215 305 247
diningtable 0.0104 107 211 131 217
diningtable 0.0102 260 274 405 359
diningtable 0.0101 342 210 363 216
diningtable 0.0100 -1 241 66 258
diningtable 0.0100 317 218 364 240
diningtable 0.0098 189 289 393 370
diningtable 0.0094 7 194 19 207
diningtable 0.0094 291 228 330 251
diningtable 0.0091 288 212 338 230
diningtable 0.0090 17 188 43 198
diningtable 0.0089 149 239 225 255
diningtable 0.0087 29 216 56 225
diningtable 0.0085 141 224 158 236
diningtable 0.0082 142 219 158 226
diningtable 0.0080 50 210 73 328
diningtable 0.0080 273 222 312 253
diningtable 0.0076 304 234 324 245
diningtable 0.0076 -6 250 71 267
diningtable 0.0075 401 221 469 279
diningtable 0.0073 253 213 271 226
diningtable 0.0073 170 217 184 224
diningtable 0.0071 159 224 177 234
diningtable 0.0071 0 253 24 265
diningtable 0.0068 242 205 310 219
diningtable 0.0066 1 244 24 256
diningtable 0.0066 359 226 382 233
diningtable 0.0064 310 212 332 247
diningtable 0.0064 21 209 71 345
diningtable 0.0064 140 231 196 246
