person 0.3898 0 162 10 222
person 0.0250 0 148 15 227
person 0.0087 1 170 3 212
person 0.0073 1 180 4 220
person 0.0069 0 166 3 196
person 0.0053 0 164 3 182
person 0.0050 0 139 7 208
person 0.0042 319 178 357 238
person 0.0035 1 196 6 222
person 0.0034 386 178 420 201
person 0.0016 0 151 3 177
person 0.0013 103 209 180 250
person 0.0011 455 216 475 253
person 0.0010 308 179 345 236
person 0.0010 449 256 480 313
person 0.0010 0 186 20 216
person 0.0010 1 209 7 224
bicycle 0.0013 449 256 480 313
car 0.0555 449 256 480 313
car 0.0011 453 210 479 311
bus 0.0016 46 124 487 312
train 0.9991 10 106 472 290
train 0.0064 0 148 15 227
train 0.0040 34 142 443 245
train 0.0037 0 143 263 232
train 0.0015 4 121 472 209
train 0.0013 0 139 7 208
train 0.0011 -10 144 266 320
chair 0.0128 449 256 480 313
sofa 0.0011 449 256 480 313
