person 0.9746 -3 -4 279 334
person 0.9479 160 68 488 336
person 0.0068 291 52 498 299
person 0.0032 89 24 332 308
person 0.0024 1 2 25 121
person 0.0018 89 3 330 168
person 0.0014 54 27 296 131
car 0.0018 23 7 478 331
car 0.0011 -6 -1 292 285
motorbike 0.0053 -5 1 430 335
boat 0.0015 -6 -1 292 285
boat 0.0011 23 7 478 331
chair 0.1085 -5 1 430 335
chair 0.0337 80 5 270 100
chair 0.0243 44 6 302 158
chair 0.0147 0 12 279 256
chair 0.0077 186 61 474 292
chair 0.0047 33 34 252 125
chair 0.0039 493 215 500 301
chair 0.0033 37 11 168 107
chair 0.0027 0 -31 51 269
chair 0.0026 488 172 500 333
chair 0.0018 223 119 510 344
chair 0.0017 89 24 332 308
chair 0.0015 1 2 25 121
chair 0.0011 413 133 497 290
chair 0.0011 495 161 499 316
sofa 0.0649 29 66 477 332
sofa 0.0021 -19 35 299 345
sofa 0.0010 277 73 504 329
