bottle 0.0012 76 131 83 141
chair 0.1050 309 130 356 141
chair 0.0675 371 140 445 207
chair 0.0079 354 124 386 157
chair 0.0070 379 136 421 153
chair 0.0066 350 123 438 161
chair 0.0066 44 150 426 353
chair 0.0050 312 126 389 145
chair 0.0044 343 118 439 203
chair 0.0040 318 133 437 181
chair 0.0025 304 125 405 155
chair 0.0021 334 121 387 150
chair 0.0018 299 127 449 225
chair 0.0011 356 123 388 190
chair 0.0010 357 132 422 154
sofa 0.9922 30 147 433 359
sofa 0.0261 350 132 444 191
sofa 0.0015 299 127 449 225
sofa 0.0014 379 136 421 153
sofa 0.0012 309 130 356 141
