person 0.9251 391 168 424 228
person 0.2940 433 177 465 247
person 0.2422 421 179 456 246
person 0.0511 436 178 457 222
person 0.0307 390 167 421 200
person 0.0307 416 198 454 267
person 0.0305 423 187 486 245
person 0.0263 433 197 473 269
person 0.0149 482 166 488 175
person 0.0147 389 177 414 219
person 0.0133 493 165 498 176
person 0.0111 398 202 470 269
person 0.0107 440 183 450 198
person 0.0085 430 176 463 205
person 0.0085 428 176 446 206
person 0.0077 399 173 466 229
person 0.0063 444 179 465 223
person 0.0058 430 179 447 236
person 0.0050 395 201 416 232
person 0.0046 416 175 421 188
person 0.0045 408 172 424 208
person 0.0043 422 172 486 221
person 0.0043 435 182 441 197
person 0.0040 408 194 429 228
person 0.0038 492 199 498 220
person 0.0033 413 183 421 199
person 0.0024 414 191 437 228
person 0.0020 487 189 499 231
person 0.0017 496 164 499 194
person 0.0017 495 180 498 201
person 0.0016 441 193 449 204
person 0.0016 424 181 430 197
person 0.0016 396 207 433 269
person 0.0015 491 192 498 208
person 0.0015 436 193 443 205
person 0.0015 389 186 442 236
person 0.0012 490 160 498 221
person 0.0011 492 204 498 234
person 0.0011 422 174 436 208
person 0.0010 408 203 442 235
person 0.0010 440 197 454 241
bicycle 0.0155 389 196 412 229
bicycle 0.0133 487 199 499 240
bicycle 0.0087 392 181 426 235
bicycle 0.0062 492 204 498 234
bicycle 0.0031 396 207 433 269
bicycle 0.0016 494 209 498 245
bicycle 0.0010 465 203 498 235
motorbike 0.0023 389 196 412 229
motorbike 0.0022 392 181 426 235
bus 0.0010 224 98 372 236
train 0.1208 224 98 372 236
train 0.0077 12 53 417 273
train 0.0074 433 153 500 205
train 0.0058 195 40 397 230
train 0.0040 437 169 496 221
train 0.0012 395 118 502 226
chair 0.0129 448 202 493 266
chair 0.0096 433 197 473 269
chair 0.0091 445 227 483 268
chair 0.0045 456 202 497 237
chair 0.0038 397 221 433 272
chair 0.0035 416 198 454 267
chair 0.0024 398 202 470 269
chair 0.0021 488 204 499 251
chair 0.0016 391 201 412 232
chair 0.0016 392 181 426 235
chair 0.0015 461 197 472 221
chair 0.0013 419 219 485 275
chair 0.0013 454 219 493 255
chair 0.0013 492 204 498 234
chair 0.0011 408 203 432 233
chair 0.0011 447 214 488 244
