person 0.4197 165 23 320 243
person 0.1360 327 93 357 173
person 0.0911 404 137 410 150
person 0.0876 333 80 371 161
person 0.0678 397 135 403 150
person 0.0663 329 98 351 149
person 0.0629 354 73 389 166
person 0.0508 281 80 359 238
person 0.0367 414 138 419 149
person 0.0304 158 24 238 213
person 0.0260 327 65 387 178
person 0.0235 385 135 393 152
person 0.0189 324 98 341 129
person 0.0137 340 99 362 145
person 0.0109 327 102 338 123
person 0.0105 187 54 376 284
person 0.0103 381 125 398 161
person 0.0099 405 142 411 153
person 0.0073 299 75 377 201
person 0.0073 381 139 392 162
person 0.0070 149 61 280 198
person 0.0069 370 123 389 164
person 0.0062 423 140 436 151
person 0.0058 273 50 332 229
person 0.0056 282 110 312 203
person 0.0054 377 142 388 163
person 0.0046 382 189 420 233
person 0.0045 324 96 357 130
person 0.0040 313 85 332 122
person 0.0038 326 102 341 161
person 0.0027 384 127 400 140
person 0.0027 300 84 338 153
person 0.0027 182 21 255 253
person 0.0026 282 110 303 139
person 0.0025 407 131 412 139
person 0.0025 414 131 419 138
person 0.0024 396 141 401 155
person 0.0023 349 117 370 147
person 0.0023 361 123 382 160
person 0.0023 334 104 345 121
person 0.0022 284 114 298 129
person 0.0022 377 133 384 154
person 0.0019 376 108 402 170
person 0.0019 412 143 419 153
person 0.0018 179 38 314 149
person 0.0018 327 98 338 113
person 0.0018 338 120 379 183
person 0.0017 383 120 400 150
person 0.0016 303 99 324 128
person 0.0015 217 100 372 228
person 0.0015 197 75 374 181
person 0.0014 321 71 358 137
person 0.0014 386 125 404 156
person 0.0013 340 83 361 125
person 0.0011 332 115 348 168
person 0.0011 429 140 438 150
person 0.0011 364 134 374 152
person 0.0011 355 122 368 143
person 0.0011 155 108 198 181
person 0.0010 305 103 320 121
person 0.0010 327 114 336 129
bicycle 0.1149 378 136 394 163
bicycle 0.0170 377 142 388 163
bicycle 0.0092 381 125 398 161
bicycle 0.0045 405 142 411 153
bicycle 0.0035 287 129 376 249
bicycle 0.0030 396 141 401 155
bicycle 0.0028 397 135 403 150
bicycle 0.0021 385 135 393 152
bicycle 0.0018 370 123 389 164
bicycle 0.0017 404 137 410 150
bicycle 0.0015 381 151 392 165
bicycle 0.0012 378 150 386 166
bicycle 0.0010 364 135 394 166
car 0.3641 423 140 436 151
car 0.0577 428 143 439 155
car 0.0365 384 127 400 140
car 0.0245 429 140 438 150
car 0.0242 381 125 398 161
car 0.0137 404 137 410 150
car 0.0125 338 142 380 179
car 0.0093 397 135 403 150
car 0.0073 378 136 394 163
car 0.0054 414 138 419 149
car 0.0047 385 135 393 152
car 0.0027 332 95 373 177
car 0.0026 294 102 380 173
car 0.0022 377 142 388 163
car 0.0021 420 139 439 161
car 0.0016 412 143 419 153
car 0.0014 370 123 389 164
car 0.0013 356 97 386 174
car 0.0013 386 125 404 156
car 0.0013 287 78 377 243
car 0.0012 349 117 370 147
car 0.0011 327 65 387 178
motorbike 0.9932 162 37 322 311
motorbike 0.9407 284 96 379 249
motorbike 0.2120 378 136 394 163
motorbike 0.1465 332 95 373 177
motorbike 0.0565 338 142 380 179
motorbike 0.0411 377 142 388 163
motorbike 0.0309 381 125 398 161
motorbike 0.0298 356 97 386 174
motorbike 0.0223 284 60 350 221
motorbike 0.0216 328 82 385 234
motorbike 0.0184 294 102 380 173
motorbike 0.0111 370 123 389 164
motorbike 0.0089 262 77 392 187
motorbike 0.0088 150 115 190 185
motorbike 0.0086 349 117 370 147
motorbike 0.0065 245 31 398 244
motorbike 0.0047 352 134 388 168
motorbike 0.0041 361 123 382 160
motorbike 0.0038 269 100 336 246
motorbike 0.0032 283 123 352 189
motorbike 0.0026 151 82 221 197
motorbike 0.0023 338 125 379 223
motorbike 0.0022 217 100 372 228
motorbike 0.0021 332 112 412 166
motorbike 0.0021 385 135 393 152
motorbike 0.0020 397 135 403 150
motorbike 0.0020 179 95 305 229
motorbike 0.0018 378 150 386 166
motorbike 0.0018 405 142 411 153
motorbike 0.0016 376 108 402 170
motorbike 0.0016 343 65 396 178
motorbike 0.0016 304 54 375 188
motorbike 0.0015 355 122 368 143
motorbike 0.0015 297 98 336 177
motorbike 0.0014 163 71 234 282
motorbike 0.0014 381 151 392 165
motorbike 0.0013 152 125 284 277
motorbike 0.0013 280 122 311 224
motorbike 0.0012 396 141 401 155
motorbike 0.0012 364 134 374 152
motorbike 0.0011 283 187 302 232
motorbike 0.0010 404 137 410 150
motorbike 0.0010 295 172 373 248
cat 0.0275 382 189 420 233
dog 0.5382 382 189 420 233
dog 0.0019 371 174 425 228
dog 0.0011 381 177 413 204
horse 0.0028 287 78 377 243
horse 0.0016 381 125 398 161
horse 0.0014 382 189 420 233
cow 0.0029 385 185 425 233
