person 0.9997 156 42 491 361
person 0.0354 374 96 498 359
bicycle 0.0010 440 60 474 89
train 0.0021 188 54 520 379
dog 0.0012 440 60 474 89
bottle 0.0025 8 289 46 351
bottle 0.0014 137 312 159 337
bottle 0.0011 32 293 48 341
chair 0.0041 169 59 427 369
chair 0.0037 448 247 498 376
chair 0.0028 211 245 348 363
chair 0.0027 332 159 475 369
chair 0.0026 120 266 176 323
chair 0.0024 342 170 406 373
chair 0.0023 185 202 393 378
chair 0.0022 398 300 469 363
chair 0.0012 138 284 175 326
chair 0.0010 374 96 498 359
chair 0.0010 414 247 487 380
diningtable 0.0076 25 334 182 365
diningtable 0.0031 6 308 188 370
diningtable 0.0011 13 349 191 377
tvmonitor 0.1610 120 266 176 323
tvmonitor 0.0080 138 284 175 326
tvmonitor 0.0036 120 264 175 291
tvmonitor 0.0015 188 54 520 379
tvmonitor 0.0012 418 34 493 104
tvmonitor 0.0011 160 290 175 325
