person 0.9957 477 255 500 368
person 0.9866 238 99 277 154
person 0.9726 164 97 216 153
person 0.7204 292 117 332 171
person 0.4530 205 126 243 156
person 0.2366 284 117 321 155
person 0.2185 276 115 292 150
person 0.1568 113 274 125 286
person 0.1041 221 119 244 150
person 0.0871 225 96 265 152
person 0.0764 275 137 292 152
person 0.0739 86 273 97 286
person 0.0441 154 93 220 194
person 0.0421 279 114 303 152
person 0.0377 273 131 294 157
person 0.0369 93 272 106 286
person 0.0348 104 273 117 285
person 0.0271 76 274 89 286
person 0.0267 279 115 288 141
person 0.0256 163 118 196 155
person 0.0247 207 109 278 162
person 0.0181 195 136 239 167
person 0.0177 480 262 484 271
person 0.0163 159 145 199 200
person 0.0146 295 138 333 204
person 0.0134 225 126 241 143
person 0.0125 301 126 335 159
person 0.0123 221 111 252 143
person 0.0116 265 138 300 165
person 0.0115 198 139 217 153
person 0.0105 476 262 481 270
person 0.0103 462 263 467 271
person 0.0097 284 136 298 151
person 0.0088 455 261 460 270
person 0.0085 189 116 253 165
person 0.0077 292 123 315 159
person 0.0070 66 274 79 286
person 0.0068 267 126 336 183
person 0.0057 262 109 297 160
person 0.0057 477 259 480 267
person 0.0054 491 274 499 358
person 0.0052 169 140 204 168
person 0.0051 272 144 290 158
person 0.0044 168 177 203 203
person 0.0043 153 128 188 197
person 0.0038 490 313 499 378
person 0.0038 179 145 197 160
person 0.0037 311 144 334 183
person 0.0035 220 126 267 157
person 0.0035 453 260 459 267
person 0.0034 188 134 228 156
person 0.0033 300 120 310 133
person 0.0033 253 114 276 151
person 0.0032 265 117 284 150
person 0.0031 232 118 254 149
person 0.0030 198 146 213 160
person 0.0029 153 125 331 189
person 0.0027 181 131 258 179
person 0.0026 209 110 243 144
person 0.0026 0 283 5 312
person 0.0025 108 131 339 340
person 0.0025 166 137 190 169
person 0.0025 0 279 4 297
person 0.0024 281 129 302 156
person 0.0023 294 147 332 181
person 0.0021 480 259 485 267
person 0.0020 298 126 309 140
person 0.0020 204 139 223 152
person 0.0019 158 150 178 197
person 0.0018 1 261 26 273
person 0.0018 283 135 324 170
person 0.0018 236 126 250 141
person 0.0017 236 117 251 133
person 0.0017 121 272 133 287
person 0.0017 1 254 11 267
person 0.0016 226 116 242 134
person 0.0015 1 267 4 289
person 0.0015 167 162 190 202
person 0.0015 304 120 314 132
person 0.0015 250 101 274 136
person 0.0014 295 135 309 150
person 0.0014 494 306 499 327
person 0.0014 186 180 201 199
person 0.0013 466 263 493 360
person 0.0013 217 135 236 150
person 0.0013 189 147 204 160
person 0.0013 177 154 196 168
person 0.0012 196 150 240 173
person 0.0012 154 157 162 169
person 0.0012 268 138 282 150
person 0.0011 492 257 500 320
person 0.0011 0 278 10 318
person 0.0011 160 147 196 176
person 0.0010 225 133 243 149
person 0.0010 169 145 186 159
person 0.0010 2 260 10 274
person 0.0010 497 268 499 307
bicycle 0.0046 3 283 23 312
bicycle 0.0028 0 283 5 312
bicycle 0.0014 0 278 10 318
bicycle 0.0014 7 289 20 308
bicycle 0.0013 14 283 49 309
car 0.9251 43 264 154 331
car 0.0472 426 262 444 269
car 0.0297 1 261 26 273
car 0.0074 423 263 437 269
car 0.0048 427 260 443 267
car 0.0041 1 257 23 268
car 0.0035 1 254 11 267
car 0.0035 0 251 28 272
car 0.0018 477 248 500 350
car 0.0015 2 260 10 274
car 0.0014 442 263 450 268
car 0.0013 0 263 29 290
car 0.0013 480 262 484 271
car 0.0010 346 259 356 264
motorbike 0.0011 479 278 500 373
bus 0.1785 145 155 346 358
bus 0.0025 165 171 329 286
bus 0.0018 40 260 157 334
bus 0.0011 1 261 26 273
boat 0.0019 1 261 26 273
chair 0.0016 0 283 5 312
chair 0.0013 3 283 23 312
