person 0.0026 37 15 456 248
car 0.0012 76 267 89 276
aeroplane 0.0062 39 228 309 279
bus 0.0010 313 260 481 292
train 0.0051 39 228 309 279
boat 0.6561 313 260 481 292
boat 0.0254 71 275 90 284
boat 0.0223 76 267 89 276
boat 0.0154 90 273 108 282
boat 0.0134 65 277 81 284
boat 0.0123 103 274 120 282
boat 0.0122 109 274 126 282
boat 0.0115 150 265 164 276
boat 0.0108 41 277 63 285
boat 0.0106 120 274 140 283
boat 0.0104 112 271 165 284
boat 0.0098 93 267 107 277
boat 0.0096 83 276 100 284
boat 0.0084 174 262 301 289
boat 0.0073 103 261 155 282
boat 0.0069 61 270 102 285
boat 0.0052 127 275 148 283
boat 0.0052 54 278 70 285
boat 0.0048 89 262 129 281
boat 0.0046 139 275 160 283
boat 0.0039 82 268 97 276
boat 0.0037 126 261 169 281
boat 0.0037 104 233 311 284
boat 0.0037 309 215 488 291
boat 0.0037 109 267 126 277
boat 0.0034 32 274 74 286
boat 0.0034 104 268 118 277
boat 0.0033 186 275 302 290
boat 0.0033 67 263 114 281
boat 0.0029 56 264 67 275
boat 0.0028 131 266 144 275
boat 0.0028 325 246 471 278
boat 0.0027 73 271 127 284
boat 0.0027 89 256 197 284
boat 0.0027 123 267 136 277
boat 0.0024 162 264 174 275
boat 0.0024 108 257 129 283
boat 0.0021 66 267 80 277
boat 0.0020 145 260 188 280
boat 0.0020 155 274 197 288
boat 0.0020 143 266 157 277
boat 0.0019 89 258 110 284
boat 0.0019 38 255 451 294
boat 0.0018 47 285 56 290
boat 0.0017 120 256 140 285
boat 0.0017 51 262 93 280
boat 0.0014 37 277 53 284
boat 0.0013 151 275 162 281
boat 0.0013 22 257 150 282
boat 0.0012 147 258 167 280
boat 0.0012 123 272 193 285
boat 0.0012 128 257 147 285
boat 0.0012 140 258 161 283
boat 0.0011 86 259 280 281
boat 0.0010 71 258 91 284
boat 0.0010 165 277 189 286
boat 0.0010 101 258 122 284
boat 0.0010 158 277 179 284
chair 0.0098 175 11 296 96
chair 0.0042 29 71 64 133
chair 0.0037 255 71 271 81
chair 0.0037 196 73 218 82
chair 0.0035 37 15 456 248
chair 0.0032 31 95 60 123
chair 0.0030 196 83 216 91
chair 0.0030 254 82 271 91
chair 0.0024 61 74 79 83
chair 0.0023 235 82 254 92
chair 0.0020 196 92 215 102
chair 0.0019 218 73 233 82
chair 0.0016 204 61 221 72
chair 0.0015 60 82 78 91
chair 0.0015 217 81 234 92
chair 0.0014 217 92 234 103
chair 0.0014 218 64 233 73
chair 0.0013 234 73 253 83
chair 0.0013 75 64 88 71
chair 0.0012 76 55 89 62
chair 0.0011 73 84 88 90
chair 0.0011 254 66 273 76
chair 0.0011 42 71 58 83
chair 0.0011 64 65 80 73
chair 0.0011 73 75 88 82
chair 0.0011 39 64 60 93
chair 0.0011 273 83 288 91
chair 0.0010 101 87 136 104
chair 0.0010 20 12 320 191
chair 0.0010 254 93 272 102
pottedplant 0.0010 29 96 61 132
