person 0.9958 47 92 394 360
person 0.9856 -1 62 170 334
person 0.9609 233 93 504 380
person 0.1571 361 230 498 373
person 0.1510 483 33 498 206
person 0.0490 361 99 503 363
person 0.0290 51 1 130 60
person 0.0223 490 33 500 119
person 0.0143 485 -7 499 135
person 0.0130 488 78 499 152
person 0.0127 484 86 499 268
person 0.0091 474 11 498 303
person 0.0081 492 88 499 181
person 0.0039 338 110 404 157
person 0.0030 448 31 500 207
person 0.0029 477 221 499 329
person 0.0028 482 150 499 321
person 0.0027 321 287 492 375
person 0.0026 273 1 313 91
person 0.0022 412 192 497 396
person 0.0022 491 125 499 200
person 0.0020 444 63 498 330
person 0.0019 247 2 312 110
person 0.0017 83 108 336 279
person 0.0015 493 -5 499 104
person 0.0011 416 88 500 224
person 0.0010 0 3 29 88
person 0.0010 473 110 499 397
car 0.0010 33 37 462 356
train 0.0043 33 37 462 356
bottle 0.0031 490 33 500 119
chair 0.7336 143 0 230 165
chair 0.3721 158 75 229 203
chair 0.2750 363 44 495 163
chair 0.1990 68 133 357 370
chair 0.1679 0 51 136 377
chair 0.0496 0 85 58 147
chair 0.0467 145 2 219 84
chair 0.0418 111 77 167 203
chair 0.0357 215 125 274 189
chair 0.0315 375 44 491 108
chair 0.0232 0 72 54 206
chair 0.0188 368 85 497 196
chair 0.0183 33 37 462 356
chair 0.0178 114 6 288 205
chair 0.0176 164 99 225 171
chair 0.0167 0 42 35 77
chair 0.0166 47 1 134 68
chair 0.0140 0 129 54 345
chair 0.0129 0 181 86 366
chair 0.0117 131 126 520 379
chair 0.0092 292 100 503 366
chair 0.0078 208 -1 225 56
chair 0.0077 0 40 61 160
chair 0.0074 374 92 484 155
chair 0.0071 0 126 11 180
chair 0.0068 490 33 500 119
chair 0.0063 0 112 19 243
chair 0.0057 491 125 499 200
chair 0.0049 0 123 7 203
chair 0.0048 212 147 364 239
chair 0.0047 83 108 336 279
chair 0.0044 5 88 259 350
chair 0.0043 242 14 274 104
chair 0.0041 247 2 312 110
chair 0.0041 0 128 21 160
chair 0.0037 147 132 276 240
chair 0.0036 483 79 498 234
chair 0.0035 0 133 14 338
chair 0.0034 338 110 404 157
chair 0.0033 0 131 5 233
chair 0.0032 1 131 9 155
chair 0.0029 132 43 266 173
chair 0.0027 0 136 4 172
chair 0.0027 1 91 29 344
chair 0.0021 3 323 97 373
chair 0.0017 39 16 241 200
chair 0.0017 58 19 224 121
chair 0.0015 273 1 313 91
chair 0.0015 0 244 65 376
chair 0.0015 0 36 31 121
chair 0.0015 349 103 439 165
chair 0.0015 326 42 498 259
chair 0.0014 492 175 499 193
chair 0.0014 0 136 2 187
chair 0.0013 0 305 65 365
chair 0.0013 371 114 497 261
chair 0.0012 2 96 11 172
chair 0.0012 1 42 19 54
chair 0.0012 1 55 64 109
chair 0.0011 0 39 57 89
chair 0.0011 412 131 500 185
chair 0.0011 0 64 23 174
chair 0.0011 406 106 503 171
chair 0.0011 116 75 166 99
chair 0.0010 483 12 498 154
chair 0.0010 179 176 327 267
chair 0.0010 153 147 221 211
chair 0.0010 389 130 427 163
chair 0.0010 485 116 499 316
sofa 0.5556 37 128 469 376
sofa 0.0879 363 44 495 163
sofa 0.0686 298 134 498 379
sofa 0.0227 368 85 497 196
sofa 0.0175 232 94 505 304
sofa 0.0087 0 34 34 92
sofa 0.0054 0 74 62 135
sofa 0.0042 365 64 502 319
sofa 0.0039 375 44 491 108
sofa 0.0033 0 25 58 144
sofa 0.0029 374 92 484 155
sofa 0.0028 215 125 274 189
sofa 0.0020 1 55 64 109
sofa 0.0019 338 110 404 157
sofa 0.0018 349 103 439 165
sofa 0.0017 0 51 136 377
sofa 0.0015 212 147 364 239
sofa 0.0011 0 72 54 206
sofa 0.0011 334 242 495 370
sofa 0.0010 328 126 487 258
diningtable 0.0106 0 74 62 135
diningtable 0.0053 1 55 64 109
diningtable 0.0037 0 33 41 91
diningtable 0.0024 0 69 48 85
diningtable 0.0023 5 44 83 85
diningtable 0.0021 0 25 58 144
diningtable 0.0020 490 33 500 119
diningtable 0.0020 368 85 497 196
diningtable 0.0018 -1 32 138 284
diningtable 0.0010 491 125 499 200
diningtable 0.0010 0 75 53 97
