person 0.9995 179 211 322 462
person 0.9991 5 328 59 449
person 0.9286 134 323 184 416
person 0.2950 322 359 332 377
person 0.2397 335 353 343 366
person 0.1975 317 358 326 377
person 0.1355 325 354 333 366
person 0.1349 341 354 350 366
person 0.1304 354 362 361 375
person 0.1145 314 355 322 366
person 0.1137 306 359 314 376
person 0.0977 306 354 315 368
person 0.0699 343 362 353 375
person 0.0629 313 350 320 357
person 0.0568 335 359 343 375
person 0.0391 363 362 370 375
person 0.0388 372 355 378 366
person 0.0366 373 360 378 378
person 0.0341 298 356 306 366
person 0.0306 309 351 316 357
person 0.0290 359 357 378 403
person 0.0265 370 357 378 401
person 0.0213 168 375 178 400
person 0.0208 319 356 336 380
person 0.0197 298 360 306 375
person 0.0154 162 379 174 398
person 0.0125 350 355 365 362
person 0.0120 157 373 175 403
person 0.0101 131 357 178 439
person 0.0101 372 365 379 392
person 0.0094 361 355 372 363
person 0.0076 337 357 358 385
person 0.0067 304 349 318 376
person 0.0064 312 355 329 379
person 0.0062 331 354 347 384
person 0.0056 157 327 191 394
person 0.0035 347 360 368 396
person 0.0034 161 375 173 389
person 0.0031 216 315 380 494
person 0.0028 351 371 364 385
person 0.0027 18 377 59 462
person 0.0026 362 370 373 387
person 0.0024 166 363 184 400
person 0.0022 338 357 374 386
person 0.0020 334 352 344 356
person 0.0019 178 253 301 391
person 0.0019 165 345 186 393
person 0.0018 337 351 355 374
person 0.0017 301 357 337 380
person 0.0016 333 370 345 386
person 0.0016 338 350 376 410
person 0.0016 129 323 167 394
person 0.0015 323 370 334 382
person 0.0014 339 372 357 386
person 0.0014 286 364 295 377
person 0.0013 298 351 341 372
person 0.0012 -9 354 93 447
person 0.0012 324 352 336 357
person 0.0010 166 374 179 420
bicycle 0.9957 166 322 365 498
bicycle 0.9451 129 369 179 450
bicycle 0.9255 15 388 61 469
bicycle 0.1736 337 360 376 420
bicycle 0.1286 244 334 371 475
bicycle 0.0631 181 215 328 490
bicycle 0.0470 322 351 378 405
bicycle 0.0443 150 375 215 491
bicycle 0.0229 333 365 366 391
bicycle 0.0219 358 369 377 408
bicycle 0.0213 300 361 374 422
bicycle 0.0205 370 362 379 413
bicycle 0.0202 159 397 205 470
bicycle 0.0182 340 372 375 405
bicycle 0.0108 350 350 380 410
bicycle 0.0100 372 365 379 392
bicycle 0.0096 -1 398 18 434
bicycle 0.0083 339 372 357 386
bicycle 0.0083 372 377 378 400
bicycle 0.0066 57 385 97 437
bicycle 0.0058 119 357 261 460
bicycle 0.0050 347 360 368 396
bicycle 0.0050 50 399 87 438
bicycle 0.0047 132 395 196 457
bicycle 0.0043 351 371 364 385
bicycle 0.0037 343 362 353 375
bicycle 0.0037 362 378 374 400
bicycle 0.0035 157 378 196 448
bicycle 0.0035 348 381 371 413
bicycle 0.0031 316 377 380 440
bicycle 0.0031 362 370 373 387
bicycle 0.0029 59 420 77 436
bicycle 0.0029 373 360 378 378
bicycle 0.0026 333 370 345 386
bicycle 0.0023 54 414 83 437
bicycle 0.0022 354 362 361 375
bicycle 0.0021 312 376 352 446
bicycle 0.0020 298 351 372 476
bicycle 0.0020 348 382 367 397
bicycle 0.0020 20 403 38 451
bicycle 0.0019 48 392 69 424
bicycle 0.0018 0 396 10 438
bicycle 0.0017 363 362 370 375
bicycle 0.0016 338 357 374 386
bicycle 0.0014 335 359 343 375
bicycle 0.0014 297 378 334 445
bicycle 0.0014 163 382 285 491
bicycle 0.0013 372 385 378 409
bicycle 0.0011 281 350 353 397
bicycle 0.0011 336 371 360 403
bicycle 0.0011 353 372 379 446
bicycle 0.0011 143 317 313 417
bicycle 0.0011 80 418 96 434
bicycle 0.0010 172 439 215 474
bicycle 0.0010 50 399 64 417
bicycle 0.0010 341 379 357 393
bicycle 0.0010 272 359 359 501
bicycle 0.0010 174 381 215 447
bicycle 0.0010 337 357 358 385
car 0.0290 336 361 376 396
car 0.0099 332 358 366 385
car 0.0023 339 372 357 386
car 0.0021 336 364 359 391
car 0.0021 343 362 353 375
car 0.0020 54 414 83 437
car 0.0014 59 420 77 436
car 0.0013 163 343 368 507
car 0.0012 348 356 381 385
car 0.0012 361 355 372 363
car 0.0011 350 355 365 362
motorbike 0.0054 216 315 380 494
motorbike 0.0046 338 350 376 410
motorbike 0.0041 333 365 366 391
motorbike 0.0013 359 357 378 403
motorbike 0.0013 169 376 363 494
motorbike 0.0011 181 215 328 490
chair 0.0021 336 361 376 396
chair 0.0014 18 377 59 462
chair 0.0010 169 376 363 494
