person 0.9987 284 167 416 368
person 0.9978 14 172 203 370
person 0.9976 379 55 504 378
person 0.9296 127 177 238 271
person 0.0147 394 181 438 249
person 0.0090 389 170 429 231
person 0.0051 129 171 306 370
person 0.0042 128 238 308 312
person 0.0039 228 140 438 333
person 0.0035 386 163 448 272
person 0.0028 141 201 220 345
person 0.0017 40 204 220 322
person 0.0015 389 173 423 196
person 0.0015 19 179 178 279
person 0.0014 380 114 502 254
person 0.0013 411 200 446 267
person 0.0012 490 111 499 359
person 0.0010 381 175 421 252
bottle 0.8649 235 224 253 273
bottle 0.1494 229 252 241 290
bottle 0.0298 411 200 446 267
bottle 0.0200 235 247 255 287
bottle 0.0134 417 206 440 236
bottle 0.0059 420 217 441 262
bottle 0.0049 226 237 253 301
bottle 0.0045 127 177 238 271
bottle 0.0043 394 181 438 249
bottle 0.0033 423 208 445 251
bottle 0.0024 230 216 258 268
bottle 0.0019 423 231 446 267
bottle 0.0018 415 215 450 288
bottle 0.0017 238 250 253 266
bottle 0.0016 239 220 249 240
bottle 0.0016 231 221 247 262
bottle 0.0015 387 155 409 193
bottle 0.0013 213 239 233 264
bottle 0.0012 239 240 252 258
bottle 0.0010 420 213 435 230
chair 0.9841 340 261 454 370
chair 0.9647 2 263 67 372
chair 0.0975 0 259 29 373
chair 0.0639 6 258 171 368
chair 0.0524 125 308 166 339
chair 0.0348 11 277 109 370
chair 0.0342 271 320 333 374
chair 0.0250 131 234 150 264
chair 0.0241 0 316 29 376
chair 0.0234 222 302 291 368
chair 0.0205 150 302 222 362
chair 0.0144 13 201 238 373
chair 0.0128 131 239 166 264
chair 0.0104 132 241 146 259
chair 0.0074 493 290 500 363
chair 0.0073 371 275 451 352
chair 0.0071 184 317 221 371
chair 0.0065 403 255 460 370
chair 0.0063 483 221 499 366
chair 0.0061 411 234 426 268
chair 0.0055 145 217 217 365
chair 0.0055 440 228 497 363
chair 0.0048 195 317 217 358
chair 0.0046 0 256 9 320
chair 0.0044 169 312 205 343
chair 0.0044 138 211 226 261
chair 0.0038 112 235 131 263
chair 0.0038 495 246 499 369
chair 0.0036 147 290 219 339
chair 0.0033 215 319 232 356
chair 0.0033 1 261 21 316
chair 0.0033 259 205 456 374
chair 0.0032 198 252 282 376
chair 0.0032 433 259 462 365
chair 0.0031 128 303 200 355
chair 0.0030 373 252 493 369
chair 0.0028 208 318 227 357
chair 0.0028 263 316 295 374
chair 0.0027 274 317 315 334
chair 0.0027 137 247 177 269
chair 0.0026 421 243 455 342
chair 0.0026 419 232 438 268
chair 0.0025 414 248 424 268
chair 0.0025 117 292 178 342
chair 0.0024 414 238 423 264
chair 0.0023 126 234 202 273
chair 0.0022 121 251 136 264
chair 0.0022 176 301 265 365
chair 0.0021 477 286 498 374
chair 0.0019 115 240 129 256
chair 0.0019 119 234 139 265
chair 0.0018 134 230 145 249
chair 0.0018 202 317 235 370
chair 0.0016 112 249 235 360
chair 0.0016 -1 228 21 326
chair 0.0016 497 303 499 350
chair 0.0016 122 244 159 270
chair 0.0015 266 319 282 374
chair 0.0014 143 271 297 310
chair 0.0014 157 286 284 330
chair 0.0013 274 308 315 330
chair 0.0013 123 244 136 257
chair 0.0013 454 288 496 372
chair 0.0013 136 243 155 259
chair 0.0013 239 314 282 373
chair 0.0013 243 316 316 373
chair 0.0012 495 185 499 334
chair 0.0011 132 249 146 264
chair 0.0011 1 293 4 320
chair 0.0011 139 305 158 313
chair 0.0011 140 250 158 265
chair 0.0011 488 151 499 360
chair 0.0011 149 253 166 265
chair 0.0011 0 260 2 316
chair 0.0011 227 319 244 371
chair 0.0011 0 278 3 319
chair 0.0010 220 316 258 371
chair 0.0010 241 318 263 358
sofa 0.0018 364 228 457 368
pottedplant 0.3764 129 180 166 250
pottedplant 0.1595 136 164 175 232
pottedplant 0.0585 144 181 168 220
pottedplant 0.0188 131 165 198 272
pottedplant 0.0171 136 188 159 231
pottedplant 0.0064 33 184 55 224
pottedplant 0.0061 132 212 150 249
pottedplant 0.0055 120 140 177 256
pottedplant 0.0053 136 205 156 236
pottedplant 0.0044 137 193 175 226
pottedplant 0.0030 139 212 153 229
pottedplant 0.0029 136 222 147 239
pottedplant 0.0024 32 172 67 223
pottedplant 0.0021 117 203 173 266
pottedplant 0.0019 133 181 259 272
pottedplant 0.0017 154 141 169 188
pottedplant 0.0016 140 206 156 219
pottedplant 0.0013 119 153 240 247
pottedplant 0.0012 145 130 177 194
pottedplant 0.0011 42 184 62 220
pottedplant 0.0010 150 193 164 209
pottedplant 0.0010 150 156 171 210
pottedplant 0.0010 128 191 142 210
diningtable 0.8419 137 253 307 363
diningtable 0.1606 128 238 308 312
diningtable 0.0794 143 271 297 310
diningtable 0.0288 159 257 282 298
diningtable 0.0053 112 249 235 360
diningtable 0.0049 235 201 438 378
diningtable 0.0039 0 316 29 376
diningtable 0.0027 13 201 238 373
diningtable 0.0021 272 183 407 339
diningtable 0.0020 306 261 445 368
diningtable 0.0019 133 181 259 272
diningtable 0.0011 197 257 314 289
diningtable 0.0010 0 259 29 373
