person 0.9849 185 174 287 347
person 0.0412 153 49 186 100
person 0.0097 112 69 146 102
person 0.0041 135 72 158 100
person 0.0036 451 105 499 251
person 0.0036 320 9 490 296
person 0.0023 122 69 137 84
person 0.0022 140 59 162 94
person 0.0017 471 121 499 234
person 0.0017 256 36 288 94
person 0.0013 346 55 476 174
person 0.0012 416 95 494 224
person 0.0012 2 139 18 294
person 0.0012 117 65 140 92
person 0.0011 415 125 488 194
bird 0.0038 0 245 31 272
bird 0.0014 116 69 140 103
cat 0.0017 112 69 146 102
dog 0.0026 112 69 146 102
dog 0.0024 269 221 372 312
bottle 0.0084 1 61 5 95
bottle 0.0077 1 74 7 95
bottle 0.0066 0 245 31 272
bottle 0.0051 1 54 10 97
bottle 0.0032 17 76 27 95
bottle 0.0026 6 76 19 94
bottle 0.0024 1 54 5 79
bottle 0.0019 156 53 182 101
bottle 0.0015 15 56 28 95
bottle 0.0014 3 55 22 95
bottle 0.0012 301 279 337 314
bottle 0.0012 0 41 30 95
bottle 0.0011 9 57 19 73
chair 0.0227 458 148 499 247
chair 0.0094 72 99 435 284
chair 0.0061 325 72 485 302
chair 0.0044 470 171 497 254
chair 0.0036 446 86 501 234
chair 0.0032 471 121 499 234
chair 0.0020 59 66 108 244
chair 0.0018 0 41 30 95
chair 0.0010 76 83 107 106
sofa 0.0405 63 83 491 300
sofa 0.0341 325 72 485 302
sofa 0.0123 458 148 499 247
sofa 0.0080 446 86 501 234
sofa 0.0045 376 81 496 202
sofa 0.0022 415 125 488 194
sofa 0.0020 471 121 499 234
sofa 0.0020 413 104 495 252
sofa 0.0017 456 114 500 205
sofa 0.0011 470 171 497 254
sofa 0.0011 28 150 468 372
sofa 0.0011 326 0 488 216
pottedplant 0.6492 269 221 372 312
pottedplant 0.1804 300 42 376 94
pottedplant 0.1276 60 189 215 319
pottedplant 0.1151 294 231 344 312
pottedplant 0.0222 338 4 407 88
pottedplant 0.0118 331 -1 467 84
pottedplant 0.0104 321 -9 486 169
pottedplant 0.0104 63 83 491 300
pottedplant 0.0094 311 58 355 92
pottedplant 0.0076 166 175 288 352
pottedplant 0.0062 47 175 284 348
pottedplant 0.0042 302 266 338 314
pottedplant 0.0039 282 237 322 308
pottedplant 0.0038 376 7 502 115
pottedplant 0.0027 0 41 30 95
pottedplant 0.0026 293 37 332 92
pottedplant 0.0022 256 17 400 100
pottedplant 0.0021 1 54 10 97
pottedplant 0.0020 75 71 110 106
pottedplant 0.0019 451 105 499 251
pottedplant 0.0018 58 261 216 357
pottedplant 0.0018 153 49 186 100
pottedplant 0.0017 2 41 25 75
pottedplant 0.0015 184 63 233 97
pottedplant 0.0013 298 3 430 113
pottedplant 0.0012 83 54 104 83
pottedplant 0.0012 144 201 218 275
pottedplant 0.0012 29 188 184 282
pottedplant 0.0011 268 79 480 300
pottedplant 0.0010 474 105 498 214
pottedplant 0.0010 95 41 105 78
diningtable 0.0874 42 96 470 286
diningtable 0.0036 57 98 448 193
diningtable 0.0020 -16 154 455 370
diningtable 0.0018 85 86 423 142
tvmonitor 0.0014 0 41 30 95
