person 0.9975 -4 68 201 368
person 0.9149 223 164 486 371
person 0.0075 139 207 372 369
person 0.0028 29 203 469 377
person 0.0022 15 7 49 64
person 0.0018 2 244 122 359
person 0.0014 478 283 499 378
person 0.0013 57 12 80 58
person 0.0012 218 244 359 357
person 0.0010 0 146 19 288
bottle 0.0075 51 238 95 275
bottle 0.0042 57 12 80 58
bottle 0.0038 15 7 49 64
chair 0.1492 209 211 505 377
chair 0.0074 -1 142 195 375
chair 0.0070 178 206 341 339
chair 0.0021 420 223 495 360
chair 0.0019 218 244 359 357
chair 0.0014 423 219 491 282
chair 0.0011 259 201 462 329
chair 0.0010 480 215 499 371
sofa 0.8480 173 201 493 374
sofa 0.1838 178 206 341 339
sofa 0.0476 -1 142 195 375
sofa 0.0405 -11 186 440 363
sofa 0.0120 218 244 359 357
sofa 0.0089 244 248 478 358
sofa 0.0054 -14 48 273 391
sofa 0.0034 259 201 462 329
sofa 0.0023 420 223 495 360
sofa 0.0014 94 245 333 359
sofa 0.0012 190 195 473 280
sofa 0.0011 480 215 499 371
