person 0.0449 32 39 481 363
car 0.0137 173 34 280 115
car 0.0117 128 36 505 358
motorbike 0.0042 -7 74 450 368
boat 0.0129 126 56 501 380
cat 0.0035 80 125 493 381
cat 0.0016 168 105 344 193
dog 0.9321 89 63 485 373
dog 0.0127 105 120 330 338
dog 0.0122 143 90 441 290
dog 0.0069 123 172 283 272
dog 0.0048 168 105 344 193
dog 0.0039 159 132 331 235
dog 0.0017 154 161 255 223
horse 0.0068 -7 74 450 368
cow 0.4673 -7 74 450 368
cow 0.0176 105 120 330 338
cow 0.0084 123 172 283 272
cow 0.0041 145 147 281 239
cow 0.0026 160 157 204 223
cow 0.0016 154 161 255 223
bottle 0.0021 183 34 271 124
chair 0.0418 399 13 498 359
chair 0.0148 126 56 501 380
chair 0.0016 327 65 496 371
chair 0.0015 440 15 496 306
sofa 0.1278 126 56 501 380
diningtable 0.0015 128 36 505 358
tvmonitor 0.0011 128 36 505 358
