person 0.3457 115 21 258 455
person 0.0063 92 66 334 373
person 0.0052 16 234 303 489
person 0.0012 0 0 35 28
bird 0.0012 112 14 258 432
cat 0.0057 41 24 342 420
cat 0.0052 112 14 258 432
dog 0.0143 115 21 258 455
dog 0.0047 27 26 355 463
horse 0.0016 112 14 258 432
bottle 0.1640 112 14 258 432
bottle 0.0010 92 66 334 373
bottle 0.0010 77 177 306 244
chair 0.0385 89 169 150 243
chair 0.0240 239 169 381 261
chair 0.0082 242 141 302 178
chair 0.0068 92 168 354 246
chair 0.0058 214 169 305 239
chair 0.0044 198 109 226 176
chair 0.0014 215 150 249 214
sofa 0.1086 239 169 381 261
sofa 0.0059 92 168 354 246
sofa 0.0011 92 66 334 373
pottedplant 0.0016 41 24 342 420
diningtable 0.1722 0 209 361 498
