person 0.9960 -4 14 321 472
person 0.0022 131 412 246 496
person 0.0019 103 85 273 424
person 0.0017 146 292 300 499
person 0.0015 207 237 322 499
person 0.0013 90 232 268 494
bicycle 0.0085 50 9 374 486
bicycle 0.0016 103 85 273 424
motorbike 0.0032 26 69 331 497
horse 0.0075 10 60 308 506
bottle 0.0176 86 136 275 511
bottle 0.0067 131 412 246 496
bottle 0.0058 189 284 248 465
bottle 0.0035 199 296 237 383
bottle 0.0013 211 292 256 494
bottle 0.0010 159 274 237 438
bottle 0.0010 186 323 245 384
chair 0.0040 10 60 308 506
sofa 0.0383 26 69 331 497
sofa 0.0014 105 105 272 472
diningtable 0.0042 28 145 330 491
diningtable 0.0014 61 408 249 496
