person 0.9999 50 26 269 376
person 0.9914 253 103 404 365
person 0.9760 378 102 497 373
person 0.9522 6 99 76 368
person 0.9439 198 91 292 372
person 0.2091 404 4 496 160
person 0.0725 397 -1 497 295
person 0.0661 0 52 70 267
person 0.0557 441 2 499 351
person 0.0320 437 3 499 122
person 0.0164 395 53 478 188
person 0.0106 473 6 498 385
person 0.0106 203 92 285 222
person 0.0082 269 285 396 371
person 0.0035 489 79 498 390
person 0.0031 294 119 385 309
person 0.0023 320 19 493 369
person 0.0023 183 111 308 254
person 0.0018 484 72 498 281
person 0.0017 146 49 287 340
person 0.0016 477 66 497 210
person 0.0014 399 87 469 153
person 0.0013 466 -37 502 238
person 0.0013 0 53 30 381
person 0.0012 2 63 44 138
person 0.0010 2 227 63 366
car 0.0033 46 55 250 373
bottle 0.0012 249 183 259 196
bottle 0.0011 393 172 401 190
bottle 0.0010 394 168 402 180
chair 0.0149 269 285 396 371
chair 0.0120 5 114 81 384
chair 0.0114 46 55 250 373
chair 0.0108 271 242 316 298
chair 0.0036 236 291 275 372
chair 0.0024 377 152 399 179
chair 0.0020 252 125 409 375
chair 0.0020 11 248 72 373
chair 0.0013 267 231 324 360
chair 0.0012 11 90 175 363
sofa 0.0404 269 285 396 371
sofa 0.0273 255 138 470 368
sofa 0.0053 46 55 250 373
sofa 0.0036 280 250 433 365
sofa 0.0028 6 86 74 353
sofa 0.0021 272 292 400 336
sofa 0.0016 302 205 420 322
sofa 0.0012 271 242 316 298
