person 0.9885 409 117 439 181
person 0.0846 204 151 243 183
person 0.0076 495 163 499 180
person 0.0042 346 146 356 156
person 0.0040 411 117 427 174
person 0.0034 426 121 442 182
person 0.0028 335 145 347 153
person 0.0024 441 155 451 172
person 0.0022 200 143 273 181
person 0.0021 75 134 131 183
person 0.0020 278 138 286 146
person 0.0019 306 134 318 147
person 0.0016 496 155 499 173
person 0.0016 471 154 481 173
person 0.0014 441 163 451 176
person 0.0012 305 130 315 141
person 0.0012 318 140 327 149
person 0.0012 281 132 323 151
person 0.0010 451 155 461 171
car 0.0118 495 163 499 180
car 0.0066 493 172 499 186
car 0.0022 436 148 476 176
car 0.0013 496 155 499 173
car 0.0011 441 164 491 181
car 0.0010 440 172 492 184
boat 0.0031 204 151 243 183
bird 0.6449 204 148 243 182
bird 0.4086 75 134 131 183
bird 0.0486 6 135 135 187
bird 0.0054 200 143 273 181
bird 0.0017 92 148 130 177
bird 0.0016 2 136 131 258
bird 0.0012 227 157 240 169
cat 0.0080 204 148 243 182
dog 0.0109 204 148 243 182
dog 0.0031 406 115 436 178
horse 0.0011 406 115 436 178
