person 0.7913 159 222 179 253
person 0.1123 153 214 190 260
person 0.0767 77 254 83 260
person 0.0588 159 225 169 247
person 0.0350 167 218 188 255
person 0.0298 158 238 168 250
person 0.0206 173 237 186 254
person 0.0200 162 240 179 252
person 0.0078 167 251 192 258
person 0.0072 160 234 194 257
person 0.0065 154 226 173 257
person 0.0052 296 247 312 264
person 0.0040 160 223 166 235
person 0.0039 153 250 188 256
person 0.0036 2 89 11 114
person 0.0027 167 222 174 233
person 0.0025 145 232 182 257
person 0.0021 0 99 7 118
person 0.0020 292 245 303 263
person 0.0014 291 241 316 265
person 0.0014 309 247 317 262
person 0.0013 174 227 183 248
person 0.0013 -1 102 4 118
person 0.0013 147 252 175 260
car 0.0017 239 61 250 78
boat 0.5913 147 250 197 259
boat 0.2451 289 241 317 265
boat 0.1310 163 46 200 281
boat 0.0280 154 231 189 257
boat 0.0254 147 252 175 260
boat 0.0091 296 247 312 264
boat 0.0070 153 250 188 256
boat 0.0040 146 255 197 264
boat 0.0039 167 251 192 258
boat 0.0032 148 253 160 260
boat 0.0031 172 65 194 259
boat 0.0024 292 245 303 263
boat 0.0019 154 193 192 256
boat 0.0019 77 254 83 260
boat 0.0017 150 257 172 263
boat 0.0015 148 244 320 269
boat 0.0014 296 258 313 266
boat 0.0014 295 241 314 250
boat 0.0011 160 218 194 255
boat 0.0010 179 252 197 257
boat 0.0010 142 216 201 260
bird 0.1963 77 254 83 260
bird 0.0017 73 257 81 262
bird 0.0015 77 257 84 262
