bird 0.0011 331 112 353 132
dog 0.0111 99 161 238 249
dog 0.0106 437 91 497 135
dog 0.0088 423 128 502 206
dog 0.0063 153 151 202 180
dog 0.0049 270 95 323 148
dog 0.0028 268 117 397 218
dog 0.0025 178 141 289 226
dog 0.0016 332 109 406 154
dog 0.0016 331 112 353 132
horse 0.4167 436 94 496 141
horse 0.2553 415 125 503 208
horse 0.0519 268 117 397 218
horse 0.0204 160 139 282 233
horse 0.0170 331 109 408 164
horse 0.0082 270 95 323 148
horse 0.0038 99 161 238 249
horse 0.0015 434 108 503 172
horse 0.0011 490 96 500 141
horse 0.0010 478 103 500 187
sheep 0.9905 331 109 408 164
sheep 0.9749 270 131 397 220
sheep 0.9726 270 95 323 148
sheep 0.9713 160 139 282 233
sheep 0.9081 99 161 238 249
sheep 0.9021 414 133 500 212
sheep 0.7344 437 91 497 135
sheep 0.5074 153 151 202 180
sheep 0.0564 292 111 420 204
sheep 0.0442 147 151 251 209
sheep 0.0308 331 112 353 132
sheep 0.0241 267 101 282 118
sheep 0.0175 329 112 393 143
sheep 0.0157 154 152 179 179
sheep 0.0117 494 102 499 134
sheep 0.0100 490 96 500 141
sheep 0.0094 265 95 301 121
sheep 0.0078 137 182 161 194
sheep 0.0071 127 154 207 201
sheep 0.0057 331 110 369 134
sheep 0.0056 278 96 326 126
sheep 0.0054 203 147 300 212
sheep 0.0044 153 147 285 190
sheep 0.0043 493 91 499 185
sheep 0.0040 284 96 300 108
sheep 0.0034 268 103 331 215
sheep 0.0030 478 120 500 197
sheep 0.0030 162 152 209 170
sheep 0.0028 275 128 312 152
sheep 0.0025 299 98 325 138
sheep 0.0022 496 94 499 129
sheep 0.0021 374 112 410 168
sheep 0.0021 430 92 501 197
sheep 0.0019 449 129 500 199
sheep 0.0018 393 126 408 169
sheep 0.0017 496 109 498 145
sheep 0.0016 300 98 322 107
sheep 0.0015 99 177 193 230
sheep 0.0013 344 107 436 151
sheep 0.0012 0 142 2 150
sheep 0.0012 340 118 399 153
sheep 0.0011 271 99 289 117
sheep 0.0010 0 135 3 145
sheep 0.0010 290 87 445 157
cow 0.0608 416 128 501 210
cow 0.0158 160 139 282 233
cow 0.0116 99 161 238 249
cow 0.0107 437 91 497 135
cow 0.0095 268 117 397 218
cow 0.0070 270 95 323 148
cow 0.0017 331 109 408 164
