person 0.9870 469 273 498 344
person 0.4540 409 279 419 311
person 0.3740 121 262 155 293
person 0.2636 302 282 322 305
person 0.1033 370 283 387 298
person 0.0815 284 272 306 301
person 0.0558 238 290 253 301
person 0.0519 127 260 149 284
person 0.0314 130 263 146 278
person 0.0289 265 266 279 277
person 0.0274 146 263 167 292
person 0.0247 297 277 330 305
person 0.0227 284 272 298 290
person 0.0217 279 271 293 286
person 0.0192 288 268 311 293
person 0.0173 493 291 499 307
person 0.0171 258 291 270 303
person 0.0137 492 296 499 317
person 0.0132 285 276 299 295
person 0.0131 133 267 145 285
person 0.0130 263 270 282 282
person 0.0126 266 292 281 304
person 0.0104 496 305 500 323
person 0.0103 490 287 499 345
person 0.0097 489 279 499 319
person 0.0087 137 262 161 293
person 0.0085 494 283 497 295
person 0.0084 368 282 388 308
person 0.0079 200 265 210 276
person 0.0077 222 291 234 302
person 0.0072 245 291 259 302
person 0.0068 314 281 329 296
person 0.0068 190 274 343 337
person 0.0065 229 291 243 302
person 0.0061 122 263 139 275
person 0.0060 128 256 166 287
person 0.0059 475 277 498 319
person 0.0056 116 252 175 296
person 0.0052 189 272 208 304
person 0.0052 150 268 165 288
person 0.0046 148 264 185 294
person 0.0045 255 268 293 289
person 0.0044 294 277 308 296
person 0.0038 258 272 272 280
person 0.0038 157 264 176 295
person 0.0037 228 271 239 280
person 0.0037 474 294 496 337
person 0.0036 260 273 305 302
person 0.0036 305 274 316 286
person 0.0035 349 301 357 316
person 0.0033 277 265 293 276
person 0.0032 276 266 295 291
person 0.0028 227 261 242 278
person 0.0027 313 292 332 304
person 0.0027 324 281 336 297
person 0.0026 408 281 416 302
person 0.0026 6 134 204 346
person 0.0025 237 253 250 267
person 0.0024 151 263 165 277
person 0.0022 191 289 205 305
person 0.0022 275 292 291 304
person 0.0021 308 282 334 307
person 0.0020 239 286 252 296
person 0.0019 299 287 311 304
person 0.0019 250 274 261 281
person 0.0017 256 266 274 276
person 0.0017 215 276 339 309
person 0.0017 195 274 214 303
person 0.0016 173 279 185 295
person 0.0015 197 287 210 304
person 0.0015 282 264 304 274
person 0.0014 324 290 335 303
person 0.0013 221 272 232 280
person 0.0013 275 271 296 301
person 0.0013 159 269 172 289
person 0.0013 153 279 166 294
person 0.0012 294 281 316 307
person 0.0012 199 270 211 284
person 0.0011 123 270 140 286
person 0.0011 237 261 251 274
person 0.0010 225 287 265 305
person 0.0010 285 289 300 304
person 0.0010 279 279 293 292
person 0.0010 319 274 339 302
person 0.0010 125 270 169 300
bicycle 0.0035 475 310 494 343
bicycle 0.0014 229 249 318 293
bicycle 0.0013 474 294 496 337
car 0.9338 206 284 352 338
car 0.0277 198 277 234 302
car 0.0176 5 191 203 382
car 0.0072 215 276 339 309
car 0.0046 303 281 335 307
car 0.0029 190 276 294 307
car 0.0022 469 268 498 333
car 0.0021 253 274 296 301
car 0.0015 197 287 210 304
car 0.0014 202 283 246 307
car 0.0010 493 291 499 307
bus 0.9949 3 161 209 360
bus 0.0294 211 248 314 293
bus 0.0102 190 274 343 337
bus 0.0038 469 268 498 333
bus 0.0020 429 266 500 317
bus 0.0012 177 238 387 312
train 0.0054 6 134 204 346
train 0.0011 469 268 498 333
boat 0.0016 6 134 204 346
horse 0.0015 303 277 337 304
pottedplant 0.0012 229 249 318 293
