person 0.9464 173 17 413 294
person 0.2785 -3 4 441 305
person 0.0779 35 6 305 215
person 0.0122 222 0 486 369
person 0.0119 131 20 376 197
person 0.0102 37 76 305 305
person 0.0034 168 23 320 139
person 0.0032 66 52 205 166
person 0.0017 69 4 107 71
cat 0.0516 37 76 305 305
cat 0.0070 28 44 481 324
cat 0.0038 66 52 205 166
cat 0.0024 114 65 210 126
dog 0.4466 25 67 484 374
dog 0.2880 37 76 305 305
dog 0.0210 160 49 421 302
dog 0.0019 53 80 217 202
dog 0.0019 47 233 153 264
dog 0.0019 114 65 210 126
dog 0.0012 217 124 373 238
chair 0.0859 69 4 107 71
chair 0.0457 40 12 471 300
chair 0.0148 79 8 264 72
chair 0.0062 127 36 388 270
chair 0.0047 180 49 475 382
chair 0.0034 72 19 107 54
chair 0.0033 23 9 256 212
chair 0.0024 72 21 91 71
chair 0.0019 72 7 272 129
chair 0.0018 7 8 91 67
chair 0.0010 28 69 258 299
sofa 0.5136 40 12 471 300
sofa 0.0605 222 0 486 369
sofa 0.0258 127 36 388 270
sofa 0.0026 175 12 475 212
sofa 0.0026 26 128 484 383
sofa 0.0021 40 32 299 264
