person 0.9951 65 214 237 499
person 0.4321 42 118 260 398
person 0.1774 76 97 353 491
person 0.0121 291 253 375 454
person 0.0019 1 200 88 357
cat 0.0024 51 205 302 505
bottle 0.1579 322 171 351 246
bottle 0.0016 105 415 175 461
chair 0.8097 37 134 328 496
chair 0.0521 57 283 246 502
chair 0.0139 1 339 59 496
chair 0.0078 1 340 57 384
chair 0.0024 291 253 375 454
chair 0.0020 28 182 212 468
chair 0.0018 68 398 223 490
chair 0.0017 -2 152 101 222
chair 0.0013 314 388 375 430
chair 0.0010 312 166 376 242
chair 0.0010 0 241 81 387
sofa 0.6031 18 112 299 482
sofa 0.0203 290 236 374 436
sofa 0.0025 99 112 344 401
sofa 0.0020 32 220 211 497
sofa 0.0010 0 230 81 361
sofa 0.0010 17 118 285 313
diningtable 0.0794 1 206 92 247
diningtable 0.0735 1 200 88 357
diningtable 0.0276 312 219 377 270
diningtable 0.0024 297 169 373 389
diningtable 0.0023 0 346 53 379
diningtable 0.0018 326 179 365 249
diningtable 0.0016 2 156 92 287
diningtable 0.0013 3 223 87 289
diningtable 0.0012 1 339 59 496
diningtable 0.0010 310 234 383 259
