person 0.0561 470 -19 500 367
person 0.0025 451 42 498 340
bird 0.0015 217 67 253 97
cat 0.0011 306 135 354 163
chair 0.9905 265 180 375 319
chair 0.2735 416 191 481 318
chair 0.2350 88 135 158 246
chair 0.2266 312 161 372 260
chair 0.2021 415 253 481 324
chair 0.1620 98 189 159 243
chair 0.0670 320 164 366 202
chair 0.0294 395 195 474 268
chair 0.0272 333 197 462 334
chair 0.0237 328 162 418 303
chair 0.0234 394 195 428 272
chair 0.0168 349 196 469 237
chair 0.0142 388 184 423 201
chair 0.0130 37 213 168 328
chair 0.0129 315 180 391 241
chair 0.0115 326 173 468 251
chair 0.0104 420 221 479 282
chair 0.0086 143 245 175 332
chair 0.0050 380 195 413 273
chair 0.0049 60 184 179 296
chair 0.0048 124 245 166 333
chair 0.0047 430 184 472 256
chair 0.0046 105 190 150 214
chair 0.0041 120 201 156 241
chair 0.0035 333 159 411 206
chair 0.0034 389 241 428 273
chair 0.0033 86 134 118 208
chair 0.0025 53 187 151 246
chair 0.0024 400 197 419 228
chair 0.0021 399 197 420 206
chair 0.0019 33 304 87 332
chair 0.0019 82 243 166 336
chair 0.0018 63 170 151 225
chair 0.0017 433 232 476 267
chair 0.0015 264 195 331 268
chair 0.0015 454 187 480 280
chair 0.0015 44 162 159 268
chair 0.0013 11 290 89 334
chair 0.0013 269 181 363 246
chair 0.0013 259 188 302 281
chair 0.0012 415 188 455 251
chair 0.0011 410 198 421 207
chair 0.0010 75 143 147 207
pottedplant 0.6110 35 178 160 311
pottedplant 0.0509 34 232 71 315
pottedplant 0.0338 85 250 163 335
pottedplant 0.0156 42 182 133 250
pottedplant 0.0069 34 209 103 328
pottedplant 0.0058 120 201 156 241
pottedplant 0.0050 306 135 354 163
pottedplant 0.0050 45 254 82 321
pottedplant 0.0048 0 169 7 249
pottedplant 0.0044 24 187 79 317
pottedplant 0.0043 64 242 145 304
pottedplant 0.0042 86 254 126 331
pottedplant 0.0037 65 233 103 313
pottedplant 0.0035 98 189 159 243
pottedplant 0.0027 124 245 166 333
pottedplant 0.0024 44 264 65 312
pottedplant 0.0024 33 157 104 278
pottedplant 0.0022 43 208 82 299
pottedplant 0.0021 75 132 147 252
pottedplant 0.0021 0 202 3 236
pottedplant 0.0020 65 263 81 310
pottedplant 0.0017 35 191 69 283
pottedplant 0.0017 37 172 99 225
pottedplant 0.0016 0 190 2 230
pottedplant 0.0014 86 134 118 208
pottedplant 0.0013 0 215 3 241
pottedplant 0.0011 71 282 146 333
pottedplant 0.0011 25 291 97 334
pottedplant 0.0010 281 31 353 168
pottedplant 0.0010 63 170 151 225
diningtable 0.7797 331 194 464 314
diningtable 0.2610 326 199 465 239
diningtable 0.0251 326 173 468 251
diningtable 0.0015 320 164 366 202
diningtable 0.0015 328 162 418 303
diningtable 0.0012 315 180 391 241
