person 0.0019 466 148 499 199
person 0.0011 80 154 108 180
person 0.0011 476 156 500 188
person 0.0010 208 162 238 208
car 0.0082 458 149 498 184
bird 0.1233 81 156 107 182
bird 0.0278 20 193 43 224
bird 0.0241 55 187 93 219
bird 0.0032 205 162 239 208
bird 0.0014 22 194 40 212
bird 0.0012 41 217 127 274
bird 0.0012 22 191 59 217
cat 0.0151 79 154 108 183
cat 0.0066 55 187 93 219
cat 0.0015 458 149 498 184
cat 0.0010 205 162 239 208
dog 0.0753 41 217 127 274
dog 0.0489 55 187 93 219
dog 0.0454 205 162 239 208
dog 0.0358 79 154 108 183
dog 0.0216 458 152 499 187
dog 0.0031 29 181 96 222
dog 0.0018 20 191 52 225
dog 0.0013 476 156 500 188
horse 0.0582 458 152 499 187
horse 0.0533 205 162 239 208
horse 0.0200 41 217 127 274
horse 0.0026 476 156 500 188
horse 0.0017 55 187 93 219
sheep 0.2279 41 217 127 274
sheep 0.2151 205 162 239 208
sheep 0.1890 55 187 93 219
sheep 0.1122 458 152 499 187
sheep 0.1032 81 156 107 182
sheep 0.0236 29 181 96 222
sheep 0.0157 20 191 52 225
sheep 0.0123 476 156 500 188
sheep 0.0056 55 189 76 218
sheep 0.0046 15 188 86 232
sheep 0.0027 492 160 499 185
sheep 0.0025 459 161 471 182
sheep 0.0019 73 242 86 259
sheep 0.0017 42 220 62 236
sheep 0.0015 41 193 84 224
sheep 0.0015 491 169 497 194
sheep 0.0015 57 192 71 209
sheep 0.0011 494 151 499 177
cow 0.9170 43 213 125 270
cow 0.7528 208 162 238 207
cow 0.5916 458 152 499 187
cow 0.1659 55 187 93 219
cow 0.1365 79 154 108 183
cow 0.0541 20 191 52 225
cow 0.0364 476 156 500 188
cow 0.0314 29 181 96 222
cow 0.0111 15 188 86 232
cow 0.0052 492 160 499 185
cow 0.0040 459 161 471 182
cow 0.0034 457 156 476 184
cow 0.0025 41 216 64 239
cow 0.0022 55 189 76 218
cow 0.0021 494 151 499 177
cow 0.0018 491 169 497 194
cow 0.0017 486 160 499 202
cow 0.0015 41 193 84 224
cow 0.0015 488 145 498 185
cow 0.0011 480 165 494 180
cow 0.0010 22 194 40 212
cow 0.0010 461 157 472 173
cow 0.0010 469 157 481 170
