person 0.9996 228 80 493 372
person 0.1377 216 203 223 217
person 0.0528 70 120 514 339
person 0.0307 206 204 224 237
person 0.0133 218 205 230 219
person 0.0132 65 197 76 211
person 0.0128 212 208 223 229
person 0.0093 58 197 69 210
person 0.0093 181 160 190 169
person 0.0075 451 207 464 219
person 0.0073 228 204 244 217
person 0.0067 159 157 174 168
person 0.0060 48 198 58 210
person 0.0041 0 199 3 224
person 0.0039 412 208 423 214
person 0.0038 1 208 3 231
person 0.0037 77 196 87 210
person 0.0035 432 208 441 215
person 0.0031 206 228 221 240
person 0.0030 204 226 214 239
person 0.0026 219 214 230 224
person 0.0020 458 206 467 221
person 0.0019 250 203 256 217
person 0.0019 236 204 251 217
person 0.0019 423 209 432 215
person 0.0016 174 160 185 169
person 0.0016 0 181 4 280
person 0.0015 458 211 468 228
person 0.0015 16 141 217 249
person 0.0014 197 210 235 234
person 0.0014 0 203 1 257
person 0.0014 193 210 202 231
person 0.0013 213 200 222 210
person 0.0012 10 213 16 225
person 0.0011 0 206 1 273
person 0.0011 441 209 453 216
person 0.0011 227 225 240 238
person 0.0010 190 224 200 236
person 0.0010 494 186 498 196
car 0.9760 404 205 467 233
car 0.2034 424 203 469 225
car 0.0722 218 200 254 219
car 0.0547 228 204 244 217
car 0.0148 218 205 230 219
car 0.0112 236 204 251 217
car 0.0068 392 211 473 241
car 0.0036 451 207 464 219
car 0.0028 226 200 245 210
car 0.0027 216 203 223 217
car 0.0027 192 207 199 215
car 0.0025 446 205 468 231
car 0.0023 15 161 197 255
car 0.0019 236 57 488 339
car 0.0015 197 210 235 234
car 0.0013 219 214 230 224
car 0.0013 228 214 242 222
car 0.0013 198 207 219 236
car 0.0013 239 199 251 209
car 0.0012 213 200 222 210
car 0.0011 412 208 423 214
car 0.0011 1 208 3 231
bus 0.9990 14 139 201 252
train 0.0011 16 141 217 249
pottedplant 0.0020 227 225 240 238
