person 0.9203 261 50 347 162
person 0.1116 204 56 237 112
person 0.0426 251 42 470 193
person 0.0045 111 46 130 72
person 0.0016 139 43 176 76
person 0.0012 151 61 166 76
person 0.0011 474 87 499 193
person 0.0010 373 143 386 160
bird 0.0059 103 6 138 38
bird 0.0016 86 6 162 42
bottle 0.0640 348 294 393 375
chair 0.6166 1 293 204 367
chair 0.0023 -2 266 135 357
chair 0.0020 1 297 28 370
chair 0.0011 474 87 499 193
chair 0.0010 2 299 91 371
pottedplant 0.0255 -2 5 25 82
diningtable 0.0171 25 225 397 374
diningtable 0.0040 474 87 499 193
tvmonitor 0.9759 4 105 112 219
tvmonitor 0.2211 251 42 470 193
tvmonitor 0.1450 130 152 262 278
tvmonitor 0.0535 262 50 364 168
tvmonitor 0.0456 349 44 469 156
tvmonitor 0.0052 277 101 448 187
tvmonitor 0.0046 349 127 437 178
tvmonitor 0.0011 451 283 501 370
