person 0.8783 446 299 463 348
person 0.5964 484 311 499 363
person 0.0533 491 312 499 325
person 0.0434 442 302 455 346
person 0.0305 485 330 499 377
person 0.0265 490 317 499 333
person 0.0086 452 304 458 313
person 0.0072 441 295 468 357
person 0.0062 493 333 499 356
person 0.0059 485 304 500 335
person 0.0055 447 305 452 313
person 0.0050 493 325 499 346
person 0.0048 420 299 432 337
person 0.0044 122 229 132 238
person 0.0038 447 298 463 324
person 0.0037 451 309 461 324
person 0.0036 493 353 500 375
person 0.0035 422 302 429 331
person 0.0024 495 340 499 370
person 0.0024 116 232 128 241
person 0.0022 445 308 452 323
person 0.0012 482 337 492 350
person 0.0012 156 304 422 370
aeroplane 0.0161 160 33 470 354
train 0.0023 160 33 470 354
train 0.0013 146 174 296 292
train 0.0011 137 217 286 310
boat 0.0086 160 33 470 354
boat 0.0011 140 73 368 302
bird 0.0010 122 229 132 238
chair 0.0022 118 244 156 306
chair 0.0015 256 327 293 366
pottedplant 0.0053 116 29 470 350
pottedplant 0.0010 175 232 261 279
pottedplant 0.0010 137 217 286 310
