person 0.0124 72 65 507 317
bicycle 0.0039 72 65 507 317
car 0.0213 72 65 507 317
car 0.0109 0 85 91 261
car 0.0019 492 150 499 209
car 0.0015 494 149 499 175
car 0.0011 2 94 84 117
motorbike 0.0019 72 65 507 317
bus 0.9745 72 23 504 302
bus 0.2575 0 81 91 241
bus 0.0113 2 93 87 140
bus 0.0011 492 150 499 209
train 0.0066 0 81 91 241
train 0.0056 119 5 507 278
train 0.0011 492 150 499 209
boat 0.0082 72 65 507 317
horse 0.0012 0 85 91 261
pottedplant 0.0013 0 81 91 241
diningtable 0.0012 72 65 507 317
