person 0.9698 173 191 262 371
person 0.2949 152 186 187 259
person 0.0460 249 210 268 239
person 0.0216 195 192 269 294
person 0.0113 258 214 268 235
person 0.0113 240 217 272 299
person 0.0112 156 204 188 309
person 0.0104 186 211 208 241
person 0.0103 284 118 332 511
person 0.0096 250 210 264 227
person 0.0078 247 226 267 264
person 0.0075 150 182 195 336
person 0.0060 215 191 281 331
person 0.0057 152 191 171 321
person 0.0053 157 189 180 242
person 0.0052 181 218 202 252
person 0.0050 256 215 287 303
person 0.0045 179 193 211 253
person 0.0040 240 219 250 232
person 0.0034 235 206 245 227
person 0.0033 237 217 245 231
person 0.0032 95 106 106 120
person 0.0030 260 210 269 226
person 0.0026 251 226 264 242
person 0.0023 256 237 273 290
person 0.0021 90 104 111 140
person 0.0019 204 218 215 233
person 0.0018 175 217 206 296
person 0.0017 146 166 201 279
person 0.0017 251 236 263 252
person 0.0017 257 212 271 254
person 0.0016 153 192 168 258
person 0.0015 178 227 199 261
person 0.0015 184 218 199 236
person 0.0014 140 153 284 364
person 0.0013 200 220 222 251
person 0.0013 260 242 286 354
person 0.0013 183 8 243 57
person 0.0013 192 217 205 237
person 0.0012 194 191 231 253
person 0.0011 199 209 218 241
person 0.0010 203 225 215 241
person 0.0010 178 138 207 199
person 0.0010 146 170 178 243
bicycle 0.0325 237 158 277 194
bicycle 0.0122 239 141 293 194
bicycle 0.0021 173 238 261 387
car 0.0016 256 215 287 303
car 0.0015 168 204 283 380
motorbike 0.9768 172 204 261 388
motorbike 0.0491 239 141 293 194
motorbike 0.0054 256 237 273 290
motorbike 0.0038 237 158 277 194
motorbike 0.0026 249 234 268 274
motorbike 0.0012 257 151 292 186
horse 0.0016 157 236 276 386
