person 0.0010 97 131 459 370
bottle 0.0011 39 34 51 45
chair 0.9336 356 19 429 139
chair 0.7802 136 129 445 375
chair 0.7079 440 16 498 226
chair 0.1072 80 65 412 167
chair 0.0691 47 84 282 363
chair 0.0608 465 34 501 241
chair 0.0265 419 17 489 147
chair 0.0223 348 31 467 164
chair 0.0198 481 16 498 224
chair 0.0139 481 26 500 135
chair 0.0128 418 33 451 138
chair 0.0071 489 17 499 99
chair 0.0068 405 32 469 209
chair 0.0063 427 31 466 130
chair 0.0062 387 12 493 265
chair 0.0054 450 20 495 108
chair 0.0051 477 109 498 244
chair 0.0046 39 32 443 279
chair 0.0035 448 93 500 255
chair 0.0032 490 48 498 142
chair 0.0021 236 58 402 154
chair 0.0015 138 7 275 110
chair 0.0014 479 30 498 87
chair 0.0012 458 75 494 205
chair 0.0010 357 21 426 70
sofa 0.9244 50 85 450 366
sofa 0.1301 46 91 234 355
sofa 0.1014 80 65 412 167
sofa 0.0043 39 57 400 235
sofa 0.0015 440 16 498 226
sofa 0.0010 236 58 402 154
diningtable 0.0113 415 45 434 54
diningtable 0.0085 419 17 489 147
diningtable 0.0082 1 40 97 202
diningtable 0.0055 354 23 455 136
diningtable 0.0045 440 14 491 27
diningtable 0.0044 418 33 451 138
diningtable 0.0036 410 6 497 45
diningtable 0.0033 437 18 494 36
diningtable 0.0033 416 50 435 59
diningtable 0.0030 450 20 495 108
diningtable 0.0020 344 26 482 63
diningtable 0.0019 432 24 470 105
diningtable 0.0017 2 41 94 79
diningtable 0.0017 447 17 467 24
diningtable 0.0016 428 24 484 51
diningtable 0.0016 407 19 501 66
diningtable 0.0015 440 16 498 226
diningtable 0.0014 415 32 437 62
diningtable 0.0013 452 17 477 24
diningtable 0.0012 412 38 479 56
diningtable 0.0011 465 34 501 241
diningtable 0.0011 97 131 459 370
diningtable 0.0010 356 12 510 41
diningtable 0.0010 381 16 498 227
diningtable 0.0010 476 81 499 232
tvmonitor 0.0014 2 10 63 48
tvmonitor 0.0013 52 132 454 368
