person 0.9973 124 339 157 449
person 0.9910 158 341 188 438
person 0.9890 185 342 215 447
person 0.9840 212 346 248 466
person 0.9765 203 312 244 369
person 0.9191 241 345 269 444
person 0.8353 263 330 308 468
person 0.6686 143 337 167 439
person 0.5660 204 343 230 450
person 0.3747 260 336 292 450
person 0.2065 262 324 292 388
person 0.1249 264 322 290 361
person 0.0481 208 344 229 379
person 0.0334 158 340 168 361
person 0.0239 281 346 310 406
person 0.0233 153 339 168 379
person 0.0143 188 322 250 380
person 0.0141 150 344 162 415
person 0.0130 241 357 261 404
person 0.0122 240 342 256 377
person 0.0101 242 349 253 370
person 0.0098 247 348 267 391
person 0.0090 261 346 280 397
person 0.0089 154 347 168 410
person 0.0083 165 342 187 380
person 0.0079 291 344 323 410
person 0.0071 272 326 308 394
person 0.0070 226 352 236 367
person 0.0064 216 341 246 412
person 0.0059 294 347 315 397
person 0.0049 243 341 253 360
person 0.0042 169 342 179 358
person 0.0041 191 351 208 390
person 0.0040 225 337 280 458
person 0.0039 238 349 248 371
person 0.0037 203 360 219 399
person 0.0035 150 343 207 444
person 0.0035 233 344 250 376
person 0.0032 210 352 227 407
person 0.0030 263 325 278 374
person 0.0029 313 340 345 412
person 0.0027 171 346 188 393
person 0.0024 284 346 292 354
person 0.0024 159 352 166 365
person 0.0024 243 323 272 390
person 0.0021 206 352 214 366
person 0.0017 216 350 226 367
person 0.0016 177 341 187 362
person 0.0014 246 334 255 351
person 0.0014 214 344 229 362
person 0.0013 119 329 151 395
person 0.0013 267 336 287 383
person 0.0012 31 -1 326 353
person 0.0012 208 347 250 374
person 0.0011 222 352 241 386
person 0.0011 163 347 286 452
person 0.0010 255 353 263 369
bus 0.0035 14 -12 306 424
train 0.0044 34 -7 319 418
bottle 0.0019 171 368 177 374
bottle 0.0019 168 373 179 384
bottle 0.0017 191 365 196 376
bottle 0.0016 195 374 205 384
chair 0.0010 204 316 243 361
pottedplant 0.0033 179 192 215 248
