person 0.9984 136 10 266 369
person 0.9811 376 156 496 375
person 0.7621 2 7 110 135
person 0.0285 48 9 118 147
person 0.0219 0 0 64 99
person 0.0166 0 4 18 118
person 0.0150 1 13 60 185
person 0.0130 137 7 223 78
person 0.0063 0 0 13 201
person 0.0061 -2 14 274 372
person 0.0060 0 142 12 365
person 0.0060 1 50 25 381
person 0.0051 441 180 497 369
person 0.0046 52 69 114 143
person 0.0046 -1 1 135 215
person 0.0042 0 11 9 83
person 0.0035 1 88 14 304
person 0.0026 1 44 48 312
person 0.0024 0 75 63 135
person 0.0023 138 10 263 129
person 0.0023 62 1 104 84
person 0.0016 4 103 24 215
person 0.0016 2 58 18 221
person 0.0016 0 -21 25 260
person 0.0016 0 32 7 119
person 0.0014 25 3 102 83
car 0.0020 137 55 274 370
aeroplane 0.0027 137 55 274 370
bus 0.0129 -2 14 274 372
bus 0.0022 137 55 274 370
bus 0.0011 -1 1 135 215
train 0.0017 133 32 272 280
train 0.0011 -2 14 274 372
boat 0.0147 137 55 274 370
boat 0.0013 -2 14 274 372
chair 0.0103 137 55 274 370
chair 0.0014 1 94 63 142
chair 0.0011 0 34 132 167
tvmonitor 0.0099 326 7 493 132
