person 0.9967 -2 79 30 162
person 0.3450 259 130 310 160
person 0.0831 114 143 156 178
person 0.0307 291 140 313 164
person 0.0256 269 140 315 165
person 0.0216 288 141 301 155
person 0.0100 257 126 290 151
person 0.0082 256 128 268 140
person 0.0044 288 141 332 170
person 0.0040 0 73 3 101
person 0.0034 139 142 154 155
person 0.0029 0 91 2 123
person 0.0027 0 68 6 145
person 0.0022 0 85 2 110
person 0.0017 256 136 329 170
person 0.0012 311 74 319 79
person 0.0011 0 96 1 135
person 0.0010 138 141 155 170
person 0.0010 264 130 281 142
person 0.0010 285 136 305 159
person 0.0010 275 140 289 150
boat 0.0663 359 47 384 52
boat 0.0180 357 48 365 52
boat 0.0062 350 45 393 53
boat 0.0040 259 130 310 160
boat 0.0012 383 48 390 50
bird 0.0597 259 130 310 160
bird 0.0546 311 74 319 79
bird 0.0179 256 128 268 140
bird 0.0078 257 126 290 151
bird 0.0030 288 141 301 155
bird 0.0024 313 74 321 79
bird 0.0016 291 140 313 164
bird 0.0015 264 130 281 142
bird 0.0013 139 142 154 155
cat 0.0017 115 141 155 176
cat 0.0014 139 142 154 155
dog 0.9985 41 132 104 175
dog 0.9650 115 141 155 176
dog 0.0992 259 130 310 160
dog 0.0357 139 142 154 155
dog 0.0057 256 128 268 140
dog 0.0046 138 141 155 170
dog 0.0040 38 141 166 180
dog 0.0036 135 144 150 154
dog 0.0033 257 126 290 151
dog 0.0032 88 150 156 176
dog 0.0024 118 145 144 170
dog 0.0023 269 140 315 165
dog 0.0016 288 141 301 155
dog 0.0016 -1 126 106 167
dog 0.0015 119 140 154 159
dog 0.0014 0 156 48 171
dog 0.0011 131 147 148 159
dog 0.0010 41 160 166 190
horse 0.0671 253 130 315 165
horse 0.0095 256 129 294 157
horse 0.0024 41 135 102 174
horse 0.0018 111 142 154 175
sheep 0.0039 253 130 315 165
sheep 0.0010 114 143 156 178
cow 0.0043 259 130 310 160
