person 0.9311 11 120 87 229
person 0.5923 406 118 427 170
person 0.5277 453 110 475 160
person 0.2136 435 116 455 149
person 0.2092 40 115 85 214
person 0.2063 435 116 468 170
person 0.1448 440 116 452 133
person 0.1207 449 112 468 140
person 0.1204 450 114 461 131
person 0.0493 413 116 448 175
person 0.0484 397 121 436 194
person 0.0349 427 121 448 166
person 0.0307 458 111 471 124
person 0.0300 459 115 471 131
person 0.0206 440 123 452 141
person 0.0200 494 112 499 138
person 0.0155 489 108 499 162
person 0.0114 450 124 461 143
person 0.0102 444 113 453 124
person 0.0100 431 125 445 141
person 0.0094 494 106 498 126
person 0.0091 495 117 498 152
person 0.0084 428 114 450 141
person 0.0082 416 126 457 194
person 0.0079 448 120 468 165
person 0.0076 435 118 446 133
person 0.0075 411 118 423 133
person 0.0068 401 124 421 162
person 0.0062 0 186 19 323
person 0.0052 439 115 475 151
person 0.0050 466 116 487 154
person 0.0048 405 127 414 142
person 0.0039 406 112 426 141
person 0.0035 469 118 481 132
person 0.0033 495 128 499 159
person 0.0032 403 136 412 151
person 0.0032 474 118 498 152
person 0.0026 0 145 94 289
person 0.0023 299 153 338 194
person 0.0023 402 118 434 151
person 0.0021 442 117 496 169
person 0.0017 492 87 500 145
person 0.0017 2 144 20 254
person 0.0016 456 113 493 140
person 0.0015 471 126 483 141
person 0.0014 477 118 494 131
person 0.0013 476 129 500 180
person 0.0013 0 165 7 275
person 0.0013 453 108 474 129
person 0.0012 0 158 9 228
person 0.0011 413 126 422 139
person 0.0010 0 183 11 222
person 0.0010 371 132 406 161
person 0.0010 497 95 499 119
person 0.0010 338 142 360 167
person 0.0010 299 152 321 179
bicycle 0.0053 484 127 499 181
bicycle 0.0040 0 197 18 349
bicycle 0.0028 1 192 105 306
bicycle 0.0013 455 131 499 179
bicycle 0.0013 471 118 499 175
car 0.0356 0 175 99 304
car 0.0095 474 118 498 152
car 0.0079 489 108 499 162
car 0.0078 494 112 499 138
car 0.0036 469 114 498 139
car 0.0035 484 127 499 181
car 0.0029 477 118 494 131
car 0.0027 495 117 498 152
car 0.0017 0 248 16 372
car 0.0017 471 123 499 182
car 0.0015 494 106 498 126
car 0.0014 455 116 495 151
car 0.0013 0 186 19 323
car 0.0010 449 111 480 139
motorbike 0.9946 86 156 197 285
motorbike 0.9866 190 157 259 262
motorbike 0.9849 360 139 430 211
motorbike 0.9628 265 142 336 239
motorbike 0.9462 318 131 402 232
motorbike 0.9290 427 126 464 194
motorbike 0.8642 2 177 102 301
motorbike 0.7281 397 121 436 194
motorbike 0.6739 453 124 492 182
motorbike 0.6319 471 123 499 182
motorbike 0.4205 235 159 276 227
motorbike 0.2519 484 127 499 181
motorbike 0.1933 224 155 267 214
motorbike 0.0770 272 141 388 230
motorbike 0.0675 453 117 475 167
motorbike 0.0458 243 130 313 237
motorbike 0.0425 405 138 460 201
motorbike 0.0321 336 129 418 201
motorbike 0.0306 374 107 444 209
motorbike 0.0305 405 126 427 179
motorbike 0.0303 149 154 212 285
motorbike 0.0288 284 145 345 213
motorbike 0.0252 259 137 301 224
motorbike 0.0194 495 128 499 159
motorbike 0.0192 435 139 458 189
motorbike 0.0190 425 127 447 179
motorbike 0.0190 435 116 468 170
motorbike 0.0174 474 118 498 152
motorbike 0.0168 233 165 274 199
motorbike 0.0154 489 108 499 162
motorbike 0.0153 231 170 257 213
motorbike 0.0116 226 160 268 188
motorbike 0.0111 389 140 426 170
motorbike 0.0088 228 139 289 247
motorbike 0.0083 0 186 19 323
motorbike 0.0082 371 140 409 165
motorbike 0.0079 495 117 498 152
motorbike 0.0078 371 158 418 224
motorbike 0.0076 448 120 468 165
motorbike 0.0074 349 140 403 216
motorbike 0.0069 496 129 499 176
motorbike 0.0069 464 132 487 174
motorbike 0.0068 161 162 201 230
motorbike 0.0058 299 153 338 194
motorbike 0.0057 445 142 464 183
motorbike 0.0052 375 145 421 178
motorbike 0.0050 400 144 415 159
motorbike 0.0043 186 146 317 237
motorbike 0.0043 190 154 259 211
motorbike 0.0034 169 177 202 206
motorbike 0.0034 2 121 99 243
motorbike 0.0031 408 150 430 194
motorbike 0.0028 261 170 282 212
motorbike 0.0027 383 169 429 212
motorbike 0.0026 366 114 425 172
motorbike 0.0024 391 146 407 159
motorbike 0.0024 398 144 422 178
motorbike 0.0024 385 151 429 192
motorbike 0.0023 330 142 381 218
motorbike 0.0021 163 162 239 293
motorbike 0.0020 41 138 231 300
motorbike 0.0020 174 183 200 220
motorbike 0.0019 46 244 93 306
motorbike 0.0019 403 136 412 151
motorbike 0.0018 380 130 413 162
motorbike 0.0017 145 160 188 231
motorbike 0.0017 455 116 495 151
motorbike 0.0017 494 142 499 182
motorbike 0.0017 103 151 233 248
motorbike 0.0016 254 181 276 219
motorbike 0.0016 379 146 400 159
motorbike 0.0015 183 159 219 240
motorbike 0.0014 411 154 424 172
motorbike 0.0014 240 180 265 220
motorbike 0.0014 422 126 455 159
motorbike 0.0013 419 142 439 183
motorbike 0.0013 229 121 437 199
motorbike 0.0013 401 116 465 171
motorbike 0.0012 478 135 494 152
motorbike 0.0012 0 165 7 275
motorbike 0.0012 459 134 471 153
motorbike 0.0012 427 144 447 197
motorbike 0.0012 370 145 388 159
motorbike 0.0012 0 172 88 222
motorbike 0.0011 2 183 40 218
motorbike 0.0011 449 145 464 163
motorbike 0.0010 478 125 493 142
motorbike 0.0010 369 119 499 195
motorbike 0.0010 0 181 58 320
motorbike 0.0010 441 134 453 151
motorbike 0.0010 84 120 416 189
boat 0.0050 0 175 99 304
horse 0.0023 0 175 99 304
chair 0.0038 0 197 18 349
chair 0.0026 1 192 105 306
pottedplant 0.0091 406 93 426 122
