person 0.0013 361 64 378 83
person 0.0010 477 135 497 258
bicycle 0.0014 413 156 498 345
bottle 0.0011 201 285 214 307
chair 0.0599 37 202 335 371
chair 0.0446 439 107 498 251
chair 0.0379 284 152 490 359
chair 0.0280 414 151 497 284
chair 0.0122 439 110 499 172
chair 0.0017 477 135 497 258
chair 0.0017 439 147 500 207
chair 0.0016 439 51 499 194
chair 0.0013 279 139 437 245
chair 0.0011 477 172 498 299
sofa 0.0105 35 177 332 371
diningtable 0.1175 411 155 500 309
diningtable 0.0254 440 120 499 277
diningtable 0.0052 448 150 501 180
diningtable 0.0022 453 166 500 196
diningtable 0.0020 439 147 500 207
diningtable 0.0016 416 161 494 231
diningtable 0.0016 253 194 495 381
diningtable 0.0012 45 199 347 372
diningtable 0.0011 477 148 498 283
diningtable 0.0010 438 116 499 193
