person 0.9994 203 122 281 230
person 0.0072 74 191 517 382
person 0.0041 414 183 453 251
person 0.0023 141 131 301 244
person 0.0019 138 155 177 190
person 0.0017 341 193 408 244
person 0.0013 37 129 375 322
person 0.0011 319 209 391 254
person 0.0010 372 199 412 263
car 0.9805 67 147 518 381
car 0.9298 -2 124 333 329
car 0.0381 194 130 295 233
car 0.0015 437 136 500 184
car 0.0012 3 98 96 138
bus 0.0128 335 70 486 149
bus 0.0017 12 122 425 332
bus 0.0012 352 67 478 106
train 0.0133 335 70 486 149
train 0.0012 352 67 478 106
