person 0.7805 172 167 239 273
person 0.0723 133 175 323 270
person 0.0394 206 55 239 112
person 0.0031 212 56 233 98
person 0.0017 488 204 500 381
person 0.0013 1 329 67 373
person 0.0012 180 169 228 237
bicycle 0.0038 204 79 245 115
bird 0.0010 212 58 235 112
dog 0.0012 204 79 245 115
horse 0.0055 206 55 239 112
horse 0.0023 204 79 245 115
bottle 0.0114 212 240 222 257
bottle 0.0062 213 235 222 247
bottle 0.0038 219 240 230 257
bottle 0.0035 247 240 261 254
bottle 0.0024 287 276 303 323
bottle 0.0016 200 244 211 255
bottle 0.0016 185 217 194 226
bottle 0.0014 248 237 263 248
bottle 0.0011 218 236 229 248
chair 0.5737 35 235 175 366
chair 0.0647 404 258 426 362
chair 0.0328 1 329 67 373
chair 0.0122 -1 355 71 378
chair 0.0104 54 229 91 245
chair 0.0099 48 235 116 284
chair 0.0080 133 175 323 270
chair 0.0046 0 242 131 359
chair 0.0038 406 260 426 311
chair 0.0018 -1 274 67 383
chair 0.0017 135 197 181 277
chair 0.0014 412 310 424 360
chair 0.0014 59 231 84 242
chair 0.0014 62 240 107 277
chair 0.0013 0 287 25 378
chair 0.0012 173 221 201 285
chair 0.0011 -6 297 123 371
chair 0.0011 0 350 32 376
sofa 0.9851 139 174 335 273
sofa 0.8199 35 235 175 366
sofa 0.0219 1 329 67 373
sofa 0.0176 0 242 131 359
sofa 0.0046 48 235 116 284
sofa 0.0036 166 234 325 313
sofa 0.0028 -1 355 71 378
sofa 0.0026 -1 243 62 380
sofa 0.0021 -6 297 123 371
sofa 0.0012 54 229 91 245
sofa 0.0011 404 258 426 362
pottedplant 0.4825 398 139 435 205
pottedplant 0.0352 413 137 446 212
pottedplant 0.0244 385 133 447 197
pottedplant 0.0117 394 111 459 211
pottedplant 0.0026 488 204 500 381
pottedplant 0.0023 411 162 430 205
pottedplant 0.0021 383 136 444 256
pottedplant 0.0013 391 144 431 180
pottedplant 0.0013 133 175 323 270
pottedplant 0.0011 290 25 349 66
diningtable 0.1553 176 247 322 331
diningtable 0.1509 175 238 311 274
diningtable 0.0111 1 329 67 373
diningtable 0.0025 -1 355 71 378
diningtable 0.0016 203 241 250 260
diningtable 0.0014 190 248 316 293
tvmonitor 0.0061 491 68 499 159
tvmonitor 0.0047 482 65 499 165
tvmonitor 0.0019 402 255 425 335
tvmonitor 0.0015 410 164 457 385
tvmonitor 0.0013 390 220 426 285
