person 0.1821 407 34 502 352
person 0.0404 411 0 501 164
person 0.0061 415 76 494 156
person 0.0059 430 30 499 245
person 0.0027 472 15 499 335
person 0.0020 475 42 500 158
person 0.0016 0 13 54 195
person 0.0015 479 64 499 208
dog 0.0240 141 67 334 228
dog 0.0072 408 18 500 315
dog 0.0027 416 52 496 180
dog 0.0022 -1 26 59 279
horse 0.9939 138 59 336 218
horse 0.7360 0 26 54 208
horse 0.6701 408 18 500 315
horse 0.5914 416 52 496 180
horse 0.0070 475 56 499 176
horse 0.0042 440 46 497 376
horse 0.0036 484 51 499 261
horse 0.0032 470 13 499 299
horse 0.0021 140 111 302 208
horse 0.0018 4 65 45 171
sheep 0.0071 126 56 331 220
sheep 0.0026 0 36 56 228
cow 0.1808 0 13 54 195
cow 0.0023 412 48 498 264
