person 0.9962 12 8 235 363
person 0.9779 276 1 501 372
person 0.0597 62 46 510 347
person 0.0118 195 132 437 372
person 0.0031 243 17 496 205
person 0.0024 1 13 83 382
person 0.0017 368 236 496 371
person 0.0014 155 108 348 354
car 0.0011 -18 57 503 375
cat 0.0019 195 132 437 372
dog 0.9896 201 133 384 367
dog 0.1260 239 64 490 365
dog 0.0304 251 161 405 274
dog 0.0044 -15 121 502 384
dog 0.0010 196 138 382 244
bottle 0.0019 378 333 456 375
chair 0.1640 -15 40 285 386
chair 0.1450 239 64 490 365
chair 0.0236 0 22 98 358
chair 0.0099 10 19 204 297
chair 0.0039 -15 121 502 384
chair 0.0030 9 9 83 160
chair 0.0027 247 59 484 159
chair 0.0027 481 122 499 273
chair 0.0023 0 171 64 375
chair 0.0023 434 7 467 82
chair 0.0019 0 332 14 377
chair 0.0011 156 45 235 81
sofa 0.9116 -18 57 503 375
sofa 0.2706 14 22 237 296
sofa 0.2362 239 64 490 365
sofa 0.0386 155 108 348 354
sofa 0.0193 225 53 414 158
sofa 0.0169 92 61 333 159
sofa 0.0153 31 91 306 359
sofa 0.0150 2 6 64 420
sofa 0.0131 243 17 496 205
sofa 0.0113 14 31 487 189
sofa 0.0046 481 122 499 273
sofa 0.0043 48 286 437 372
sofa 0.0033 187 51 457 243
sofa 0.0025 0 171 64 375
sofa 0.0020 368 236 496 371
sofa 0.0018 63 24 435 121
sofa 0.0014 447 92 500 339
sofa 0.0013 28 59 236 152
sofa 0.0011 472 62 498 330
sofa 0.0010 -3 226 486 372
tvmonitor 0.0049 471 4 499 82
