person 0.9367 142 115 439 312
person 0.7988 63 129 219 262
person 0.0642 263 132 461 303
person 0.0564 251 147 401 259
person 0.0151 64 152 354 318
person 0.0078 88 152 315 255
person 0.0042 3 107 204 303
person 0.0036 219 179 430 287
person 0.0035 111 189 301 289
person 0.0026 305 142 371 241
person 0.0025 17 118 178 228
person 0.0018 1 138 22 256
person 0.0012 3 156 123 255
person 0.0012 115 116 208 238
person 0.0011 262 214 335 252
cat 0.0268 262 214 335 252
dog 0.0198 262 214 335 252
horse 0.0046 92 32 166 81
bottle 0.0243 36 184 50 202
bottle 0.0168 0 168 3 206
bottle 0.0074 0 157 2 208
bottle 0.0073 0 156 6 207
bottle 0.0045 110 184 130 215
bottle 0.0030 126 185 168 272
chair 0.3426 79 144 247 262
chair 0.0677 289 159 499 337
chair 0.0381 98 181 241 288
chair 0.0372 181 158 220 231
chair 0.0187 77 209 141 265
chair 0.0146 3 196 78 264
chair 0.0131 55 149 287 321
chair 0.0086 183 150 465 320
chair 0.0074 0 151 67 277
chair 0.0067 140 161 219 233
chair 0.0054 27 156 175 253
chair 0.0045 288 146 441 272
chair 0.0043 1 153 22 274
chair 0.0042 122 184 207 249
chair 0.0025 179 158 254 234
chair 0.0022 86 199 109 236
chair 0.0020 49 174 88 249
chair 0.0017 108 195 184 266
chair 0.0016 -3 189 87 310
chair 0.0015 226 168 330 221
chair 0.0012 72 183 140 246
chair 0.0010 19 186 176 300
chair 0.0010 0 175 17 330
sofa 0.7321 289 159 499 337
sofa 0.2967 183 150 465 320
sofa 0.2517 79 144 247 262
sofa 0.0304 34 146 238 326
sofa 0.0210 181 158 220 231
sofa 0.0163 68 178 215 288
sofa 0.0094 77 209 141 265
sofa 0.0086 433 169 499 301
sofa 0.0076 57 194 508 339
sofa 0.0065 7 260 184 328
sofa 0.0063 27 156 175 253
sofa 0.0054 288 146 441 272
sofa 0.0053 305 228 489 327
sofa 0.0053 381 182 495 304
sofa 0.0045 219 179 430 287
sofa 0.0043 140 161 219 233
sofa 0.0031 10 295 163 331
sofa 0.0030 210 131 379 232
sofa 0.0027 226 168 330 221
sofa 0.0020 74 236 275 324
sofa 0.0016 19 186 176 300
sofa 0.0016 179 158 254 234
sofa 0.0011 136 163 221 303
sofa 0.0011 262 214 335 252
sofa 0.0010 0 189 67 315
sofa 0.0010 123 157 382 252
pottedplant 0.7659 31 114 100 188
pottedplant 0.2260 316 146 361 209
pottedplant 0.0174 313 146 356 177
pottedplant 0.0131 315 157 354 184
pottedplant 0.0096 12 106 117 221
pottedplant 0.0061 305 142 371 241
pottedplant 0.0038 92 32 166 81
pottedplant 0.0022 32 131 103 251
pottedplant 0.0014 320 158 341 186
diningtable 0.0589 3 196 78 264
diningtable 0.0306 226 168 330 221
diningtable 0.0270 3 279 186 332
diningtable 0.0055 -3 189 87 310
diningtable 0.0051 0 201 70 213
diningtable 0.0038 4 177 85 217
diningtable 0.0028 28 253 231 325
diningtable 0.0027 0 151 67 277
diningtable 0.0019 4 296 138 331
diningtable 0.0017 23 193 62 207
diningtable 0.0015 3 156 123 255
diningtable 0.0014 -5 244 138 327
diningtable 0.0010 21 274 148 302
diningtable 0.0010 31 276 310 336
