person 0.9999 -9 20 336 480
person 0.6511 75 0 200 102
person 0.5698 189 7 307 252
person 0.0976 115 14 298 323
person 0.0493 223 17 319 194
person 0.0190 98 -2 297 97
person 0.0166 222 -1 319 55
person 0.0136 105 0 208 63
person 0.0121 83 4 247 188
person 0.0101 78 13 156 90
person 0.0092 312 0 333 44
person 0.0087 33 6 161 105
person 0.0084 212 10 257 76
person 0.0076 59 28 200 302
person 0.0058 196 6 269 56
person 0.0050 222 0 334 109
person 0.0048 300 0 333 55
person 0.0035 257 18 322 77
person 0.0031 24 83 242 420
person 0.0030 202 11 273 200
person 0.0027 102 0 214 28
person 0.0024 212 -9 299 147
person 0.0023 283 33 335 214
person 0.0014 210 0 333 31
person 0.0014 282 0 332 141
person 0.0012 160 18 232 268
person 0.0011 36 -17 367 298
person 0.0011 132 4 259 48
person 0.0011 143 77 326 415
person 0.0010 106 0 321 23
bicycle 0.0887 -7 223 334 502
bicycle 0.0701 26 305 233 498
bicycle 0.0015 15 387 181 499
car 0.0020 -7 223 334 502
car 0.0012 164 0 320 62
car 0.0011 -13 27 299 414
motorbike 0.0127 -2 175 332 487
motorbike 0.0028 -13 27 299 414
bus 0.0033 -7 223 334 502
boat 0.1083 -2 175 332 487
boat 0.0013 -13 27 299 414
horse 0.0011 -6 67 290 484
chair 0.0049 254 34 321 92
chair 0.0025 -7 223 334 502
chair 0.0018 11 3 329 359
chair 0.0012 261 36 313 71
chair 0.0011 105 202 176 246
