person 0.2444 210 270 214 277
person 0.2070 189 268 194 274
person 0.1792 212 270 217 277
person 0.1262 148 261 154 268
person 0.0839 176 269 183 274
person 0.0542 159 269 164 274
person 0.0516 195 271 200 275
person 0.0420 156 261 162 268
person 0.0273 168 269 174 274
person 0.0177 150 268 155 273
person 0.0107 188 265 192 269
person 0.0070 143 261 146 265
person 0.0054 208 264 211 268
person 0.0024 197 255 200 258
person 0.0020 158 231 162 235
person 0.0017 179 265 184 270
person 0.0013 188 253 192 256
person 0.0012 196 263 200 266
person 0.0011 149 255 153 261
person 0.0010 214 264 218 269
car 0.0435 257 213 273 220
car 0.0094 252 215 267 222
car 0.0013 268 213 280 219
car 0.0010 252 219 264 224
boat 0.9244 141 161 207 283
boat 0.0024 117 267 183 281
bird 0.0084 288 93 291 96
bird 0.0071 152 100 156 103
bird 0.0037 156 101 160 104
bird 0.0024 297 79 300 82
bird 0.0020 290 93 293 96
bird 0.0012 288 95 291 98
