person 0.0027 85 34 438 366
person 0.0019 21 49 96 149
person 0.0019 0 43 6 57
person 0.0017 5 51 41 139
person 0.0015 0 48 8 63
person 0.0013 0 43 22 131
person 0.0011 80 52 183 144
person 0.0011 0 56 11 136
car 0.0010 10 49 101 141
boat 0.0175 80 52 183 144
boat 0.0070 10 49 101 141
bird 0.0091 38 129 49 145
bird 0.0047 10 49 101 141
bird 0.0045 80 52 183 144
bird 0.0034 68 124 78 144
bird 0.0018 126 99 149 147
bird 0.0012 0 43 6 57
bird 0.0012 0 48 8 63
dog 0.0027 82 56 162 143
dog 0.0022 9 39 86 139
dog 0.0016 126 99 149 147
dog 0.0013 112 96 151 131
dog 0.0010 85 34 438 366
horse 0.0686 0 56 11 136
horse 0.0516 0 49 21 141
horse 0.0345 11 50 87 144
horse 0.0084 82 56 162 143
horse 0.0027 5 51 41 139
horse 0.0020 0 78 9 149
horse 0.0014 94 91 154 141
sheep 0.0980 8 53 88 137
sheep 0.0288 128 99 151 131
sheep 0.0277 83 55 161 137
sheep 0.0256 0 49 21 141
sheep 0.0086 84 50 437 370
sheep 0.0084 94 91 154 141
sheep 0.0068 120 96 155 145
sheep 0.0065 5 51 41 139
sheep 0.0056 110 89 151 124
sheep 0.0021 60 86 81 129
sheep 0.0020 0 78 9 149
sheep 0.0016 0 56 11 136
sheep 0.0013 55 90 73 127
cow 0.9781 143 52 433 366
cow 0.9321 11 50 87 144
cow 0.8071 83 55 161 137
cow 0.8020 0 49 21 141
cow 0.2074 0 56 11 136
cow 0.1461 5 51 41 139
cow 0.0283 110 89 151 124
cow 0.0222 0 48 8 63
cow 0.0197 128 99 151 131
cow 0.0196 94 91 154 141
cow 0.0168 120 96 155 145
cow 0.0161 8 50 33 85
cow 0.0090 0 43 10 90
cow 0.0087 1 28 25 104
cow 0.0079 1 46 33 69
cow 0.0070 44 57 87 140
cow 0.0069 0 43 6 57
cow 0.0040 0 78 9 149
cow 0.0033 110 88 131 123
cow 0.0030 0 52 5 80
cow 0.0026 11 50 32 62
cow 0.0023 25 55 168 144
cow 0.0017 60 86 81 129
cow 0.0016 76 58 89 115
cow 0.0015 5 48 22 61
cow 0.0015 116 65 160 137
cow 0.0011 84 54 126 120
cow 0.0010 144 28 355 271
