person 0.0400 177 248 198 280
person 0.0391 212 256 225 278
person 0.0128 218 256 231 276
person 0.0070 144 251 162 278
person 0.0054 178 198 194 212
person 0.0051 147 255 159 276
person 0.0047 208 256 217 277
person 0.0026 181 253 194 275
person 0.0024 114 211 259 363
person 0.0024 219 264 230 277
person 0.0022 177 248 218 281
person 0.0021 178 253 188 274
person 0.0021 144 232 154 243
person 0.0020 153 254 164 276
person 0.0020 206 254 234 279
person 0.0016 275 207 293 239
person 0.0014 178 249 188 263
person 0.0013 182 249 194 263
person 0.0011 202 252 218 279
person 0.0010 109 231 114 241
train 0.9994 100 197 247 377
bird 0.0037 186 56 199 62
bird 0.0020 217 56 225 61
