person 0.9916 347 107 398 224
person 0.9875 270 72 369 222
person 0.9871 194 12 344 152
person 0.9844 -1 38 86 222
person 0.9840 45 6 124 160
person 0.0247 89 2 146 51
person 0.0172 0 -2 111 173
person 0.0146 47 0 119 52
person 0.0142 103 1 138 28
person 0.0095 276 71 357 153
person 0.0054 171 59 365 225
person 0.0048 95 16 112 42
person 0.0030 216 21 292 155
person 0.0026 299 92 392 212
person 0.0022 1 20 53 62
person 0.0021 44 3 162 91
person 0.0019 162 5 223 48
person 0.0018 86 3 114 53
person 0.0018 74 0 213 56
person 0.0016 105 2 188 31
person 0.0016 359 108 401 133
person 0.0016 43 2 125 29
person 0.0015 201 13 321 99
person 0.0013 29 9 166 204
person 0.0011 391 71 399 112
person 0.0011 385 92 399 207
person 0.0010 192 11 225 67
bottle 0.0588 189 99 212 162
bottle 0.0217 160 25 173 52
bottle 0.0076 108 96 125 134
bottle 0.0050 139 31 156 57
bottle 0.0048 109 26 126 53
bottle 0.0046 193 72 210 98
bottle 0.0046 247 176 280 206
bottle 0.0041 150 1 160 29
bottle 0.0024 152 7 160 25
bottle 0.0022 118 25 133 51
bottle 0.0020 128 31 143 57
bottle 0.0019 151 72 174 112
bottle 0.0018 133 31 151 56
bottle 0.0016 150 12 162 46
bottle 0.0014 149 110 169 160
bottle 0.0013 191 78 216 130
bottle 0.0012 202 173 236 221
bottle 0.0011 105 80 128 134
bottle 0.0011 142 30 153 44
bottle 0.0011 272 176 289 209
bottle 0.0010 100 104 127 151
chair 0.2364 331 80 357 148
chair 0.0221 283 70 366 226
chair 0.0137 334 97 400 211
chair 0.0132 339 83 358 117
chair 0.0084 341 106 358 138
chair 0.0079 328 116 342 142
chair 0.0077 318 73 353 139
chair 0.0066 128 86 153 99
chair 0.0040 276 71 357 153
chair 0.0040 334 101 359 162
chair 0.0033 112 57 210 88
chair 0.0032 203 52 317 152
chair 0.0026 344 37 369 105
chair 0.0023 334 60 360 121
chair 0.0019 213 30 355 135
chair 0.0017 1 20 53 62
chair 0.0014 335 79 351 118
chair 0.0012 -2 57 75 231
chair 0.0011 360 106 401 124
chair 0.0010 391 77 399 120
sofa 0.0042 72 77 310 215
sofa 0.0039 196 11 366 149
sofa 0.0039 39 -1 153 161
sofa 0.0031 1 20 53 62
sofa 0.0020 347 99 399 210
sofa 0.0018 31 5 126 101
sofa 0.0013 0 -2 111 173
sofa 0.0012 203 52 317 152
diningtable 0.4493 67 75 280 214
diningtable 0.0200 47 171 294 220
diningtable 0.0133 102 9 220 82
diningtable 0.0125 94 104 290 175
diningtable 0.0097 89 139 298 215
diningtable 0.0030 112 57 210 88
diningtable 0.0025 91 79 248 153
diningtable 0.0016 197 175 241 220
diningtable 0.0016 115 25 207 59
diningtable 0.0015 110 39 209 77
diningtable 0.0010 124 86 199 119
