person 0.0467 208 102 246 127
person 0.0142 324 113 338 132
person 0.0102 302 110 341 140
person 0.0082 222 101 265 130
person 0.0056 301 111 323 141
person 0.0047 226 107 243 120
person 0.0041 216 108 236 121
person 0.0033 277 106 310 172
person 0.0020 270 106 301 213
person 0.0019 263 101 283 129
person 0.0016 298 109 335 160
person 0.0012 265 105 281 122
person 0.0012 246 101 281 130
person 0.0012 215 110 251 132
person 0.0010 233 101 254 129
person 0.0010 295 117 329 146
car 0.0221 104 71 442 241
