bicycle 0.0015 246 23 331 230
bottle 0.0157 126 67 177 120
pottedplant 0.8913 111 339 233 469
pottedplant 0.3580 125 288 181 351
pottedplant 0.1493 131 484 173 500
pottedplant 0.1116 127 179 181 236
pottedplant 0.0708 117 250 190 353
pottedplant 0.0504 126 404 185 467
pottedplant 0.0431 117 126 189 240
pottedplant 0.0365 100 253 240 485
pottedplant 0.0320 306 453 331 481
pottedplant 0.0239 200 440 223 472
pottedplant 0.0216 134 476 187 499
pottedplant 0.0170 159 476 202 500
pottedplant 0.0144 137 491 167 499
pottedplant 0.0133 167 493 190 498
pottedplant 0.0126 193 441 228 499
pottedplant 0.0111 140 486 200 499
pottedplant 0.0106 113 261 156 339
pottedplant 0.0103 143 493 179 499
pottedplant 0.0099 162 486 217 499
pottedplant 0.0088 177 492 204 498
pottedplant 0.0074 296 415 332 490
pottedplant 0.0073 121 370 194 486
pottedplant 0.0072 156 450 235 498
pottedplant 0.0070 118 471 231 499
pottedplant 0.0060 305 436 332 478
pottedplant 0.0050 209 488 267 499
pottedplant 0.0049 193 392 227 474
pottedplant 0.0046 206 492 231 499
pottedplant 0.0044 175 474 223 500
pottedplant 0.0040 129 373 261 490
pottedplant 0.0032 182 386 321 493
pottedplant 0.0026 105 259 217 382
pottedplant 0.0024 123 476 165 500
pottedplant 0.0024 172 480 189 494
pottedplant 0.0021 194 487 245 499
pottedplant 0.0021 169 476 192 498
pottedplant 0.0020 127 493 159 499
pottedplant 0.0019 126 67 177 120
pottedplant 0.0019 301 457 332 492
pottedplant 0.0018 137 280 171 305
pottedplant 0.0018 180 392 212 470
pottedplant 0.0018 207 453 332 498
pottedplant 0.0017 151 269 191 332
pottedplant 0.0017 131 467 192 486
pottedplant 0.0017 197 493 223 498
pottedplant 0.0015 202 446 219 465
pottedplant 0.0015 212 495 244 499
pottedplant 0.0015 178 475 200 499
pottedplant 0.0015 85 48 239 443
pottedplant 0.0015 169 475 339 499
pottedplant 0.0015 198 419 221 458
pottedplant 0.0014 199 476 237 499
pottedplant 0.0013 201 440 219 457
pottedplant 0.0013 274 488 337 499
pottedplant 0.0012 141 482 161 494
pottedplant 0.0012 131 285 174 319
pottedplant 0.0012 114 281 196 429
pottedplant 0.0011 205 449 226 480
pottedplant 0.0011 181 450 284 500
pottedplant 0.0011 180 480 196 496
pottedplant 0.0010 221 494 256 498
pottedplant 0.0010 122 348 227 407
