person 0.1884 238 183 251 196
person 0.0407 239 176 252 193
person 0.0209 217 183 232 195
person 0.0105 211 183 225 196
person 0.0105 236 177 256 199
person 0.0079 46 247 56 269
person 0.0070 219 176 232 192
person 0.0066 375 82 381 90
person 0.0057 471 195 479 203
person 0.0056 0 201 7 296
person 0.0054 246 174 257 192
person 0.0053 481 194 493 203
person 0.0043 246 181 257 197
person 0.0038 462 194 470 203
person 0.0037 200 182 213 197
person 0.0033 211 175 223 193
person 0.0026 243 168 260 197
person 0.0024 423 198 429 206
person 0.0021 215 172 235 195
person 0.0020 183 183 193 201
person 0.0020 45 222 63 272
person 0.0020 231 185 242 195
person 0.0018 327 79 339 90
person 0.0016 181 177 214 202
person 0.0014 407 205 427 219
person 0.0013 229 175 240 191
person 0.0013 416 200 423 207
person 0.0013 495 195 499 227
person 0.0012 201 176 213 192
person 0.0011 494 188 498 214
person 0.0011 190 183 204 199
person 0.0010 40 51 81 80
bicycle 0.0014 44 243 61 272
bicycle 0.0014 46 247 56 269
car 0.3334 423 185 503 223
car 0.3255 407 205 427 219
car 0.0565 495 195 499 227
car 0.0552 490 186 499 233
car 0.0102 497 202 499 233
car 0.0097 494 188 498 214
car 0.0065 408 201 444 222
car 0.0043 493 186 499 200
car 0.0042 83 226 103 259
car 0.0041 476 186 499 219
car 0.0033 406 206 417 217
car 0.0027 417 204 433 216
car 0.0012 401 202 492 222
bus 0.8415 174 117 301 274
bus 0.0363 413 184 501 224
train 0.6617 174 117 301 274
bird 0.0023 40 51 81 80
pottedplant 0.4504 62 228 82 266
pottedplant 0.3454 83 231 102 261
pottedplant 0.2898 30 215 50 261
pottedplant 0.2076 72 230 88 264
pottedplant 0.1541 34 210 66 268
pottedplant 0.1124 86 239 99 259
pottedplant 0.1076 77 238 87 261
pottedplant 0.1065 57 248 67 267
pottedplant 0.1046 45 222 63 272
pottedplant 0.0999 48 210 82 269
pottedplant 0.0907 52 224 72 269
pottedplant 0.0901 46 247 56 269
pottedplant 0.0842 90 239 104 257
pottedplant 0.0740 68 250 79 266
pottedplant 0.0374 327 79 339 90
pottedplant 0.0334 76 250 84 263
pottedplant 0.0299 88 228 105 256
pottedplant 0.0293 44 243 61 272
pottedplant 0.0241 65 240 78 259
pottedplant 0.0232 88 229 101 248
pottedplant 0.0211 63 229 99 264
pottedplant 0.0190 55 224 89 259
pottedplant 0.0182 26 215 59 248
pottedplant 0.0179 53 242 69 271
pottedplant 0.0164 74 227 104 257
pottedplant 0.0152 50 212 69 250
pottedplant 0.0151 36 218 98 275
pottedplant 0.0140 106 244 128 255
pottedplant 0.0116 49 195 69 226
pottedplant 0.0109 59 241 67 259
pottedplant 0.0092 293 81 311 92
pottedplant 0.0086 16 207 47 268
pottedplant 0.0084 331 79 343 90
pottedplant 0.0080 31 239 40 259
pottedplant 0.0080 53 201 66 215
pottedplant 0.0078 76 230 87 250
pottedplant 0.0072 47 243 55 258
pottedplant 0.0067 29 224 43 268
pottedplant 0.0062 103 246 122 256
pottedplant 0.0060 0 201 7 296
pottedplant 0.0056 47 230 59 248
pottedplant 0.0055 30 230 41 250
pottedplant 0.0051 36 229 46 249
pottedplant 0.0049 284 77 319 95
pottedplant 0.0048 48 220 59 239
pottedplant 0.0045 42 249 49 267
pottedplant 0.0044 39 240 46 258
pottedplant 0.0044 85 249 94 261
pottedplant 0.0043 66 229 78 251
pottedplant 0.0043 53 222 67 239
pottedplant 0.0041 49 200 62 217
pottedplant 0.0040 71 214 90 249
pottedplant 0.0039 46 216 79 245
pottedplant 0.0038 305 81 318 92
pottedplant 0.0036 28 219 41 240
pottedplant 0.0035 64 214 84 249
pottedplant 0.0033 91 239 128 257
pottedplant 0.0030 36 220 47 241
pottedplant 0.0029 87 226 100 238
pottedplant 0.0027 83 213 101 249
pottedplant 0.0026 287 79 302 92
pottedplant 0.0026 66 223 80 236
pottedplant 0.0024 55 243 87 269
pottedplant 0.0021 75 222 86 237
pottedplant 0.0021 52 197 64 210
pottedplant 0.0019 46 199 64 241
pottedplant 0.0019 56 229 67 248
pottedplant 0.0017 84 234 116 259
pottedplant 0.0016 65 216 99 246
pottedplant 0.0016 31 248 39 264
pottedplant 0.0015 48 214 58 229
pottedplant 0.0015 112 234 126 249
pottedplant 0.0013 37 244 69 271
pottedplant 0.0013 27 214 40 231
pottedplant 0.0013 1 191 21 280
pottedplant 0.0013 326 112 339 123
pottedplant 0.0012 48 257 56 271
pottedplant 0.0012 0 217 2 262
pottedplant 0.0011 0 223 2 275
pottedplant 0.0010 375 82 381 90
pottedplant 0.0010 302 77 341 92
pottedplant 0.0010 0 250 3 284
