person 0.0597 22 80 58 109
person 0.0291 32 78 50 108
person 0.0163 41 91 57 107
person 0.0092 1 81 7 104
person 0.0089 34 84 47 100
person 0.0070 33 78 44 90
person 0.0063 34 90 51 107
person 0.0050 0 76 13 108
person 0.0047 27 90 72 109
person 0.0032 1 105 131 305
person 0.0032 73 89 84 100
person 0.0029 2 88 7 111
person 0.0023 63 95 76 106
person 0.0021 78 95 306 251
person 0.0017 41 88 56 101
person 0.0015 64 88 76 101
person 0.0013 28 87 40 98
person 0.0011 1 76 8 92
car 0.0044 71 93 123 108
car 0.0018 11 80 54 109
car 0.0013 74 89 122 101
motorbike 0.0012 20 88 60 109
motorbike 0.0010 13 127 153 275
boat 0.0148 49 88 273 228
dog 0.0027 7 118 158 260
dog 0.0013 49 88 273 228
dog 0.0010 20 88 60 109
horse 0.0453 20 88 60 109
horse 0.0105 78 95 306 251
horse 0.0056 0 117 137 261
horse 0.0052 11 80 54 109
horse 0.0020 71 93 123 108
horse 0.0014 209 84 283 122
horse 0.0013 33 87 52 109
horse 0.0012 1 89 46 109
horse 0.0012 116 88 151 103
horse 0.0010 41 91 57 107
sheep 0.0095 13 127 153 275
sheep 0.0065 49 88 273 228
sheep 0.0016 209 84 283 122
cow 0.9844 56 101 268 246
cow 0.9190 7 118 158 260
cow 0.1475 209 84 283 122
cow 0.0945 116 88 151 103
cow 0.0740 20 88 60 109
cow 0.0733 0 92 63 141
cow 0.0504 9 98 119 131
cow 0.0488 71 93 123 108
cow 0.0287 2 105 81 151
cow 0.0223 160 93 268 126
cow 0.0219 0 79 61 118
cow 0.0216 127 84 195 102
cow 0.0205 194 94 238 113
cow 0.0180 234 95 273 122
cow 0.0170 223 87 266 118
cow 0.0153 224 82 263 102
cow 0.0145 120 90 163 106
cow 0.0111 245 83 284 104
cow 0.0105 99 90 152 106
cow 0.0103 207 95 262 121
cow 0.0103 1 83 28 149
cow 0.0103 129 89 151 101
cow 0.0102 4 87 123 116
cow 0.0096 188 99 226 115
cow 0.0095 0 96 58 246
cow 0.0088 106 85 206 111
cow 0.0087 0 106 47 135
cow 0.0081 -1 99 44 164
cow 0.0080 8 96 175 189
cow 0.0079 1 89 46 109
cow 0.0072 52 89 153 116
cow 0.0070 0 86 16 256
cow 0.0070 241 86 285 116
cow 0.0068 116 88 273 114
cow 0.0066 174 97 224 109
cow 0.0049 3 107 79 131
cow 0.0047 41 91 57 107
cow 0.0046 0 97 9 144
cow 0.0045 2 88 7 111
cow 0.0045 76 89 135 101
cow 0.0045 103 91 298 187
cow 0.0041 118 91 132 105
cow 0.0040 160 85 198 100
cow 0.0039 227 88 299 132
cow 0.0039 34 90 51 107
cow 0.0037 24 103 93 118
cow 0.0033 194 98 219 107
cow 0.0030 226 83 244 95
cow 0.0028 0 81 11 119
cow 0.0027 0 103 4 136
cow 0.0027 2 93 21 107
cow 0.0027 0 105 8 170
cow 0.0026 34 91 84 109
cow 0.0025 1 98 5 123
cow 0.0024 0 77 22 107
cow 0.0022 124 91 197 105
cow 0.0021 0 103 23 137
cow 0.0021 175 75 301 152
cow 0.0021 114 95 235 125
cow 0.0018 14 95 31 107
cow 0.0018 -2 68 62 165
cow 0.0017 0 63 28 280
cow 0.0016 -2 113 65 181
cow 0.0015 59 94 177 126
cow 0.0015 0 98 31 122
cow 0.0015 1 81 7 104
cow 0.0015 169 88 192 99
cow 0.0015 -1 77 124 148
cow 0.0014 1 114 61 139
cow 0.0014 0 106 3 151
cow 0.0012 231 84 255 96
cow 0.0012 23 93 41 107
cow 0.0012 53 100 124 115
cow 0.0010 196 82 269 188
cow 0.0010 188 99 210 106
