person 0.9997 275 113 352 261
person 0.9991 15 90 108 271
person 0.0018 164 101 168 105
person 0.0017 25 92 100 203
person 0.0015 9 102 57 257
person 0.0013 16 117 48 200
bicycle 0.9972 253 189 378 294
bicycle 0.9944 17 174 107 301
bicycle 0.0199 264 126 371 257
bicycle 0.0058 6 96 115 265
bicycle 0.0050 264 190 334 258
bicycle 0.0029 17 183 87 259
bicycle 0.0023 259 190 297 258
bicycle 0.0020 300 187 333 251
bicycle 0.0013 301 182 372 227
bicycle 0.0013 332 190 368 216
bicycle 0.0012 257 206 292 223
bicycle 0.0012 339 151 381 217
bicycle 0.0012 268 202 357 273
bicycle 0.0010 264 171 335 234
car 0.0014 492 136 499 147
car 0.0010 137 103 144 106
bottle 0.0266 305 225 316 243
bottle 0.0133 300 226 311 245
bottle 0.0056 302 220 319 249
bottle 0.0040 307 222 317 235
bottle 0.0017 341 190 361 201
bottle 0.0017 47 210 57 225
bottle 0.0016 304 201 321 234
bottle 0.0015 307 201 318 210
bottle 0.0015 463 239 476 248
bottle 0.0013 314 219 324 234
bottle 0.0012 318 192 329 200
bottle 0.0011 66 180 76 193
bottle 0.0010 40 215 48 237
