person 0.2012 0 353 11 374
person 0.1392 231 349 239 364
person 0.1265 396 246 407 258
person 0.0324 0 348 9 368
person 0.0092 1 367 9 378
person 0.0057 232 355 240 368
person 0.0056 0 351 20 376
person 0.0051 223 347 232 364
person 0.0051 389 240 411 263
person 0.0044 239 351 247 361
person 0.0029 319 243 326 255
person 0.0028 384 245 392 258
person 0.0025 161 216 171 224
person 0.0024 225 343 243 369
person 0.0024 215 340 235 369
person 0.0019 231 342 237 352
person 0.0019 376 246 383 258
person 0.0017 4 356 17 375
person 0.0016 394 249 408 263
person 0.0012 365 25 432 50
person 0.0011 395 243 416 272
person 0.0011 224 341 230 351
person 0.0010 444 248 451 258
person 0.0010 327 242 336 254
car 0.0403 151 219 167 226
car 0.0295 330 185 354 192
car 0.0248 374 218 387 224
car 0.0165 161 216 171 224
car 0.0163 118 216 137 223
car 0.0089 250 182 260 188
car 0.0085 352 181 368 189
car 0.0070 1 367 9 378
car 0.0069 342 181 358 188
car 0.0055 1 252 9 268
car 0.0048 339 185 357 191
car 0.0039 353 174 404 187
car 0.0039 0 353 11 374
car 0.0037 362 219 377 224
car 0.0034 132 219 145 225
car 0.0032 325 186 338 192
car 0.0031 401 177 411 183
car 0.0029 392 178 406 184
car 0.0028 368 179 391 186
car 0.0026 382 180 397 185
car 0.0023 358 180 380 188
car 0.0016 326 182 339 189
car 0.0013 140 218 159 225
car 0.0012 387 214 427 232
car 0.0011 1 259 10 274
car 0.0010 323 178 360 191
car 0.0010 233 197 256 204
car 0.0010 167 217 186 226
motorbike 0.0012 0 353 11 374
bus 0.0689 416 228 500 284
bus 0.0085 188 203 442 293
bus 0.0024 333 225 417 269
bus 0.0018 118 181 214 221
bus 0.0017 366 235 414 265
bus 0.0017 414 216 501 327
train 0.9426 199 196 430 276
train 0.9219 416 228 500 284
train 0.0618 118 181 214 221
train 0.0243 53 192 381 251
train 0.0111 78 207 422 296
train 0.0110 89 170 334 227
train 0.0107 119 177 279 212
train 0.0105 414 216 501 327
train 0.0063 161 158 434 301
train 0.0027 121 170 279 196
train 0.0021 188 159 399 237
train 0.0019 325 220 421 262
train 0.0018 -2 243 500 358
train 0.0017 217 184 378 216
train 0.0014 0 195 273 241
train 0.0011 98 114 394 269
train 0.0010 73 196 218 224
train 0.0010 358 229 423 268
