person 0.1201 469 3 478 19
person 0.0565 460 6 472 26
person 0.0449 280 12 300 38
person 0.0327 393 2 402 16
person 0.0286 493 1 498 20
person 0.0276 494 7 499 28
person 0.0253 278 12 290 27
person 0.0242 286 12 298 29
person 0.0207 325 9 333 24
person 0.0192 466 1 485 24
person 0.0188 387 0 395 17
person 0.0177 314 10 331 24
person 0.0173 317 4 331 20
person 0.0147 410 3 423 16
person 0.0130 400 3 416 15
person 0.0123 324 4 334 19
person 0.0085 491 -4 500 39
person 0.0069 276 18 291 37
person 0.0063 458 2 476 24
person 0.0057 178 1 194 35
person 0.0055 474 2 493 16
person 0.0054 179 1 195 15
person 0.0048 309 10 319 24
person 0.0046 456 4 465 28
person 0.0029 494 -11 499 68
person 0.0026 388 0 408 22
person 0.0024 497 14 499 39
person 0.0023 280 6 290 18
person 0.0023 422 4 431 16
person 0.0020 182 9 192 30
person 0.0019 461 5 493 26
person 0.0015 275 5 311 34
person 0.0014 100 2 119 33
person 0.0013 475 10 494 23
person 0.0013 319 0 337 23
person 0.0013 227 10 239 25
person 0.0013 251 8 260 28
person 0.0013 403 51 439 84
person 0.0010 353 13 365 22
bicycle 0.0081 159 222 248 288
bicycle 0.0066 144 14 188 44
bicycle 0.0048 213 222 301 281
bicycle 0.0048 259 205 342 271
bicycle 0.0035 257 10 271 27
bicycle 0.0026 274 14 295 37
bicycle 0.0019 136 22 180 49
bicycle 0.0013 181 15 192 36
car 0.8124 15 0 68 21
car 0.7708 110 2 150 19
car 0.4201 389 0 427 21
car 0.3958 277 0 328 20
car 0.3797 1 0 46 23
car 0.2098 119 1 177 18
car 0.1732 147 0 207 15
car 0.0893 474 2 493 16
car 0.0875 1 1 12 15
car 0.0715 177 0 215 14
car 0.0654 0 1 23 22
car 0.0550 469 0 496 24
car 0.0334 222 4 236 15
car 0.0324 193 1 236 15
car 0.0237 155 3 179 14
car 0.0228 424 2 465 38
car 0.0219 149 3 169 13
car 0.0171 475 10 494 23
car 0.0161 2 6 11 27
car 0.0158 494 7 499 28
car 0.0153 400 3 416 15
car 0.0149 425 2 466 17
car 0.0148 101 2 117 16
car 0.0146 109 4 130 16
car 0.0138 469 3 478 19
car 0.0122 493 1 498 20
car 0.0117 460 6 472 26
car 0.0110 314 10 331 24
car 0.0106 114 2 162 28
car 0.0103 40 2 68 16
car 0.0099 168 2 186 13
car 0.0097 24 3 42 14
car 0.0096 140 4 158 15
car 0.0084 1 0 15 32
car 0.0079 2 -1 10 8
car 0.0075 111 -2 211 22
car 0.0072 7 1 120 80
car 0.0068 317 4 331 20
car 0.0065 179 1 195 15
car 0.0063 127 4 150 15
car 0.0060 1 0 66 35
car 0.0055 14 4 33 14
car 0.0055 0 0 24 8
car 0.0054 275 5 311 34
car 0.0053 118 6 205 43
car 0.0049 99 0 120 23
car 0.0046 410 3 423 16
car 0.0040 267 -4 337 27
car 0.0036 427 3 449 13
car 0.0034 101 2 141 30
car 0.0033 303 0 340 23
car 0.0033 55 1 109 19
car 0.0031 432 0 477 20
car 0.0029 144 4 190 31
car 0.0027 465 4 482 26
car 0.0027 393 2 402 16
car 0.0025 103 7 116 25
car 0.0024 274 14 295 37
car 0.0024 395 0 459 19
car 0.0023 282 4 302 17
car 0.0020 388 0 408 22
car 0.0020 377 5 424 25
car 0.0016 208 1 224 15
car 0.0015 22 0 44 21
car 0.0015 491 -4 500 39
car 0.0015 422 4 431 16
car 0.0013 100 0 118 7
car 0.0013 224 6 266 30
car 0.0012 324 4 334 19
car 0.0012 261 0 309 21
car 0.0011 192 0 216 9
car 0.0011 227 10 239 25
car 0.0011 11 1 34 22
car 0.0010 458 2 476 24
car 0.0010 176 -1 196 22
motorbike 0.2573 274 14 295 37
motorbike 0.0134 275 5 311 34
motorbike 0.0120 285 15 297 36
motorbike 0.0111 278 12 290 27
motorbike 0.0086 280 8 300 36
motorbike 0.0056 314 10 331 24
motorbike 0.0024 286 12 298 29
motorbike 0.0024 263 0 338 36
motorbike 0.0019 468 6 479 25
motorbike 0.0015 280 2 323 28
motorbike 0.0013 461 5 493 26
motorbike 0.0013 257 10 271 27
motorbike 0.0012 460 6 472 26
motorbike 0.0011 308 5 336 26
bus 0.0013 389 0 427 21
train 0.9993 32 30 489 331
chair 0.0110 314 10 331 24
chair 0.0090 344 12 358 23
chair 0.0058 325 9 333 24
chair 0.0036 353 13 365 22
chair 0.0032 468 6 479 25
chair 0.0031 368 13 387 23
chair 0.0026 337 13 349 23
chair 0.0022 460 6 472 26
chair 0.0013 494 7 499 28
chair 0.0012 309 10 319 24
chair 0.0010 473 3 496 27
diningtable 0.0031 27 59 488 369
