person 0.9973 70 20 341 468
person 0.0690 4 295 190 499
person 0.0189 1 436 87 499
person 0.0045 160 96 335 408
person 0.0042 0 390 108 502
person 0.0039 282 490 349 499
person 0.0035 -4 224 342 502
person 0.0032 44 368 212 498
person 0.0032 1 304 86 488
person 0.0014 94 10 224 157
person 0.0011 77 62 271 371
car 0.0016 103 32 355 470
motorbike 0.0028 64 55 343 491
bottle 0.0595 190 183 326 416
bottle 0.0032 103 32 355 470
bottle 0.0021 4 295 190 499
chair 0.0016 1 436 87 499
sofa 0.0022 64 55 343 491
diningtable 0.0018 64 55 343 491
tvmonitor 0.0071 75 8 339 360
