person 0.9946 215 -1 413 321
person 0.0648 131 165 153 215
person 0.0171 96 173 118 209
person 0.0114 86 167 160 218
person 0.0038 88 166 124 220
person 0.0022 104 166 143 216
person 0.0021 23 8 415 331
bicycle 0.0019 132 180 166 214
car 0.0096 86 167 160 218
dog 0.0021 86 167 160 218
horse 0.0063 86 167 160 218
chair 0.8572 328 149 487 337
chair 0.0101 197 151 469 336
chair 0.0035 30 115 212 289
chair 0.0017 213 -16 495 341
chair 0.0013 198 185 220 232
chair 0.0011 473 26 499 358
chair 0.0011 448 22 501 360
chair 0.0010 208 239 358 326
sofa 0.0042 343 154 480 328
tvmonitor 0.5918 39 140 202 265
tvmonitor 0.0068 20 68 222 284
tvmonitor 0.0057 79 2 428 326
tvmonitor 0.0036 1 222 21 321
tvmonitor 0.0020 68 197 197 275
