person 0.0490 249 148 258 158
person 0.0290 191 149 199 159
person 0.0284 166 147 174 158
person 0.0256 89 148 98 159
person 0.0237 295 145 305 159
person 0.0193 134 145 144 159
person 0.0158 347 145 357 158
person 0.0156 186 149 194 159
person 0.0156 34 113 413 213
person 0.0137 316 148 325 159
person 0.0125 242 148 251 159
person 0.0121 352 144 361 158
person 0.0109 230 146 239 158
person 0.0106 94 147 103 158
person 0.0089 310 147 318 159
person 0.0087 143 145 152 159
person 0.0087 340 146 347 158
person 0.0084 228 140 236 150
person 0.0077 211 147 220 158
person 0.0074 290 145 300 159
person 0.0072 171 147 179 158
person 0.0065 269 146 278 158
person 0.0052 133 139 141 152
person 0.0052 223 146 232 158
person 0.0043 211 140 219 149
person 0.0041 204 148 213 159
person 0.0037 278 147 287 159
person 0.0036 260 146 269 159
person 0.0031 105 146 115 158
person 0.0027 128 143 137 159
person 0.0022 115 146 121 158
person 0.0020 376 148 387 160
person 0.0020 224 141 232 150
person 0.0016 0 155 2 188
person 0.0016 295 140 304 151
person 0.0016 145 139 152 151
person 0.0015 268 141 276 150
person 0.0014 291 140 300 151
person 0.0014 249 141 256 150
person 0.0013 130 139 136 151
person 0.0012 192 156 199 161
person 0.0012 381 148 391 159
person 0.0012 0 148 2 179
train 0.9978 37 111 453 216
train 0.0064 450 121 495 194
train 0.0035 444 92 499 224
train 0.0034 452 151 494 172
train 0.0030 451 143 487 163
train 0.0017 452 159 495 184
train 0.0017 491 119 499 185
train 0.0016 -4 39 58 197
train 0.0013 440 116 499 166
train 0.0013 442 148 500 205
train 0.0011 454 129 493 156
train 0.0011 1 124 19 227
