person 0.9998 12 65 420 378
person 0.9699 455 323 499 375
person 0.0433 490 323 500 369
person 0.0367 494 333 499 359
person 0.0105 495 338 499 369
person 0.0068 400 327 456 375
person 0.0056 71 348 128 376
person 0.0052 417 324 496 375
person 0.0038 496 326 499 349
person 0.0030 0 247 7 268
person 0.0030 493 327 499 401
person 0.0022 72 246 86 258
person 0.0021 65 246 81 259
person 0.0017 1 243 121 367
person 0.0016 497 348 499 380
person 0.0012 0 235 9 282
person 0.0012 408 321 429 370
person 0.0011 406 352 450 374
person 0.0010 429 362 448 373
car 0.0034 407 340 449 374
car 0.0021 494 333 499 359
car 0.0014 490 323 500 369
car 0.0011 451 326 503 367
car 0.0010 446 350 467 359
bottle 0.0013 15 35 424 367
sofa 0.0020 0 123 431 385
sofa 0.0011 1 243 121 367
