person 0.0299 240 126 274 186
person 0.0297 480 259 498 294
person 0.0116 0 124 93 310
person 0.0092 246 132 267 176
person 0.0084 184 162 194 187
person 0.0071 181 158 197 190
person 0.0069 491 258 499 279
person 0.0068 492 266 499 290
person 0.0058 161 155 177 193
person 0.0057 185 153 202 190
person 0.0053 477 245 499 336
person 0.0052 -4 192 121 318
person 0.0043 225 124 262 188
person 0.0039 491 251 499 267
person 0.0034 109 170 117 192
person 0.0034 0 178 54 325
person 0.0021 162 170 174 191
person 0.0020 481 268 494 288
person 0.0020 487 260 498 313
person 0.0019 159 156 195 192
person 0.0018 105 166 118 201
person 0.0015 251 143 271 178
person 0.0015 477 245 499 277
person 0.0015 249 152 262 173
person 0.0015 491 246 498 258
person 0.0014 494 271 498 301
person 0.0012 461 253 474 269
person 0.0011 481 260 494 278
person 0.0010 479 251 494 267
person 0.0010 94 65 461 358
person 0.0010 252 129 291 188
person 0.0010 446 259 461 274
car 0.3310 483 252 499 288
car 0.0679 491 251 499 267
car 0.0622 491 258 499 279
car 0.0371 492 266 499 290
car 0.0344 491 246 498 258
car 0.0231 466 245 499 274
car 0.0177 474 239 499 311
car 0.0073 481 268 494 288
car 0.0047 487 260 498 313
car 0.0044 442 248 463 274
car 0.0035 481 260 494 278
car 0.0033 479 251 494 267
car 0.0033 480 246 496 259
car 0.0025 494 271 498 301
car 0.0024 472 261 501 292
car 0.0020 459 238 495 266
car 0.0020 445 253 461 268
car 0.0012 446 259 461 274
car 0.0011 479 264 497 308
motorbike 0.0015 480 259 498 294
bus 0.0025 460 243 496 273
bus 0.0012 483 252 499 288
train 0.9990 73 60 440 334
train 0.0013 -1 87 109 360
