person 0.0031 0 26 71 187
person 0.0018 382 78 499 316
car 0.0134 252 57 290 77
car 0.0027 251 66 291 82
car 0.0024 255 65 287 75
car 0.0017 250 45 294 74
car 0.0017 245 50 312 107
bottle 0.1402 192 190 213 230
bottle 0.0036 191 195 216 273
bottle 0.0033 232 232 252 253
bottle 0.0022 219 125 255 200
bottle 0.0019 161 241 176 273
bottle 0.0014 192 218 216 241
bottle 0.0011 402 122 422 145
bottle 0.0010 193 234 216 267
chair 0.9987 138 50 253 223
chair 0.9946 -1 46 74 200
chair 0.0270 378 220 500 371
chair 0.0245 371 276 411 374
chair 0.0170 391 95 500 213
chair 0.0155 382 78 499 316
chair 0.0137 116 303 292 370
chair 0.0014 152 170 219 222
chair 0.0010 0 60 6 150
sofa 0.9841 386 90 497 367
sofa 0.1685 378 220 500 371
sofa 0.0282 404 119 503 276
sofa 0.0177 391 95 500 213
sofa 0.0172 0 26 71 187
sofa 0.0118 145 61 247 245
sofa 0.0050 371 276 411 374
sofa 0.0018 116 303 292 370
sofa 0.0014 201 120 453 328
sofa 0.0011 102 141 340 333
sofa 0.0010 73 209 369 366
pottedplant 0.8786 314 74 426 158
pottedplant 0.4142 388 97 446 142
pottedplant 0.3383 217 140 256 213
pottedplant 0.0402 217 165 259 199
pottedplant 0.0396 210 167 269 219
pottedplant 0.0278 403 104 430 144
pottedplant 0.0184 214 117 264 241
pottedplant 0.0156 414 107 438 140
pottedplant 0.0118 356 91 437 142
pottedplant 0.0070 416 111 456 138
pottedplant 0.0069 403 121 426 145
pottedplant 0.0065 377 88 412 142
pottedplant 0.0061 388 98 411 134
pottedplant 0.0039 403 117 448 144
pottedplant 0.0032 126 231 208 269
pottedplant 0.0029 331 83 453 207
pottedplant 0.0021 2 30 79 183
pottedplant 0.0021 392 118 407 134
pottedplant 0.0017 216 175 254 247
pottedplant 0.0015 418 118 436 132
pottedplant 0.0014 174 237 196 267
pottedplant 0.0013 395 99 420 135
pottedplant 0.0013 386 89 408 123
pottedplant 0.0012 348 111 390 143
pottedplant 0.0012 141 54 238 200
pottedplant 0.0011 352 75 401 141
pottedplant 0.0011 330 81 381 147
pottedplant 0.0011 218 137 299 256
pottedplant 0.0010 427 112 447 137
pottedplant 0.0010 434 114 458 137
diningtable 0.4799 114 180 370 351
diningtable 0.0336 151 209 343 316
diningtable 0.0139 182 251 322 335
diningtable 0.0066 2 30 79 183
diningtable 0.0025 130 182 309 277
diningtable 0.0023 85 256 204 297
diningtable 0.0018 -1 43 71 82
diningtable 0.0016 63 112 438 357
diningtable 0.0014 193 185 364 277
diningtable 0.0014 107 113 173 170
tvmonitor 0.0054 0 -1 21 23
