person 0.5725 255 120 274 144
person 0.2635 236 122 272 147
person 0.0211 218 135 235 147
person 0.0144 215 130 254 147
person 0.0109 208 137 221 148
person 0.0097 275 119 296 144
person 0.0093 224 135 242 147
person 0.0089 249 125 266 140
person 0.0066 259 120 270 134
person 0.0062 283 121 296 141
person 0.0024 264 121 277 142
person 0.0023 203 140 216 149
person 0.0022 294 121 331 142
person 0.0018 180 122 340 148
person 0.0017 304 124 321 140
person 0.0015 296 124 310 140
car 0.9995 109 107 413 211
aeroplane 0.0018 89 82 427 205
train 0.0042 398 135 499 170
bird 0.0022 203 140 216 149
bird 0.0019 208 137 221 148
bird 0.0015 327 113 340 120
dog 0.0041 218 135 235 147
dog 0.0027 209 131 243 148
dog 0.0022 208 137 221 148
dog 0.0017 215 123 258 148
dog 0.0011 224 135 242 147
sheep 0.0013 132 100 140 107
cow 0.0421 89 82 427 205
