person 0.9830 199 0 388 339
person 0.0037 93 99 343 327
horse 0.0018 95 144 337 333
chair 0.0051 360 313 496 336
chair 0.0020 82 143 268 332
chair 0.0016 207 292 310 333
chair 0.0015 90 152 205 256
pottedplant 0.0269 95 144 337 333
pottedplant 0.0217 67 7 380 340
pottedplant 0.0039 9 92 174 321
pottedplant 0.0027 228 6 397 329
pottedplant 0.0013 66 143 225 327
pottedplant 0.0012 74 46 277 300
diningtable 0.0021 356 317 498 332
diningtable 0.0014 358 304 501 331
diningtable 0.0011 95 144 337 333
