person 0.9997 99 94 253 301
person 0.9997 221 73 384 278
person 0.0136 89 92 401 275
person 0.0039 302 73 385 154
person 0.0020 429 303 499 373
person 0.0014 156 37 196 71
person 0.0011 196 22 240 92
bottle 0.0762 139 350 161 377
bottle 0.0122 394 330 419 376
bottle 0.0108 114 352 166 376
bottle 0.0065 382 318 410 377
bottle 0.0041 159 358 176 375
bottle 0.0028 367 314 396 373
bottle 0.0021 429 305 479 374
bottle 0.0020 171 345 244 373
bottle 0.0013 158 368 176 377
bottle 0.0010 105 357 152 375
chair 0.9072 0 218 43 300
chair 0.7547 61 204 124 294
chair 0.1238 23 180 146 284
chair 0.0247 381 169 411 263
chair 0.0129 97 160 245 280
chair 0.0104 0 159 36 307
chair 0.0103 5 219 84 296
chair 0.0073 223 106 371 249
chair 0.0059 102 92 299 296
chair 0.0054 72 254 104 289
chair 0.0053 0 154 28 232
chair 0.0031 382 187 391 253
chair 0.0023 258 76 387 198
chair 0.0022 72 185 192 279
chair 0.0021 0 220 49 369
chair 0.0010 101 212 133 289
chair 0.0010 28 219 67 295
sofa 0.0442 -1 218 37 300
sofa 0.0041 0 166 45 298
sofa 0.0014 0 146 25 288
diningtable 0.9606 12 261 474 363
diningtable 0.0332 23 180 146 284
diningtable 0.0189 0 154 28 232
diningtable 0.0072 -6 173 497 373
diningtable 0.0060 0 295 45 368
diningtable 0.0046 15 149 161 234
diningtable 0.0045 425 310 483 375
diningtable 0.0035 -1 218 37 300
diningtable 0.0033 0 143 47 297
diningtable 0.0027 2 287 206 368
diningtable 0.0018 43 155 131 189
diningtable 0.0017 235 264 489 344
diningtable 0.0012 0 154 8 211
diningtable 0.0011 56 196 129 288
tvmonitor 0.9320 310 70 391 168
tvmonitor 0.1908 227 63 396 264
tvmonitor 0.0347 258 76 387 198
tvmonitor 0.0036 138 1 266 92
