person 0.9393 164 -1 488 342
person 0.1550 29 39 475 249
person 0.0641 140 104 427 314
person 0.0366 363 -3 500 342
person 0.0351 -3 153 267 332
person 0.0226 45 140 516 331
person 0.0131 133 187 285 304
person 0.0122 303 136 503 337
person 0.0037 138 158 284 261
person 0.0030 -11 71 356 339
person 0.0022 123 114 371 225
person 0.0020 197 191 366 314
person 0.0013 165 204 247 265
bottle 0.9625 287 251 316 327
bottle 0.0047 285 251 298 328
chair 0.0087 222 92 511 329
chair 0.0017 0 114 58 242
chair 0.0010 455 257 499 335
sofa 0.7248 11 74 493 334
sofa 0.1640 -5 70 278 270
sofa 0.0496 222 92 511 329
sofa 0.0059 -3 153 267 332
sofa 0.0051 159 9 488 277
sofa 0.0049 88 77 417 260
sofa 0.0039 123 114 371 225
sofa 0.0025 0 114 58 242
sofa 0.0020 24 107 254 218
sofa 0.0015 307 -10 500 348
diningtable 0.0015 260 298 376 337
