person 0.9986 -5 7 357 324
person 0.9796 237 129 426 331
person 0.0391 404 270 488 336
person 0.0236 476 167 499 341
person 0.0127 100 141 404 324
person 0.0030 379 226 489 331
person 0.0030 1 37 98 318
person 0.0023 0 94 13 134
person 0.0022 293 145 506 334
person 0.0016 473 38 498 389
person 0.0016 1 87 23 185
person 0.0015 1 42 57 194
person 0.0014 371 288 452 336
person 0.0011 451 169 499 336
car 0.0025 -9 -1 358 283
train 0.0030 238 105 480 332
train 0.0021 373 183 493 309
cat 0.0010 -11 53 361 330
dog 0.0422 -6 60 432 328
horse 0.0051 -11 53 361 330
sheep 0.0035 -23 4 324 329
cow 0.0073 -11 53 361 330
chair 0.0021 -30 47 327 342
sofa 0.0101 -11 53 361 330
