person 0.5643 211 169 235 213
person 0.0089 193 165 225 221
person 0.0047 220 179 227 190
person 0.0045 127 88 502 365
person 0.0028 149 172 165 230
person 0.0025 143 165 172 227
person 0.0024 492 196 497 210
person 0.0023 493 206 499 233
person 0.0023 492 197 498 226
person 0.0018 226 163 241 202
person 0.0012 197 169 217 213
person 0.0010 76 159 87 207
person 0.0010 216 180 222 189
car 0.0148 485 190 499 233
car 0.0017 475 160 499 234
car 0.0016 493 206 499 233
bus 0.0256 485 190 499 233
bus 0.0020 127 88 502 365
bus 0.0015 475 160 499 234
train 0.9876 61 89 470 354
train 0.3491 485 190 499 233
train 0.1847 475 160 499 234
train 0.0056 492 197 498 226
train 0.0051 485 168 499 218
train 0.0032 492 196 497 210
train 0.0029 476 164 499 202
train 0.0021 493 206 499 233
train 0.0010 491 186 498 201
sofa 0.0021 127 88 502 365
pottedplant 0.0032 51 174 70 208
diningtable 0.0042 62 117 465 378
