person 0.0032 437 161 455 202
person 0.0015 196 125 203 139
person 0.0013 48 134 58 185
person 0.0013 429 169 451 215
bicycle 0.0213 435 168 454 213
bicycle 0.0060 393 169 457 215
bicycle 0.0033 429 177 450 216
car 0.0071 48 125 155 175
car 0.0063 11 124 81 178
car 0.0030 0 114 63 169
car 0.0025 47 122 85 182
car 0.0019 8 122 47 180
car 0.0011 48 130 58 176
car 0.0010 496 118 499 148
motorbike 0.0023 393 169 457 215
motorbike 0.0012 435 168 454 213
bus 0.0049 104 93 450 195
bus 0.0031 57 115 151 172
bus 0.0024 11 124 81 178
bus 0.0014 47 122 85 182
train 0.9956 54 101 459 198
train 0.0036 41 116 133 171
train 0.0019 11 124 81 178
train 0.0011 47 122 85 182
