person 0.1072 305 179 317 185
person 0.0412 297 180 310 186
person 0.0304 0 16 3 38
person 0.0056 286 178 299 186
person 0.0040 0 25 2 43
person 0.0030 154 14 163 26
person 0.0030 315 177 325 184
person 0.0022 0 9 3 29
person 0.0020 279 178 290 185
person 0.0020 325 224 364 254
person 0.0019 297 183 310 189
person 0.0014 307 182 316 189
person 0.0012 325 173 340 184
person 0.0011 289 183 299 189
person 0.0010 38 11 46 20
car 0.9855 254 174 350 209
car 0.0017 273 177 333 188
car 0.0013 372 136 388 142
aeroplane 0.0011 12 0 470 33
train 0.0318 12 0 470 33
train 0.0087 117 9 362 31
bird 0.0027 115 247 121 253
