person 0.9993 37 30 332 330
bottle 0.7731 349 228 469 335
bottle 0.3184 486 276 500 333
bottle 0.1157 478 251 499 334
bottle 0.0262 488 260 499 313
bottle 0.0232 474 230 498 313
bottle 0.0104 456 249 493 332
bottle 0.0099 466 249 499 285
bottle 0.0042 275 220 369 329
bottle 0.0034 436 125 500 297
bottle 0.0026 32 30 458 319
bottle 0.0025 494 259 499 296
bottle 0.0025 457 223 498 289
bottle 0.0022 110 97 126 144
bottle 0.0020 471 177 499 289
bottle 0.0018 491 230 499 305
bottle 0.0017 494 276 498 314
bottle 0.0012 468 235 499 261
bottle 0.0010 435 173 463 255
bottle 0.0010 97 102 112 144
chair 0.9269 378 190 438 248
chair 0.0087 56 56 339 325
chair 0.0071 360 198 459 338
chair 0.0038 372 85 504 319
chair 0.0031 375 145 446 252
chair 0.0029 264 152 335 198
chair 0.0018 303 209 373 264
chair 0.0018 478 251 499 334
chair 0.0018 71 124 175 223
chair 0.0016 3 245 44 333
chair 0.0016 486 276 500 333
chair 0.0012 374 178 448 288
chair 0.0012 283 233 364 332
chair 0.0012 474 230 498 313
chair 0.0012 100 166 179 210
chair 0.0011 53 236 92 277
chair 0.0011 267 204 384 310
chair 0.0011 456 90 500 111
pottedplant 0.0126 153 -3 220 42
diningtable 0.0156 351 223 506 335
diningtable 0.0061 182 225 402 332
diningtable 0.0030 275 220 369 329
diningtable 0.0011 456 249 493 332
tvmonitor 0.1290 121 90 178 148
tvmonitor 0.0073 130 106 166 141
tvmonitor 0.0026 71 124 175 223
tvmonitor 0.0018 95 94 128 147
tvmonitor 0.0018 108 85 181 186
tvmonitor 0.0010 117 92 305 172
tvmonitor 0.0010 90 88 164 148
tvmonitor 0.0010 28 37 373 341
