person 0.9907 162 162 224 322
person 0.9616 224 138 269 228
person 0.2685 25 116 48 149
person 0.0550 25 117 62 156
person 0.0425 181 166 242 313
person 0.0188 54 132 69 149
person 0.0098 166 163 212 249
person 0.0095 47 133 82 164
person 0.0085 202 170 263 304
person 0.0081 46 140 81 194
person 0.0068 52 128 72 153
person 0.0065 201 177 233 302
person 0.0054 80 130 115 197
person 0.0051 213 159 257 236
person 0.0049 211 139 266 194
person 0.0044 198 167 232 234
person 0.0021 25 141 48 156
person 0.0018 50 138 63 154
person 0.0016 21 125 55 198
person 0.0015 55 138 70 154
person 0.0015 36 126 72 154
person 0.0013 30 120 43 138
person 0.0013 127 189 226 374
person 0.0012 201 167 222 203
person 0.0011 99 126 130 200
person 0.0010 229 150 262 184
car 0.0038 125 228 251 393
motorbike 0.0014 124 213 228 392
horse 0.9977 112 218 235 386
horse 0.9542 210 170 303 280
horse 0.2088 245 110 310 171
horse 0.0503 202 170 263 304
horse 0.0097 249 124 286 152
horse 0.0066 273 98 312 156
horse 0.0061 48 142 83 174
horse 0.0057 262 116 308 146
horse 0.0051 209 183 245 295
horse 0.0035 227 156 268 236
horse 0.0027 213 237 244 310
horse 0.0021 8 137 80 194
horse 0.0021 285 114 308 145
horse 0.0019 230 185 305 250
horse 0.0018 48 140 112 196
horse 0.0017 265 104 310 136
horse 0.0017 266 141 304 175
horse 0.0015 25 141 48 156
horse 0.0015 258 132 320 178
horse 0.0014 179 155 310 347
horse 0.0013 286 142 304 174
cow 0.0355 245 102 311 159
cow 0.0027 249 124 286 152
cow 0.0015 271 109 313 174
cow 0.0011 126 229 227 393
