person 0.9773 2 0 321 330
person 0.0026 384 18 503 320
person 0.0024 76 52 494 327
car 0.0042 11 -22 476 302
motorbike 0.0031 13 52 473 331
boat 0.0034 11 -22 476 302
bird 0.0099 13 52 473 331
cat 0.8141 167 7 491 331
cat 0.0931 384 18 503 320
cat 0.0024 386 101 503 228
dog 0.4728 11 5 471 334
dog 0.0088 219 17 449 328
horse 0.1917 11 5 471 334
sheep 0.0027 11 -22 476 302
cow 0.0309 11 5 471 334
chair 0.0026 262 217 308 280
chair 0.0025 11 -22 476 302
chair 0.0010 10 287 122 329
sofa 0.0082 11 -22 476 302
diningtable 0.0012 5 -21 432 300
