person 0.0231 139 164 154 177
person 0.0118 350 153 387 177
person 0.0092 360 158 378 172
person 0.0073 333 158 350 174
person 0.0059 162 160 173 174
person 0.0046 393 137 403 150
person 0.0041 171 159 185 173
person 0.0037 150 163 164 177
person 0.0036 179 163 192 176
person 0.0034 359 163 379 177
person 0.0028 308 140 316 151
person 0.0024 317 142 325 151
person 0.0022 494 133 498 156
person 0.0018 323 153 357 176
person 0.0015 342 158 355 173
person 0.0014 353 157 369 172
person 0.0014 325 159 339 174
person 0.0013 424 136 435 150
person 0.0013 82 153 217 233
person 0.0012 431 138 443 151
person 0.0011 280 139 289 154
car 0.9998 101 151 237 241
car 0.9998 280 148 415 241
car 0.9588 439 132 497 168
car 0.1300 245 141 260 151
car 0.0750 35 140 54 146
car 0.0338 495 142 499 165
car 0.0246 243 141 252 150
car 0.0187 284 139 297 154
car 0.0166 243 145 262 155
car 0.0165 317 142 325 151
car 0.0124 202 162 217 177
car 0.0099 285 145 296 155
car 0.0098 350 153 387 177
car 0.0096 431 138 443 151
car 0.0067 244 135 283 154
car 0.0060 299 141 307 150
car 0.0058 489 123 500 164
car 0.0054 308 140 316 151
car 0.0054 280 145 287 156
car 0.0053 494 133 498 156
car 0.0052 29 138 97 147
car 0.0050 271 146 280 155
car 0.0049 410 139 423 150
car 0.0043 496 147 499 175
car 0.0043 269 138 280 154
car 0.0042 319 146 326 153
car 0.0036 393 137 403 150
car 0.0035 280 139 289 154
car 0.0029 402 138 416 150
car 0.0026 256 140 268 151
car 0.0024 4 132 10 142
car 0.0023 243 144 284 158
car 0.0021 280 132 300 156
car 0.0020 196 155 217 176
car 0.0020 305 145 403 206
car 0.0020 154 142 164 149
car 0.0019 384 138 397 150
car 0.0016 192 140 203 152
car 0.0014 493 127 499 196
car 0.0014 165 153 208 176
car 0.0013 242 132 262 156
car 0.0013 424 136 435 150
car 0.0013 396 136 441 150
car 0.0012 50 138 111 149
car 0.0012 243 145 251 155
car 0.0010 439 137 450 150
car 0.0010 191 147 204 156
car 0.0010 2 135 7 146
bus 0.0092 438 130 497 166
