person 0.1485 191 169 202 179
person 0.0859 3 259 19 299
person 0.0573 181 168 193 177
person 0.0539 166 166 174 175
person 0.0392 172 166 184 175
person 0.0323 191 172 200 187
person 0.0121 156 165 217 198
person 0.0069 183 175 194 185
person 0.0062 171 163 185 169
person 0.0028 199 169 210 177
person 0.0023 152 170 161 177
person 0.0022 187 166 204 196
person 0.0022 166 164 174 170
person 0.0012 178 166 198 198
person 0.0011 180 164 191 168
person 0.0010 2 255 6 299
car 0.8980 144 161 225 197
car 0.0543 157 162 216 183
car 0.0020 159 161 214 173
car 0.0017 171 163 185 169
car 0.0013 145 163 193 183
car 0.0010 200 72 211 83
motorbike 0.0033 156 165 217 198
motorbike 0.0012 3 259 19 299
bus 0.0010 447 18 502 329
bird 0.0577 3 259 19 299
bird 0.0014 16 80 24 86
bird 0.0012 2 255 6 299
bird 0.0011 7 266 18 291
cat 0.0073 3 259 19 299
dog 0.1633 3 259 19 299
horse 0.0012 3 259 19 299
cow 0.0025 3 259 19 299
bottle 0.0010 3 259 19 299
