person 0.6354 428 -4 466 37
person 0.0411 476 0 497 22
person 0.0311 298 6 368 54
person 0.0153 491 0 498 18
person 0.0142 1 16 28 87
person 0.0108 422 0 457 28
person 0.0086 53 2 85 74
person 0.0084 119 20 513 342
person 0.0072 0 16 8 83
person 0.0067 419 0 437 37
person 0.0064 327 13 350 50
person 0.0059 435 5 500 61
person 0.0058 0 -16 5 75
person 0.0050 457 1 471 19
person 0.0047 399 0 469 38
person 0.0044 0 10 2 47
person 0.0042 257 5 338 52
person 0.0041 67 4 103 69
person 0.0034 474 -4 499 73
person 0.0033 162 7 412 65
person 0.0033 421 0 432 23
person 0.0032 485 -5 499 26
person 0.0030 66 2 81 59
person 0.0030 475 27 499 115
person 0.0027 443 1 485 35
person 0.0027 405 2 428 37
person 0.0027 455 0 475 33
person 0.0026 494 -4 498 10
person 0.0023 392 0 425 25
person 0.0022 3 3 40 74
person 0.0019 458 -1 495 25
person 0.0019 271 0 363 42
person 0.0017 174 12 475 94
person 0.0017 38 3 67 66
person 0.0014 313 14 329 48
person 0.0013 53 3 68 57
person 0.0013 437 19 498 165
person 0.0013 0 14 2 83
person 0.0012 145 9 346 96
person 0.0012 472 1 482 19
person 0.0012 493 5 498 30
person 0.0011 493 28 500 106
person 0.0011 300 14 321 48
person 0.0011 453 11 500 93
person 0.0010 321 8 499 263
person 0.0010 292 13 315 47
person 0.0010 478 8 494 24
person 0.0010 488 0 499 58
bicycle 0.0601 108 32 150 65
bicycle 0.0453 1 31 27 84
bicycle 0.0400 76 9 140 63
bicycle 0.0314 0 28 10 86
bicycle 0.0267 321 8 499 263
bicycle 0.0181 119 20 513 342
bicycle 0.0175 104 9 189 65
bicycle 0.0138 112 12 302 101
bicycle 0.0126 54 7 121 66
bicycle 0.0100 126 60 197 118
bicycle 0.0094 53 2 85 74
bicycle 0.0069 438 75 497 225
bicycle 0.0049 105 3 243 77
bicycle 0.0044 372 67 495 345
bicycle 0.0042 100 39 191 108
bicycle 0.0035 64 14 81 61
bicycle 0.0032 376 63 499 211
bicycle 0.0028 84 16 122 58
bicycle 0.0023 0 47 4 86
bicycle 0.0020 54 14 69 61
bicycle 0.0019 80 10 208 106
bicycle 0.0019 115 24 161 56
bicycle 0.0018 437 19 498 165
bicycle 0.0017 3 3 40 74
bicycle 0.0016 453 129 496 208
bicycle 0.0016 153 2 285 35
bicycle 0.0015 413 95 498 277
bicycle 0.0015 0 27 2 91
bicycle 0.0013 0 21 14 200
bicycle 0.0013 480 40 499 181
bicycle 0.0012 102 22 141 58
bicycle 0.0011 82 17 100 58
bicycle 0.0011 38 3 67 66
bicycle 0.0011 152 4 343 70
bicycle 0.0011 136 21 182 54
bicycle 0.0010 0 30 7 120
car 0.5474 1 16 28 87
car 0.0878 75 -3 503 291
car 0.0228 0 28 10 86
car 0.0039 3 3 40 74
car 0.0039 85 43 410 227
car 0.0033 475 27 499 115
car 0.0024 119 2 303 76
car 0.0022 108 32 150 65
car 0.0019 0 -3 5 83
car 0.0014 84 16 122 58
car 0.0013 190 14 456 190
car 0.0012 312 11 504 206
car 0.0011 1 10 19 170
car 0.0010 492 17 499 100
motorbike 0.9700 84 23 495 340
motorbike 0.7426 101 11 252 106
motorbike 0.5404 1 16 28 87
motorbike 0.2235 25 31 314 246
motorbike 0.1613 121 9 203 60
motorbike 0.1137 119 2 303 76
motorbike 0.0603 105 21 186 77
motorbike 0.0312 126 60 197 118
motorbike 0.0290 100 39 191 108
motorbike 0.0286 92 22 402 178
motorbike 0.0249 146 9 258 55
motorbike 0.0192 5 74 195 259
motorbike 0.0177 321 8 499 263
motorbike 0.0138 121 16 200 122
motorbike 0.0123 97 24 153 74
motorbike 0.0123 105 39 312 144
motorbike 0.0119 0 28 10 86
motorbike 0.0116 142 20 214 79
motorbike 0.0115 146 17 190 43
motorbike 0.0094 141 2 221 39
motorbike 0.0086 157 10 415 95
motorbike 0.0082 161 21 278 85
motorbike 0.0082 439 28 497 194
motorbike 0.0080 156 21 200 56
motorbike 0.0077 79 2 204 76
motorbike 0.0071 3 3 40 74
motorbike 0.0070 29 10 166 111
motorbike 0.0064 153 2 285 35
motorbike 0.0064 136 21 182 54
motorbike 0.0046 162 16 210 43
motorbike 0.0038 205 7 315 53
motorbike 0.0035 144 5 187 62
motorbike 0.0029 478 27 499 153
motorbike 0.0029 146 3 188 36
motorbike 0.0026 145 41 213 106
motorbike 0.0024 374 13 502 108
motorbike 0.0021 374 27 500 178
motorbike 0.0020 182 44 396 151
motorbike 0.0018 76 9 140 63
motorbike 0.0015 68 43 211 144
motorbike 0.0012 1 10 19 170
motorbike 0.0011 82 82 337 187
motorbike 0.0011 389 7 475 53
motorbike 0.0010 474 8 499 101
motorbike 0.0010 103 1 187 42
motorbike 0.0010 167 32 202 61
motorbike 0.0010 143 33 193 60
boat 0.0012 43 57 467 353
bottle 0.0188 156 204 205 277
bottle 0.0010 475 27 499 115
chair 0.0035 3 38 199 244
chair 0.0019 43 57 467 353
sofa 0.0042 43 57 467 353
diningtable 0.0023 43 57 467 353
