person 0.9993 204 51 341 204
person 0.9925 14 142 254 371
person 0.9921 377 248 498 375
person 0.9784 384 84 500 243
person 0.8983 0 49 94 345
person 0.1061 443 253 499 375
person 0.0225 202 204 506 375
person 0.0148 139 216 220 339
person 0.0090 0 257 16 371
person 0.0090 481 119 499 274
person 0.0087 134 234 197 303
person 0.0057 486 57 499 222
person 0.0052 477 254 499 373
person 0.0049 315 79 503 286
person 0.0048 5 28 177 362
person 0.0043 474 16 498 299
person 0.0041 101 163 314 357
person 0.0039 453 101 499 292
person 0.0034 485 166 499 341
person 0.0034 1 95 60 410
person 0.0028 0 6 15 48
person 0.0022 444 127 499 380
person 0.0021 0 10 10 30
person 0.0020 439 248 500 298
person 0.0019 493 195 499 284
person 0.0018 474 97 500 410
person 0.0016 2 172 504 360
person 0.0013 492 70 499 160
person 0.0013 490 227 498 292
person 0.0013 -1 146 114 294
person 0.0012 376 207 498 331
person 0.0012 182 66 336 307
person 0.0011 0 199 16 349
person 0.0011 132 226 168 289
person 0.0010 338 129 484 237
person 0.0010 489 119 499 187
bottle 0.0336 386 216 406 267
bottle 0.0307 389 265 427 319
bottle 0.0093 422 230 451 287
bottle 0.0067 236 176 261 232
bottle 0.0066 372 220 390 253
bottle 0.0036 493 66 500 126
bottle 0.0019 496 76 499 116
bottle 0.0011 492 70 499 160
chair 0.1411 385 117 427 192
chair 0.0621 0 282 16 376
chair 0.0491 154 289 216 345
chair 0.0418 143 236 220 347
chair 0.0275 179 321 219 351
chair 0.0264 481 119 499 274
chair 0.0227 382 89 500 255
chair 0.0217 169 301 223 354
chair 0.0179 199 60 335 207
chair 0.0175 334 179 388 205
chair 0.0171 394 119 419 166
chair 0.0128 1 286 10 385
chair 0.0098 1 147 210 369
chair 0.0090 487 119 500 168
chair 0.0079 212 98 312 142
chair 0.0074 494 111 499 254
chair 0.0047 381 132 398 191
chair 0.0034 335 176 345 189
chair 0.0034 453 101 499 292
chair 0.0023 1 288 45 375
chair 0.0023 493 183 499 277
chair 0.0022 0 38 71 387
chair 0.0022 325 158 392 204
chair 0.0022 394 122 473 194
chair 0.0019 486 57 499 222
chair 0.0018 330 155 346 190
chair 0.0017 0 199 16 349
chair 0.0014 205 115 316 165
chair 0.0014 24 253 242 357
chair 0.0014 4 304 19 367
chair 0.0013 485 166 499 341
chair 0.0013 335 163 344 184
chair 0.0012 492 129 498 157
chair 0.0012 495 134 498 171
chair 0.0012 336 177 405 216
chair 0.0012 203 115 233 198
chair 0.0011 210 128 310 186
chair 0.0011 1 267 10 347
chair 0.0011 301 124 339 193
chair 0.0010 489 89 498 161
chair 0.0010 188 329 220 357
sofa 0.0130 385 117 427 192
sofa 0.0116 1 147 210 369
sofa 0.0047 382 89 500 255
sofa 0.0040 481 119 499 274
sofa 0.0031 -3 58 91 368
sofa 0.0024 0 257 16 371
sofa 0.0016 199 60 335 207
pottedplant 0.0027 489 89 498 161
diningtable 0.9964 174 179 479 365
diningtable 0.0073 487 119 500 168
diningtable 0.0017 339 247 493 371
diningtable 0.0011 221 255 425 354
diningtable 0.0011 489 89 498 161
tvmonitor 0.0012 3 2 66 56
