person 0.9998 141 -2 497 374
person 0.8239 -3 70 195 367
person 0.0033 446 -31 498 421
person 0.0031 7 0 336 389
person 0.0027 0 -10 120 317
person 0.0026 475 -33 498 424
person 0.0023 476 256 499 368
person 0.0018 8 3 128 134
person 0.0015 483 -7 499 170
person 0.0014 381 14 496 361
person 0.0011 491 14 499 378
chair 0.0248 143 258 177 333
chair 0.0124 52 -8 461 384
chair 0.0094 146 202 188 261
chair 0.0056 144 208 186 302
chair 0.0049 2 155 182 369
chair 0.0028 476 256 499 368
chair 0.0013 -3 6 132 366
chair 0.0011 10 27 234 366
chair 0.0010 147 250 182 283
chair 0.0010 485 178 499 369
sofa 0.0158 113 40 483 383
sofa 0.0018 476 256 499 368
diningtable 0.0013 113 40 483 383
