person 0.9975 112 62 207 189
person 0.9914 257 36 292 122
person 0.9640 333 33 362 101
person 0.9549 438 30 466 101
person 0.8694 172 59 201 115
person 0.8449 235 61 254 95
person 0.7501 207 59 227 114
person 0.5175 396 35 417 81
person 0.3833 405 31 430 101
person 0.2901 214 59 232 111
person 0.1130 204 63 214 77
person 0.1072 199 63 215 110
person 0.0961 177 61 197 97
person 0.0940 203 70 211 84
person 0.0755 458 45 499 130
person 0.0584 223 60 232 77
person 0.0470 224 64 257 112
person 0.0465 284 32 300 47
person 0.0453 185 61 216 116
person 0.0422 210 64 217 75
person 0.0344 280 30 292 47
person 0.0341 411 31 429 67
person 0.0308 217 57 235 83
person 0.0302 238 63 250 77
person 0.0280 228 60 237 79
person 0.0263 259 38 284 81
person 0.0260 415 30 434 90
person 0.0213 226 59 243 95
person 0.0192 193 62 201 77
person 0.0169 159 92 206 168
person 0.0161 188 64 204 110
person 0.0160 393 32 412 70
person 0.0147 194 71 202 84
person 0.0146 171 64 189 92
person 0.0125 265 60 286 112
person 0.0124 240 70 250 83
person 0.0124 279 27 310 49
person 0.0121 221 70 229 85
person 0.0118 115 34 123 45
person 0.0108 248 62 263 111
person 0.0108 245 60 277 117
person 0.0098 181 115 217 176
person 0.0096 295 34 312 47
person 0.0094 188 123 210 170
person 0.0090 212 71 219 83
person 0.0086 189 71 257 115
person 0.0086 231 72 238 83
person 0.0083 254 79 269 116
person 0.0083 145 33 434 105
person 0.0083 61 37 76 54
person 0.0063 179 70 198 117
person 0.0062 199 58 216 84
person 0.0058 457 37 469 79
person 0.0057 0 38 4 60
person 0.0057 4 25 27 57
person 0.0057 416 34 425 47
person 0.0056 405 36 412 44
person 0.0054 430 35 444 97
person 0.0052 375 16 398 48
person 0.0050 447 33 467 67
person 0.0050 275 26 294 49
person 0.0049 258 42 272 94
person 0.0048 186 64 192 74
person 0.0048 492 44 499 128
person 0.0047 223 110 431 176
person 0.0046 380 32 394 45
person 0.0046 303 33 317 48
person 0.0046 414 40 426 56
person 0.0045 265 53 286 84
person 0.0044 17 39 30 57
person 0.0043 8 39 24 57
person 0.0041 206 58 226 83
person 0.0039 476 46 492 93
person 0.0036 200 63 233 93
person 0.0035 167 68 235 116
person 0.0034 244 113 460 269
person 0.0032 183 29 194 68
person 0.0032 255 50 269 105
person 0.0031 132 88 279 177
person 0.0030 184 29 464 176
person 0.0029 200 81 211 92
person 0.0029 115 42 129 56
person 0.0028 346 101 390 130
person 0.0027 53 26 76 55
person 0.0025 218 60 255 93
person 0.0024 494 68 499 164
person 0.0024 0 47 3 68
person 0.0024 59 34 69 48
person 0.0023 124 35 132 44
person 0.0023 37 31 309 98
person 0.0022 208 54 219 66
person 0.0022 184 36 192 57
person 0.0022 49 31 60 49
person 0.0022 124 66 286 142
person 0.0021 414 28 434 56
person 0.0021 404 42 412 55
person 0.0021 222 56 230 67
person 0.0020 269 35 279 44
person 0.0019 421 35 427 43
person 0.0019 121 42 134 55
car 0.0010 184 138 407 237
motorbike 0.0018 195 84 236 108
dog 0.0117 228 136 427 266
dog 0.0024 169 109 201 146
dog 0.0023 116 76 204 209
dog 0.0014 346 101 380 130
dog 0.0012 257 95 268 113
dog 0.0011 245 91 266 118
dog 0.0010 248 96 262 115
horse 0.9809 220 133 438 266
horse 0.0028 400 133 438 193
horse 0.0018 186 85 262 129
horse 0.0014 189 71 257 115
horse 0.0013 116 76 204 209
sheep 0.0012 226 131 430 255
cow 0.0162 228 136 427 266
bottle 0.0024 212 71 219 83
bottle 0.0020 231 83 241 92
bottle 0.0018 239 81 250 93
bottle 0.0013 231 72 238 83
bottle 0.0012 203 70 211 84
bottle 0.0010 272 57 277 62
chair 0.0051 116 76 204 209
chair 0.0045 239 81 250 93
chair 0.0031 200 81 211 92
chair 0.0028 105 125 185 180
chair 0.0027 235 62 255 108
chair 0.0018 203 70 211 84
chair 0.0018 96 124 121 162
chair 0.0016 249 82 259 92
chair 0.0013 192 90 204 104
chair 0.0013 231 72 238 83
chair 0.0013 199 88 211 102
chair 0.0013 246 78 265 118
chair 0.0012 193 81 202 93
chair 0.0010 196 76 215 114
chair 0.0010 231 83 241 92
pottedplant 0.0053 375 16 398 48
pottedplant 0.0034 284 29 317 49
pottedplant 0.0028 331 14 353 47
pottedplant 0.0016 380 32 394 45
pottedplant 0.0014 339 25 348 38
pottedplant 0.0012 295 34 312 47
pottedplant 0.0011 284 32 300 47
pottedplant 0.0011 280 30 292 47
pottedplant 0.0011 303 33 317 48
pottedplant 0.0010 343 25 352 37
pottedplant 0.0010 278 25 290 37
diningtable 0.0085 200 81 211 92
diningtable 0.0057 216 87 258 109
diningtable 0.0024 189 71 257 115
diningtable 0.0022 203 70 211 84
diningtable 0.0018 239 81 250 93
diningtable 0.0017 231 83 241 92
diningtable 0.0016 195 84 236 108
diningtable 0.0013 193 81 202 93
