person 0.0032 440 116 451 128
person 0.0024 446 115 466 124
person 0.0017 457 117 475 128
person 0.0017 443 116 471 127
car 0.0023 440 115 475 128
bird 0.0051 440 115 475 128
bird 0.0034 457 117 475 128
bird 0.0017 440 116 451 128
bird 0.0011 446 115 466 124
cat 0.9977 42 62 243 230
cat 0.0012 -4 112 298 322
dog 0.0013 440 115 475 128
chair 0.1306 -7 144 302 333
chair 0.0160 50 59 266 260
chair 0.0017 440 115 475 128
chair 0.0010 -11 2 344 339
diningtable 0.2510 -4 112 298 322
diningtable 0.0016 45 102 239 219
diningtable 0.0016 50 59 266 260
