person 0.0062 464 180 501 262
person 0.0010 476 151 499 247
dog 0.0074 359 254 497 366
bottle 0.0024 465 192 481 207
bottle 0.0019 489 198 498 210
bottle 0.0014 468 190 478 200
bottle 0.0014 492 201 499 217
chair 0.9986 143 170 206 290
chair 0.9461 398 180 464 254
chair 0.8853 103 164 146 263
chair 0.4036 332 250 501 373
chair 0.0707 377 193 455 266
chair 0.0624 184 169 213 258
chair 0.0534 204 217 230 259
chair 0.0457 122 175 162 258
chair 0.0342 95 168 153 219
chair 0.0315 164 171 206 257
chair 0.0296 489 198 498 210
chair 0.0249 462 202 501 267
chair 0.0182 127 208 147 256
chair 0.0099 107 164 146 201
chair 0.0071 121 207 140 257
chair 0.0057 139 223 200 289
chair 0.0057 141 175 184 256
chair 0.0056 94 171 130 262
chair 0.0053 461 191 495 215
chair 0.0053 104 164 120 201
chair 0.0045 492 201 499 217
chair 0.0040 106 178 228 281
chair 0.0040 147 201 167 239
chair 0.0039 139 202 158 239
chair 0.0038 79 159 139 275
chair 0.0037 472 217 499 263
chair 0.0035 191 177 207 243
chair 0.0034 0 221 57 367
chair 0.0026 487 192 499 229
chair 0.0025 199 183 232 254
chair 0.0023 462 196 476 207
chair 0.0020 493 184 500 277
chair 0.0019 130 202 150 240
chair 0.0017 110 219 130 261
chair 0.0014 190 204 250 316
chair 0.0014 129 213 168 248
chair 0.0014 465 192 481 207
chair 0.0014 467 286 500 374
chair 0.0013 428 183 462 252
chair 0.0013 197 173 209 231
chair 0.0012 451 206 466 254
chair 0.0011 459 190 479 213
chair 0.0011 212 216 233 246
sofa 0.8121 332 250 501 373
sofa 0.0114 375 180 461 257
sofa 0.0068 1 202 62 350
sofa 0.0033 13 168 128 337
sofa 0.0019 143 170 207 277
sofa 0.0010 97 165 154 263
sofa 0.0010 341 212 480 316
pottedplant 0.7869 12 171 127 304
pottedplant 0.4248 0 221 57 367
pottedplant 0.0629 237 42 393 315
pottedplant 0.0626 2 247 48 336
pottedplant 0.0200 3 185 61 248
pottedplant 0.0183 2 163 64 310
pottedplant 0.0132 146 176 168 210
pottedplant 0.0092 94 171 130 262
pottedplant 0.0090 0 245 25 378
pottedplant 0.0060 26 240 65 308
pottedplant 0.0042 64 166 140 302
pottedplant 0.0042 -1 178 34 372
pottedplant 0.0038 0 179 5 263
pottedplant 0.0030 132 182 170 206
pottedplant 0.0029 2 162 20 273
pottedplant 0.0028 67 259 107 295
pottedplant 0.0023 12 184 118 243
pottedplant 0.0017 141 168 177 236
pottedplant 0.0016 1 185 22 327
pottedplant 0.0015 152 185 165 200
pottedplant 0.0014 42 206 129 266
pottedplant 0.0014 2 225 63 284
pottedplant 0.0014 63 218 109 296
pottedplant 0.0013 222 179 418 283
pottedplant 0.0013 11 254 73 326
pottedplant 0.0013 1 286 43 378
pottedplant 0.0013 48 199 119 341
pottedplant 0.0012 21 195 66 276
pottedplant 0.0011 151 196 166 208
pottedplant 0.0010 26 171 108 228
diningtable 0.5603 457 201 500 267
diningtable 0.2709 6 234 352 378
diningtable 0.1716 457 203 500 221
diningtable 0.0557 127 202 159 261
diningtable 0.0248 129 193 170 210
diningtable 0.0167 109 200 143 265
diningtable 0.0156 94 177 159 251
diningtable 0.0141 461 191 495 215
diningtable 0.0131 22 174 141 325
diningtable 0.0102 17 152 484 388
diningtable 0.0068 113 202 164 220
diningtable 0.0055 128 207 167 234
diningtable 0.0049 461 208 502 229
diningtable 0.0045 489 198 498 210
diningtable 0.0039 96 196 164 210
diningtable 0.0037 496 213 500 227
diningtable 0.0036 464 220 500 260
diningtable 0.0036 213 217 232 224
diningtable 0.0035 137 198 159 206
diningtable 0.0034 201 218 233 245
diningtable 0.0031 127 208 147 256
diningtable 0.0030 450 173 502 295
diningtable 0.0030 132 182 170 206
diningtable 0.0027 492 201 499 217
diningtable 0.0024 409 180 487 253
diningtable 0.0023 0 235 53 382
diningtable 0.0022 189 243 252 314
diningtable 0.0020 131 199 149 207
diningtable 0.0020 130 202 150 240
diningtable 0.0020 139 202 158 239
diningtable 0.0020 78 296 412 372
diningtable 0.0019 463 207 487 214
diningtable 0.0017 332 273 496 376
diningtable 0.0016 95 168 153 219
diningtable 0.0014 200 205 233 264
diningtable 0.0014 135 177 204 254
diningtable 0.0014 492 178 499 265
diningtable 0.0013 106 178 228 281
diningtable 0.0013 151 196 166 208
diningtable 0.0013 452 194 518 243
diningtable 0.0013 129 213 168 248
diningtable 0.0012 140 205 155 217
diningtable 0.0012 487 192 499 229
diningtable 0.0011 394 194 467 265
diningtable 0.0011 133 214 145 227
diningtable 0.0011 32 261 155 365
diningtable 0.0010 198 213 234 232
diningtable 0.0010 88 202 152 219
