person 0.0039 289 35 304 57
bird 0.0105 244 75 257 85
bird 0.0051 31 37 39 43
bird 0.0024 182 38 203 63
bird 0.0017 32 1 37 5
bird 0.0017 151 111 159 116
bird 0.0010 133 121 138 127
dog 0.0017 182 38 203 63
dog 0.0013 289 35 308 59
dog 0.0010 169 32 202 62
horse 0.1876 286 37 306 61
horse 0.1447 287 44 302 59
horse 0.0420 162 32 195 59
horse 0.0219 172 36 203 63
horse 0.0065 162 34 178 54
horse 0.0042 293 43 305 58
horse 0.0015 31 37 39 43
horse 0.0010 0 44 3 58
sheep 0.9177 180 37 201 62
sheep 0.8584 161 32 182 56
sheep 0.7328 287 36 306 59
sheep 0.1463 287 44 302 59
sheep 0.0904 129 22 135 25
sheep 0.0740 188 45 202 62
sheep 0.0372 164 36 197 63
sheep 0.0331 183 43 197 61
sheep 0.0293 31 37 39 43
sheep 0.0239 180 36 195 52
sheep 0.0199 0 40 3 52
sheep 0.0188 133 22 139 25
sheep 0.0162 163 31 178 41
sheep 0.0156 170 30 183 38
sheep 0.0112 51 6 59 11
sheep 0.0108 79 13 85 17
sheep 0.0082 0 44 3 58
sheep 0.0080 293 43 305 58
sheep 0.0071 56 7 61 11
sheep 0.0067 337 65 363 73
sheep 0.0066 32 1 37 5
sheep 0.0026 381 56 394 59
sheep 0.0023 178 33 190 40
sheep 0.0021 151 111 159 116
sheep 0.0018 163 45 173 58
sheep 0.0018 69 12 75 15
sheep 0.0016 370 55 393 59
sheep 0.0016 331 57 369 72
sheep 0.0015 0 28 3 41
sheep 0.0015 58 9 63 13
sheep 0.0012 381 58 393 61
sheep 0.0011 362 72 377 78
sheep 0.0011 187 38 200 53
sheep 0.0010 87 15 91 17
sheep 0.0010 370 57 392 61
sheep 0.0010 242 75 256 85
cow 0.0508 286 37 306 61
cow 0.0406 287 44 302 59
cow 0.0152 172 36 203 63
cow 0.0124 161 32 182 56
cow 0.0044 31 37 39 43
cow 0.0028 0 40 3 52
cow 0.0025 0 44 3 58
cow 0.0018 129 22 135 25
cow 0.0013 293 43 305 58
cow 0.0012 188 45 202 62
chair 0.0014 287 44 302 59
