person 0.9391 232 22 500 316
person 0.6985 0 0 129 49
person 0.0688 46 0 159 44
person 0.0501 149 85 423 308
person 0.0380 0 36 95 204
person 0.0150 159 170 340 264
person 0.0120 23 39 472 299
person 0.0107 51 0 97 31
person 0.0076 18 -3 149 79
person 0.0023 88 0 190 38
person 0.0022 -4 0 65 44
person 0.0012 220 10 490 103
person 0.0011 36 16 134 57
car 0.0172 186 3 471 102
car 0.0045 172 33 312 132
car 0.0012 238 36 493 119
motorbike 0.0012 9 -4 129 79
aeroplane 0.0012 186 3 471 102
bus 0.0035 172 33 312 132
bus 0.0023 186 3 471 102
train 0.0019 180 2 481 157
boat 0.0019 186 3 471 102
cat 0.0159 -1 52 94 259
dog 0.8862 4 24 102 302
dog 0.0036 0 51 69 260
dog 0.0014 1 72 185 326
sheep 0.0011 -1 39 96 233
cow 0.0018 -1 39 96 233
chair 0.0231 236 64 497 320
chair 0.0040 0 0 129 49
chair 0.0025 149 85 423 308
chair 0.0013 119 171 389 324
chair 0.0012 159 170 340 264
sofa 0.0056 236 64 497 320
sofa 0.0012 5 -7 133 61
diningtable 0.0035 180 2 481 157
diningtable 0.0016 98 30 485 308
diningtable 0.0010 158 221 398 330
