person 0.9341 118 3 317 176
person 0.0064 145 57 295 161
person 0.0021 456 193 499 302
person 0.0013 76 11 252 131
car 0.0199 38 -7 467 248
car 0.0049 163 32 319 176
boat 0.0010 38 -7 467 248
cat 0.0017 107 107 184 147
bottle 0.7341 156 150 174 210
bottle 0.0543 323 179 346 222
bottle 0.0198 276 160 295 205
bottle 0.0197 152 131 179 210
bottle 0.0176 205 215 230 258
bottle 0.0176 230 209 258 267
bottle 0.0144 227 164 260 217
bottle 0.0142 94 209 127 270
bottle 0.0115 321 186 350 250
bottle 0.0096 152 158 178 236
bottle 0.0061 335 211 373 264
bottle 0.0056 100 239 123 269
bottle 0.0039 219 170 237 211
bottle 0.0015 161 151 172 169
bottle 0.0012 340 206 379 242
bottle 0.0012 240 176 260 221
bottle 0.0012 343 168 367 210
bottle 0.0012 126 117 172 148
bottle 0.0011 103 221 132 297
bottle 0.0011 130 226 169 264
chair 0.1498 456 182 498 310
chair 0.0207 40 0 463 184
chair 0.0187 74 13 213 127
chair 0.0074 -1 187 107 297
chair 0.0052 451 92 500 318
chair 0.0052 119 1 324 211
chair 0.0018 472 164 497 286
chair 0.0010 279 284 437 312
sofa 0.8930 38 -7 467 248
sofa 0.8864 153 5 330 211
sofa 0.2459 456 182 498 310
sofa 0.1202 109 14 458 168
sofa 0.0063 296 17 482 226
sofa 0.0060 74 13 213 127
sofa 0.0046 -1 187 107 297
sofa 0.0025 451 92 500 318
sofa 0.0016 472 164 497 286
sofa 0.0013 64 1 290 164
sofa 0.0011 145 57 295 161
sofa 0.0010 33 91 472 301
diningtable 0.3162 61 167 450 304
diningtable 0.0127 -1 187 107 297
diningtable 0.0039 38 14 470 279
diningtable 0.0024 33 226 403 300
diningtable 0.0022 456 206 498 307
diningtable 0.0021 28 136 168 227
diningtable 0.0013 105 157 395 239
diningtable 0.0011 171 12 314 163
tvmonitor 0.0013 40 0 463 184
