person 0.7602 -1 0 63 271
person 0.0143 0 -1 101 370
person 0.0021 -1 22 29 370
person 0.0011 5 -4 170 232
bicycle 0.0078 47 -2 475 318
bicycle 0.0073 7 5 76 239
bicycle 0.0016 1 27 58 363
bicycle 0.0014 150 164 496 355
car 0.5410 47 -2 475 318
car 0.0023 112 16 468 191
car 0.0021 7 5 76 239
car 0.0021 37 13 321 194
car 0.0011 238 9 399 77
motorbike 0.8244 69 -5 502 368
motorbike 0.0115 159 114 491 348
motorbike 0.0017 8 24 74 248
aeroplane 0.0054 125 0 502 364
bus 0.0160 47 -2 475 318
train 0.0541 46 4 474 363
bottle 0.0023 47 -2 475 318
diningtable 0.0015 55 63 463 365
