person 0.2246 241 12 248 23
person 0.1898 484 136 499 296
person 0.1036 414 7 418 14
person 0.0196 240 6 248 18
person 0.0158 472 13 480 19
person 0.0127 477 49 500 344
person 0.0126 469 3 486 11
person 0.0118 487 62 499 255
person 0.0077 489 174 499 266
person 0.0061 493 160 499 299
person 0.0053 477 5 489 13
person 0.0052 486 164 499 221
person 0.0049 479 14 496 22
person 0.0036 485 196 499 348
person 0.0031 488 16 498 24
person 0.0030 492 126 499 220
person 0.0027 239 23 247 27
person 0.0020 495 81 499 227
person 0.0015 493 220 500 298
person 0.0014 494 0 498 20
car 0.0016 284 9 299 14
car 0.0015 388 1 407 6
car 0.0013 449 3 461 8
boat 0.1363 241 12 248 23
boat 0.0346 239 23 247 27
boat 0.0314 488 16 498 24
boat 0.0207 240 6 248 18
boat 0.0201 230 3 244 16
boat 0.0179 284 9 299 14
boat 0.0124 479 14 496 22
boat 0.0107 276 7 293 14
boat 0.0070 469 3 486 11
boat 0.0041 472 13 480 19
boat 0.0038 249 4 299 15
boat 0.0035 461 0 495 16
boat 0.0034 457 10 499 23
boat 0.0029 232 14 242 19
boat 0.0022 229 -2 247 20
boat 0.0020 263 6 282 13
boat 0.0018 477 5 489 13
boat 0.0017 255 5 274 12
boat 0.0014 489 21 499 29
boat 0.0013 494 0 498 20
boat 0.0012 296 9 308 14
boat 0.0011 463 0 492 7
boat 0.0010 249 4 262 11
boat 0.0010 225 0 265 18
bird 0.0057 239 23 247 27
bird 0.0042 241 12 248 23
dog 0.9988 198 112 321 237
dog 0.0263 484 156 499 311
dog 0.0018 486 182 499 240
horse 0.0078 484 136 499 296
sheep 0.0044 484 136 499 296
sheep 0.0019 489 174 499 266
cow 0.0015 484 156 499 311
