person 0.0585 271 129 281 142
person 0.0392 212 131 220 141
person 0.0290 275 129 286 142
person 0.0263 470 156 478 171
person 0.0252 288 153 298 168
person 0.0211 162 138 171 149
person 0.0166 481 157 488 170
person 0.0143 212 135 218 143
person 0.0115 219 131 227 140
person 0.0100 493 153 498 171
person 0.0098 471 161 478 176
person 0.0088 313 122 328 163
person 0.0081 432 157 439 170
person 0.0074 288 148 297 163
person 0.0072 480 162 487 174
person 0.0071 316 142 327 163
person 0.0066 314 137 331 168
person 0.0062 443 152 451 169
person 0.0060 465 144 471 157
person 0.0055 459 154 470 173
person 0.0052 469 172 477 191
person 0.0051 261 129 269 141
person 0.0037 405 165 416 172
person 0.0036 424 155 432 169
person 0.0034 205 131 213 141
person 0.0030 368 155 376 168
person 0.0029 466 154 481 189
person 0.0028 172 137 180 145
person 0.0027 275 169 288 188
person 0.0027 221 135 227 142
person 0.0025 276 134 285 144
person 0.0024 324 154 336 169
person 0.0024 462 174 473 191
person 0.0021 297 164 306 178
person 0.0019 456 148 473 176
person 0.0019 296 157 305 169
person 0.0019 432 163 438 172
person 0.0018 64 143 76 157
person 0.0018 470 147 479 160
person 0.0017 1 135 6 149
person 0.0017 493 160 498 180
person 0.0017 285 147 302 177
person 0.0017 493 144 499 162
person 0.0016 316 134 326 151
person 0.0014 276 165 287 182
person 0.0014 314 125 325 145
person 0.0013 260 136 266 143
person 0.0012 269 164 280 183
person 0.0012 453 153 464 172
person 0.0012 318 151 329 168
person 0.0010 480 145 491 162
person 0.0010 261 173 273 187
person 0.0010 462 163 473 175
person 0.0010 59 144 70 157
car 0.0056 1 147 6 158
car 0.0037 5 138 20 148
car 0.0033 493 153 498 171
car 0.0031 1 135 6 149
car 0.0031 12 143 71 156
car 0.0021 89 58 427 209
car 0.0020 493 160 498 180
car 0.0019 64 143 76 157
car 0.0019 481 157 488 170
car 0.0018 6 146 19 154
car 0.0016 67 139 76 152
car 0.0012 470 156 478 171
aeroplane 0.0174 129 51 453 206
aeroplane 0.0010 438 151 499 194
bus 0.0033 89 58 427 209
bus 0.0014 493 144 499 162
bus 0.0013 493 153 498 171
bus 0.0012 488 142 499 181
bus 0.0012 420 140 435 170
train 0.0034 89 58 427 209
boat 0.7471 129 51 453 206
boat 0.0143 20 52 472 273
boat 0.0098 126 124 311 206
boat 0.0026 12 143 71 156
boat 0.0010 453 170 496 195
