person 0.9095 377 210 400 285
person 0.0183 146 196 154 224
person 0.0175 101 206 106 215
person 0.0106 380 207 400 241
person 0.0103 103 195 111 211
person 0.0074 87 206 91 214
person 0.0059 104 204 110 214
person 0.0034 101 198 107 211
person 0.0030 147 197 153 212
person 0.0022 116 198 123 211
person 0.0016 73 133 368 248
person 0.0015 367 220 396 293
person 0.0012 384 208 394 221
person 0.0011 496 239 499 260
car 0.0018 8 275 20 281
car 0.0015 12 275 33 282
car 0.0011 465 239 481 247
train 0.9996 59 123 391 289
