person 0.9911 234 26 390 184
person 0.8474 179 130 234 175
person 0.5588 96 125 158 175
person 0.0839 96 133 129 170
person 0.0607 24 171 39 182
person 0.0229 183 131 208 165
person 0.0222 73 194 91 228
person 0.0179 93 130 132 195
person 0.0175 54 136 151 279
person 0.0165 55 194 72 227
person 0.0164 93 124 160 216
person 0.0101 71 132 149 192
person 0.0096 150 129 222 171
person 0.0092 77 199 89 220
person 0.0082 206 135 228 165
person 0.0079 197 128 235 161
person 0.0063 106 127 154 157
person 0.0061 65 206 74 226
person 0.0052 130 129 165 153
person 0.0049 62 193 79 227
person 0.0045 80 195 97 239
person 0.0044 126 147 243 267
person 0.0037 18 173 32 183
person 0.0032 121 118 224 202
person 0.0031 209 143 223 160
person 0.0030 83 198 94 216
person 0.0030 122 129 161 192
person 0.0029 111 127 132 156
person 0.0023 58 204 70 226
person 0.0019 0 197 2 239
person 0.0019 112 128 130 138
person 0.0019 0 170 6 246
person 0.0017 41 192 63 227
person 0.0015 8 175 22 183
person 0.0015 3 173 44 238
person 0.0014 0 173 5 184
person 0.0010 119 137 209 184
person 0.0010 23 172 41 205
person 0.0010 114 129 129 149
car 0.0025 5 180 83 234
car 0.0016 119 154 253 287
horse 0.9978 220 109 493 309
horse 0.9969 44 143 170 291
horse 0.9846 134 148 262 295
horse 0.0202 5 180 83 234
horse 0.0151 93 126 158 191
horse 0.0107 24 171 39 182
horse 0.0104 73 194 91 228
horse 0.0098 246 188 279 256
horse 0.0075 231 36 421 263
horse 0.0045 167 175 333 276
horse 0.0041 256 191 276 249
horse 0.0038 3 173 44 238
horse 0.0034 143 198 255 252
horse 0.0030 193 139 377 258
horse 0.0030 34 201 72 229
horse 0.0028 50 180 157 232
horse 0.0026 227 129 291 281
horse 0.0025 133 179 263 231
horse 0.0024 63 132 148 243
horse 0.0023 259 131 462 253
horse 0.0022 255 171 473 291
horse 0.0021 63 194 98 225
horse 0.0021 108 138 176 268
horse 0.0020 28 186 104 231
horse 0.0020 55 194 72 227
horse 0.0019 80 195 97 239
horse 0.0019 129 155 204 286
horse 0.0018 188 129 239 175
horse 0.0016 18 173 32 183
horse 0.0016 178 217 217 240
horse 0.0015 232 219 353 300
horse 0.0015 111 201 216 250
horse 0.0015 1 156 121 255
horse 0.0014 41 194 81 225
horse 0.0014 182 137 259 275
horse 0.0014 132 152 161 254
horse 0.0013 62 193 79 227
horse 0.0013 130 129 165 153
horse 0.0012 70 196 178 248
horse 0.0012 150 158 251 205
horse 0.0012 177 218 268 265
horse 0.0012 132 217 235 263
horse 0.0012 8 175 22 183
horse 0.0012 119 137 209 184
horse 0.0012 5 172 43 187
horse 0.0011 239 184 311 302
horse 0.0011 50 177 83 234
horse 0.0011 23 195 63 227
horse 0.0011 71 155 179 207
horse 0.0011 52 120 161 203
horse 0.0011 379 171 496 301
horse 0.0010 98 135 144 223
horse 0.0010 254 215 273 257
horse 0.0010 324 225 472 304
horse 0.0010 143 183 176 262
chair 0.0034 101 235 142 262
