person 0.9956 56 92 111 255
person 0.9296 91 95 123 225
person 0.1554 175 126 185 143
person 0.0700 172 125 186 159
person 0.0230 199 127 217 141
person 0.0187 0 85 12 232
person 0.0135 1 148 17 285
person 0.0123 180 127 189 141
person 0.0119 0 154 9 231
person 0.0112 189 129 205 140
person 0.0097 189 125 219 144
person 0.0059 64 117 100 231
person 0.0045 0 172 53 295
person 0.0038 0 96 5 230
person 0.0035 176 126 192 158
person 0.0026 165 131 173 140
person 0.0022 170 145 185 157
person 0.0018 1 171 8 268
person 0.0017 103 110 131 207
person 0.0017 205 123 224 162
person 0.0015 185 129 225 159
person 0.0013 93 159 123 225
person 0.0013 244 126 261 162
person 0.0013 176 122 183 133
person 0.0012 162 134 212 156
person 0.0011 179 134 190 152
bicycle 0.0129 0 154 9 231
bicycle 0.0047 126 211 356 292
bicycle 0.0025 0 172 53 295
bicycle 0.0014 100 229 496 368
bicycle 0.0012 0 109 13 247
bicycle 0.0010 108 148 260 230
car 0.5144 129 222 498 369
car 0.0503 110 141 296 236
car 0.0427 124 144 240 182
car 0.0199 160 142 214 164
car 0.0138 118 183 367 279
car 0.0138 181 142 230 164
car 0.0108 133 121 281 201
car 0.0102 129 140 446 299
car 0.0096 102 259 404 360
car 0.0072 162 134 212 156
car 0.0062 334 229 494 350
car 0.0054 155 111 223 161
car 0.0050 163 139 278 180
car 0.0039 200 177 446 263
car 0.0039 153 211 418 297
car 0.0028 184 146 211 158
car 0.0025 0 154 9 231
car 0.0024 185 129 225 159
car 0.0020 0 172 53 295
car 0.0013 166 149 227 173
car 0.0011 189 125 219 144
car 0.0011 0 118 5 228
car 0.0010 0 130 14 264
motorbike 0.8846 110 141 296 236
motorbike 0.8302 113 176 324 274
motorbike 0.7260 100 229 496 368
motorbike 0.6956 126 211 356 292
motorbike 0.3660 129 140 446 299
motorbike 0.1438 133 121 281 201
motorbike 0.1184 163 139 278 180
motorbike 0.0803 224 136 295 184
motorbike 0.0704 124 144 240 182
motorbike 0.0418 0 172 53 295
motorbike 0.0394 106 188 389 341
motorbike 0.0324 200 177 446 263
motorbike 0.0269 119 186 204 240
motorbike 0.0242 177 141 402 237
motorbike 0.0231 240 140 287 171
motorbike 0.0178 327 185 422 241
motorbike 0.0176 201 146 280 199
motorbike 0.0170 114 148 221 199
motorbike 0.0135 160 142 214 164
motorbike 0.0129 253 148 340 202
motorbike 0.0113 0 154 9 231
motorbike 0.0113 0 130 14 264
motorbike 0.0105 165 151 207 173
motorbike 0.0101 0 223 58 286
motorbike 0.0097 284 146 432 237
motorbike 0.0072 108 166 148 230
motorbike 0.0063 113 168 176 233
motorbike 0.0054 181 142 230 164
motorbike 0.0052 158 116 234 162
motorbike 0.0051 0 173 21 293
motorbike 0.0048 256 141 298 202
motorbike 0.0041 253 118 405 203
motorbike 0.0037 121 170 244 223
motorbike 0.0037 134 193 267 237
motorbike 0.0036 175 150 237 171
motorbike 0.0032 301 180 411 223
motorbike 0.0032 220 143 269 168
motorbike 0.0030 299 186 373 244
motorbike 0.0029 162 126 276 165
motorbike 0.0028 211 149 259 174
motorbike 0.0025 264 138 286 172
motorbike 0.0025 105 147 140 214
motorbike 0.0022 -3 205 121 304
motorbike 0.0019 221 156 268 190
motorbike 0.0019 183 212 461 310
motorbike 0.0017 207 144 244 166
motorbike 0.0017 322 184 481 262
motorbike 0.0016 170 145 185 157
motorbike 0.0015 0 118 5 228
motorbike 0.0015 254 169 343 220
motorbike 0.0014 1 171 8 268
motorbike 0.0014 0 110 431 334
motorbike 0.0013 243 140 264 168
motorbike 0.0013 162 134 212 156
motorbike 0.0013 240 113 478 259
motorbike 0.0013 0 164 45 238
motorbike 0.0013 185 160 243 185
motorbike 0.0012 245 147 262 162
motorbike 0.0011 94 260 347 350
motorbike 0.0011 155 161 200 183
motorbike 0.0010 334 229 494 350
motorbike 0.0010 135 78 441 243
motorbike 0.0010 0 85 12 232
boat 0.0016 129 222 498 369
bottle 0.0015 175 126 185 143
chair 0.0011 129 222 498 369
sofa 0.0037 100 229 496 368
diningtable 0.0044 408 180 501 224
tvmonitor 0.0097 163 106 209 139
