person 0.0080 361 95 375 118
person 0.0031 330 99 343 115
car 0.0014 140 123 231 291
bird 0.0043 329 100 342 115
bird 0.0011 149 99 236 283
dog 0.9789 139 89 233 280
dog 0.0172 329 100 342 115
dog 0.0100 139 117 194 268
dog 0.0021 361 95 375 118
dog 0.0018 142 124 178 239
horse 0.3551 361 95 375 118
horse 0.3324 140 123 231 291
horse 0.1139 329 100 342 115
horse 0.0030 139 117 194 268
horse 0.0017 332 102 343 117
horse 0.0011 391 97 404 106
sheep 0.0199 140 123 231 291
sheep 0.0119 329 100 342 115
sheep 0.0044 361 95 375 118
cow 0.4198 361 95 375 118
cow 0.0927 329 100 342 115
cow 0.0067 142 105 246 281
cow 0.0011 332 102 343 117
cow 0.0010 391 97 404 106
chair 0.0015 140 123 231 291
