person 0.9928 332 138 448 367
person 0.6398 222 100 257 151
person 0.0247 370 170 449 330
person 0.0163 82 110 104 142
person 0.0085 154 112 218 158
person 0.0085 42 26 505 397
person 0.0048 101 106 123 146
person 0.0048 230 101 255 133
person 0.0036 81 114 119 150
person 0.0023 188 99 259 152
person 0.0022 172 111 219 143
person 0.0022 220 106 237 145
person 0.0022 0 117 4 130
person 0.0020 103 97 139 152
person 0.0017 88 115 109 148
person 0.0015 86 115 101 135
person 0.0014 71 110 132 157
person 0.0013 220 97 286 151
person 0.0012 106 112 129 152
person 0.0010 141 120 177 149
bicycle 0.0048 36 328 171 376
bicycle 0.0011 31 325 101 377
motorbike 0.0018 36 328 171 376
aeroplane 0.0028 -2 -25 453 351
bus 0.0054 40 -11 513 334
bus 0.0018 0 71 61 177
train 0.9994 17 -6 488 376
train 0.0209 0 113 56 173
train 0.0066 -1 72 60 199
train 0.0019 2 101 57 255
