person 0.0189 -7 19 453 313
car 0.0019 29 131 479 418
cat 0.9841 26 37 480 372
cat 0.0079 69 101 363 305
cat 0.0016 86 107 335 216
cat 0.0010 5 55 332 252
dog 0.0056 24 11 479 329
chair 0.6078 60 56 491 401
chair 0.0149 5 0 493 252
chair 0.0134 292 5 437 152
chair 0.0048 30 223 477 400
chair 0.0039 103 0 189 35
chair 0.0019 124 1 174 30
chair 0.0018 178 -2 477 170
chair 0.0016 286 1 321 72
chair 0.0012 46 -1 126 38
chair 0.0011 2 42 123 347
sofa 0.3364 -11 34 460 369
sofa 0.0101 2 25 128 295
sofa 0.0097 278 -2 460 172
sofa 0.0060 7 0 492 181
sofa 0.0050 30 223 477 400
sofa 0.0012 7 26 332 222
pottedplant 0.0010 67 13 491 328
diningtable 0.2707 29 131 479 418
diningtable 0.0044 67 13 491 328
diningtable 0.0041 2 42 123 347
