person 0.9990 213 30 355 279
bicycle 0.9987 118 126 281 256
bicycle 0.0367 212 58 356 284
bicycle 0.0061 181 125 312 247
bicycle 0.0037 123 130 199 182
bicycle 0.0033 114 125 176 231
bicycle 0.0027 207 114 274 244
bicycle 0.0023 124 125 164 186
boat 0.0012 109 128 297 291
bird 0.0011 192 178 216 210
bottle 0.5266 192 178 216 210
bottle 0.0147 187 169 218 223
bottle 0.0052 177 163 197 201
bottle 0.0042 196 181 213 202
bottle 0.0037 186 165 208 201
bottle 0.0030 191 181 206 201
bottle 0.0025 181 162 195 182
bottle 0.0019 184 160 206 187
bottle 0.0015 197 187 218 230
bottle 0.0012 191 176 204 192
bottle 0.0012 318 116 327 132
bottle 0.0011 188 163 202 180
bottle 0.0010 171 173 207 210
pottedplant 0.0033 241 28 388 277
