person 0.8303 191 152 270 367
person 0.5673 156 154 294 415
person 0.0061 171 157 271 280
person 0.0046 224 171 282 384
person 0.0034 8 466 154 501
person 0.0029 98 359 117 402
person 0.0019 175 183 215 257
person 0.0016 315 342 345 405
bicycle 0.4072 159 232 346 427
bicycle 0.0292 246 270 337 438
bicycle 0.0263 127 237 261 354
bicycle 0.0103 96 415 275 493
bicycle 0.0079 118 169 278 404
bicycle 0.0055 36 441 256 498
bicycle 0.0033 153 437 243 498
bicycle 0.0031 181 166 265 383
bicycle 0.0015 9 62 366 512
bicycle 0.0015 125 435 322 499
bicycle 0.0010 121 438 200 498
car 0.0037 129 214 344 432
motorbike 0.0065 96 415 275 493
motorbike 0.0024 178 436 252 498
motorbike 0.0019 36 441 256 498
motorbike 0.0018 125 435 322 499
motorbike 0.0012 239 418 374 495
bus 0.0010 129 214 344 432
train 0.0334 164 144 275 379
train 0.0227 9 62 366 512
train 0.0145 157 156 340 425
train 0.0036 -12 4 245 428
boat 0.0041 129 214 344 432
boat 0.0010 164 144 275 379
chair 0.0308 8 466 154 501
chair 0.0265 122 387 161 410
chair 0.0184 1 396 150 495
chair 0.0123 11 442 209 500
chair 0.0057 178 436 252 498
chair 0.0047 52 491 121 500
chair 0.0041 135 436 217 497
chair 0.0030 26 423 135 478
chair 0.0027 101 393 136 470
chair 0.0027 124 384 159 447
chair 0.0019 195 422 242 492
chair 0.0018 -18 471 107 500
chair 0.0016 139 428 164 468
chair 0.0013 103 374 176 493
chair 0.0012 128 426 194 484
chair 0.0012 39 407 252 494
diningtable 0.0096 96 415 275 493
diningtable 0.0075 106 397 212 435
diningtable 0.0028 8 466 154 501
diningtable 0.0022 10 400 209 494
diningtable 0.0016 139 424 213 488
diningtable 0.0013 93 401 185 460
diningtable 0.0012 124 410 230 454
diningtable 0.0010 36 441 256 498
