person 0.9983 1 -6 111 376
person 0.9920 359 -2 500 374
person 0.8828 159 17 363 184
person 0.4764 372 0 429 129
person 0.4307 292 16 334 104
person 0.1114 267 51 326 107
person 0.0705 98 139 377 334
person 0.0412 41 12 393 374
person 0.0248 0 178 54 370
person 0.0220 419 0 497 81
person 0.0212 249 322 312 374
person 0.0199 167 33 201 101
person 0.0171 376 2 494 137
person 0.0128 282 31 301 60
person 0.0109 211 12 351 119
person 0.0077 133 49 166 105
person 0.0055 0 249 25 371
person 0.0049 490 57 499 334
person 0.0045 0 22 55 333
person 0.0042 307 7 432 122
person 0.0039 260 16 391 118
person 0.0038 484 169 499 379
person 0.0036 495 86 499 220
person 0.0035 387 0 431 80
person 0.0035 1 18 27 337
person 0.0034 0 200 21 348
person 0.0033 368 20 425 216
person 0.0030 61 304 221 370
person 0.0027 477 13 499 379
person 0.0027 434 1 498 166
person 0.0024 375 162 408 231
person 0.0020 477 0 499 88
person 0.0020 488 -26 499 229
person 0.0019 346 1 481 221
person 0.0019 143 305 345 370
person 0.0017 135 31 202 103
person 0.0016 294 20 331 59
person 0.0015 1 203 45 307
person 0.0014 351 1 467 96
person 0.0013 449 18 499 335
person 0.0013 1 68 14 286
person 0.0012 210 7 526 365
person 0.0011 -2 20 100 219
person 0.0011 491 -5 499 63
person 0.0010 484 277 500 378
person 0.0010 268 -1 333 100
person 0.0010 495 252 499 382
bicycle 0.0071 148 306 249 371
bicycle 0.0055 143 305 345 370
bicycle 0.0021 0 180 54 332
bicycle 0.0016 83 164 392 350
bicycle 0.0010 61 304 221 370
car 0.0013 360 47 502 380
motorbike 0.0052 0 178 54 370
motorbike 0.0031 3 28 111 397
motorbike 0.0020 360 47 502 380
motorbike 0.0020 34 148 405 366
motorbike 0.0010 0 200 21 348
aeroplane 0.0015 360 47 502 380
train 0.0021 328 59 498 368
train 0.0013 34 148 405 366
boat 0.0013 34 148 405 366
dog 0.0041 368 6 500 305
horse 0.0019 34 148 405 366
horse 0.0014 368 6 500 305
cow 0.0013 328 59 498 368
bottle 0.0051 106 137 153 163
chair 0.0215 150 319 249 372
chair 0.0120 60 159 382 352
chair 0.0043 115 307 310 372
chair 0.0016 0 225 23 361
chair 0.0015 360 47 502 380
chair 0.0015 0 178 54 370
chair 0.0014 484 169 499 379
chair 0.0014 128 322 208 371
sofa 0.0027 360 47 502 380
diningtable 0.0011 83 164 392 350
