person 0.0017 329 6 337 32
person 0.0012 85 111 308 275
bicycle 0.0010 177 0 197 37
bicycle 0.0010 320 105 405 245
bird 0.0025 365 8 397 37
bird 0.0010 382 13 394 30
cat 0.0136 365 8 397 37
dog 0.0040 365 8 397 37
dog 0.0010 320 105 405 245
bottle 0.0488 141 70 151 87
bottle 0.0202 137 71 146 87
bottle 0.0124 329 6 337 32
bottle 0.0033 151 73 159 88
bottle 0.0027 316 13 327 29
bottle 0.0016 473 117 481 141
chair 0.9978 320 97 420 255
chair 0.1921 79 129 291 272
chair 0.1028 386 68 452 199
chair 0.0315 411 134 456 200
chair 0.0162 392 72 438 142
chair 0.0074 453 244 501 280
chair 0.0034 74 101 139 272
chair 0.0029 401 103 459 230
chair 0.0018 230 20 261 85
chair 0.0017 128 134 196 282
chair 0.0012 391 72 431 105
chair 0.0012 449 94 500 283
chair 0.0012 360 92 424 209
chair 0.0010 410 94 450 176
sofa 0.7346 79 112 283 273
sofa 0.0055 171 150 300 274
sofa 0.0049 453 244 501 280
sofa 0.0038 320 105 405 245
diningtable 0.0121 327 114 449 243
diningtable 0.0055 411 134 456 200
diningtable 0.0015 89 136 271 274
tvmonitor 0.9679 318 41 378 101
tvmonitor 0.1015 299 20 407 111
tvmonitor 0.0055 247 2 273 77
tvmonitor 0.0039 247 0 260 35
tvmonitor 0.0017 335 4 367 32
tvmonitor 0.0014 239 1 253 39
tvmonitor 0.0013 230 20 261 85
tvmonitor 0.0011 128 0 156 65
tvmonitor 0.0010 127 0 149 44
