motorbike 0.0061 19 1 370 421
bottle 0.0017 313 0 379 11
chair 0.0486 19 1 370 421
chair 0.0040 329 146 377 332
chair 0.0011 352 152 375 326
pottedplant 0.0181 4 5 113 327
pottedplant 0.0123 19 1 370 421
pottedplant 0.0034 48 -6 372 204
diningtable 0.3037 10 -19 382 286
diningtable 0.0569 25 51 365 447
diningtable 0.0081 329 146 377 332
diningtable 0.0037 4 5 113 327
diningtable 0.0032 28 -5 377 140
diningtable 0.0023 16 222 365 499
diningtable 0.0015 292 174 374 339
diningtable 0.0010 352 152 375 326
tvmonitor 0.0016 25 51 365 447
