person 0.0014 497 117 500 146
person 0.0012 495 95 500 188
person 0.0010 111 53 147 80
bicycle 0.9963 25 148 232 267
bicycle 0.9930 232 127 476 267
bicycle 0.1829 162 134 244 262
bicycle 0.0392 231 131 353 254
bicycle 0.0391 240 191 472 263
bicycle 0.0197 341 143 479 244
bicycle 0.0191 202 146 244 247
bicycle 0.0168 399 162 472 224
bicycle 0.0116 219 142 255 249
bicycle 0.0050 184 143 252 209
bicycle 0.0015 241 180 280 249
bicycle 0.0013 190 128 321 234
bicycle 0.0012 409 147 482 210
bicycle 0.0010 238 151 314 272
car 0.0019 497 117 500 146
car 0.0011 495 94 500 171
motorbike 0.0100 237 103 477 262
boat 0.0010 222 125 459 265
bird 0.0018 124 56 170 128
diningtable 0.0023 213 106 455 257
diningtable 0.0023 237 128 349 231
