bird 0.1718 361 125 418 191
cat 0.0927 361 125 418 191
dog 0.0010 361 125 418 191
pottedplant 0.9972 157 10 502 352
pottedplant 0.3367 299 45 504 328
pottedplant 0.2454 38 54 236 316
pottedplant 0.0086 50 128 208 245
pottedplant 0.0082 153 62 360 304
pottedplant 0.0060 416 78 493 310
pottedplant 0.0029 225 90 430 349
pottedplant 0.0027 -3 -4 276 370
pottedplant 0.0025 152 113 272 251
pottedplant 0.0021 472 48 499 343
pottedplant 0.0020 153 12 431 221
pottedplant 0.0015 222 138 256 220
pottedplant 0.0010 488 53 499 341
diningtable 0.0330 7 226 483 370
diningtable 0.0103 26 71 471 380
diningtable 0.0093 5 296 480 366
