person 0.0933 177 180 195 206
person 0.0721 471 185 474 190
person 0.0078 468 187 471 190
person 0.0049 44 152 430 299
person 0.0033 174 181 186 199
person 0.0032 161 179 197 205
person 0.0030 189 183 200 199
person 0.0026 178 178 215 204
person 0.0014 199 183 214 198
person 0.0010 181 178 190 189
car 0.0022 67 149 367 258
aeroplane 0.9989 58 137 418 286
aeroplane 0.0057 494 158 499 167
boat 0.0038 494 158 499 167
boat 0.0033 447 165 464 169
boat 0.0018 496 163 499 173
boat 0.0012 448 163 462 168
