person 0.0282 53 49 518 337
person 0.0109 6 167 443 369
person 0.0100 2 2 31 89
person 0.0056 0 13 5 81
person 0.0043 219 81 443 273
person 0.0034 0 14 1 62
person 0.0011 304 55 501 328
cat 0.0205 6 167 443 369
cat 0.0028 169 3 206 42
cat 0.0022 219 81 443 273
cat 0.0021 299 119 427 265
dog 0.9901 62 166 496 370
dog 0.3986 219 81 443 273
dog 0.0307 299 119 427 265
dog 0.0200 125 46 515 341
dog 0.0053 101 63 418 252
dog 0.0036 89 146 416 309
dog 0.0024 304 55 501 328
dog 0.0018 221 73 421 154
chair 0.2122 388 38 500 345
chair 0.0679 53 49 518 337
chair 0.0240 207 9 246 82
chair 0.0153 151 23 262 116
chair 0.0045 164 10 237 75
chair 0.0044 163 26 209 94
chair 0.0032 167 37 204 124
chair 0.0030 134 84 441 275
chair 0.0020 240 2 279 85
chair 0.0019 189 27 250 90
chair 0.0016 390 27 499 118
chair 0.0014 216 12 248 39
chair 0.0012 209 39 244 75
chair 0.0011 405 39 499 89
chair 0.0011 246 7 404 85
chair 0.0010 175 88 214 121
chair 0.0010 207 0 272 95
sofa 0.6942 57 60 508 378
sofa 0.2202 388 38 500 345
sofa 0.0629 134 84 441 275
sofa 0.0049 32 207 489 369
sofa 0.0029 221 73 421 154
pottedplant 0.2225 163 0 234 45
pottedplant 0.0821 169 3 206 42
pottedplant 0.0060 196 0 236 39
pottedplant 0.0058 207 9 246 82
pottedplant 0.0050 165 3 236 91
pottedplant 0.0026 216 0 250 40
pottedplant 0.0013 183 6 206 37
pottedplant 0.0010 167 4 188 36
diningtable 0.0127 154 30 219 91
diningtable 0.0035 164 10 237 75
diningtable 0.0023 162 23 237 137
diningtable 0.0014 165 40 210 52
diningtable 0.0013 167 37 204 124
tvmonitor 0.7554 2 2 31 89
tvmonitor 0.2532 2 -4 58 99
