person 0.0013 0 18 6 33
chair 0.9963 269 78 405 318
chair 0.9933 110 75 246 281
chair 0.9602 277 27 345 89
chair 0.9229 117 29 187 82
chair 0.0648 347 55 404 81
chair 0.0560 362 77 414 241
chair 0.0476 93 63 152 183
chair 0.0406 278 29 352 202
chair 0.0293 164 48 402 210
chair 0.0259 112 73 228 190
chair 0.0155 89 78 129 156
chair 0.0153 257 71 393 186
chair 0.0121 108 25 193 131
chair 0.0086 441 0 501 163
chair 0.0040 252 34 272 77
chair 0.0036 476 25 498 171
chair 0.0033 184 39 270 91
chair 0.0031 141 67 289 178
chair 0.0029 107 64 143 141
chair 0.0028 77 33 140 165
chair 0.0024 0 7 28 75
chair 0.0019 0 22 12 69
chair 0.0017 101 112 137 190
chair 0.0016 92 82 112 124
chair 0.0015 211 62 220 70
chair 0.0013 111 48 187 104
chair 0.0013 129 60 373 291
chair 0.0013 219 35 286 89
chair 0.0013 110 68 149 97
chair 0.0012 78 72 140 132
chair 0.0011 59 115 106 146
chair 0.0011 111 67 130 102
chair 0.0010 110 77 183 152
chair 0.0010 343 65 412 127
chair 0.0010 483 56 498 216
chair 0.0010 91 77 128 112
chair 0.0010 227 75 257 98
sofa 0.0029 346 47 404 88
pottedplant 0.9192 208 34 273 98
pottedplant 0.0127 237 33 273 89
pottedplant 0.0046 226 56 249 97
pottedplant 0.0044 227 75 257 98
pottedplant 0.0041 252 34 272 77
pottedplant 0.0022 216 60 256 89
pottedplant 0.0021 171 51 283 99
pottedplant 0.0013 -1 11 48 150
diningtable 0.7980 143 70 361 317
diningtable 0.3796 126 49 374 208
diningtable 0.0347 149 51 342 147
diningtable 0.0026 206 40 274 104
diningtable 0.0014 42 43 397 349
diningtable 0.0012 254 58 410 297
tvmonitor 0.0031 0 22 12 69
tvmonitor 0.0015 0 75 43 148
tvmonitor 0.0012 0 29 5 63
tvmonitor 0.0011 0 7 28 75
