person 0.3460 112 75 131 86
person 0.1984 440 82 457 114
person 0.1841 365 114 398 138
person 0.0937 118 75 136 85
person 0.0763 122 78 135 87
person 0.0674 29 100 40 112
person 0.0531 441 86 452 108
person 0.0461 131 79 142 87
person 0.0445 9 80 20 90
person 0.0410 130 98 145 114
person 0.0397 69 70 76 85
person 0.0363 8 100 20 113
person 0.0335 371 119 392 134
person 0.0315 67 74 78 95
person 0.0296 103 79 117 87
person 0.0286 421 84 432 95
person 0.0264 62 69 80 100
person 0.0259 132 76 143 84
person 0.0257 1 97 7 114
person 0.0220 105 76 116 84
person 0.0217 182 72 191 82
person 0.0207 411 84 424 94
person 0.0186 48 77 58 93
person 0.0153 17 101 29 114
person 0.0148 379 84 397 94
person 0.0147 378 124 397 139
person 0.0146 445 87 461 120
person 0.0131 77 70 82 86
person 0.0130 75 78 84 92
person 0.0129 35 99 47 111
person 0.0127 155 74 176 83
person 0.0117 401 83 416 91
person 0.0116 0 68 11 88
person 0.0109 1 80 10 91
person 0.0100 389 84 406 92
person 0.0097 218 109 233 123
person 0.0096 450 88 459 105
person 0.0095 208 109 224 122
person 0.0085 239 74 250 83
person 0.0082 180 108 195 121
person 0.0077 441 82 453 96
person 0.0077 44 73 57 85
person 0.0073 372 120 401 141
person 0.0069 443 91 454 115
person 0.0065 173 75 183 82
person 0.0061 112 101 127 115
person 0.0056 18 82 29 90
person 0.0056 354 87 371 100
person 0.0053 102 73 140 86
person 0.0051 450 93 460 115
person 0.0050 57 71 67 85
person 0.0047 334 80 351 92
person 0.0046 56 90 66 103
person 0.0046 86 71 95 81
person 0.0046 379 110 396 122
person 0.0045 55 77 65 95
person 0.0045 104 101 119 114
person 0.0045 451 83 460 94
person 0.0044 198 105 235 126
person 0.0043 435 88 442 100
person 0.0042 335 116 351 131
person 0.0041 112 94 149 117
person 0.0039 124 98 138 114
person 0.0038 187 108 202 121
person 0.0037 341 115 356 131
person 0.0035 370 105 403 131
person 0.0035 172 79 185 93
person 0.0034 461 83 473 90
person 0.0033 374 124 390 137
person 0.0033 248 107 262 125
person 0.0033 340 111 381 138
person 0.0032 495 80 500 94
person 0.0032 371 84 389 94
person 0.0031 53 69 71 99
person 0.0030 1 89 7 103
person 0.0030 228 75 244 83
person 0.0030 199 110 215 122
person 0.0030 423 86 433 99
person 0.0030 173 109 186 122
person 0.0029 50 88 59 101
person 0.0029 324 79 339 89
person 0.0029 84 81 98 90
person 0.0028 433 83 441 95
person 0.0027 94 77 110 84
person 0.0024 402 72 413 80
person 0.0024 469 83 480 89
person 0.0023 315 96 324 111
person 0.0023 23 81 46 91
person 0.0023 351 87 372 128
person 0.0022 341 77 358 91
person 0.0022 89 80 114 88
person 0.0021 351 79 375 92
person 0.0021 322 112 359 136
person 0.0020 30 78 54 91
person 0.0019 339 110 360 135
person 0.0019 5 73 20 87
person 0.0019 178 102 199 125
person 0.0019 492 96 499 118
person 0.0019 85 67 95 75
person 0.0019 1 94 22 116
bicycle 0.0030 154 173 259 263
car 0.9970 98 92 314 194
car 0.9949 252 102 491 219
car 0.9531 -1 90 65 159
car 0.9146 8 84 184 178
car 0.6712 306 78 357 108
car 0.5681 381 80 435 97
car 0.5161 236 76 292 91
car 0.5057 172 77 225 94
car 0.4937 230 76 326 108
car 0.3867 184 74 244 92
car 0.2845 341 76 376 95
car 0.2351 55 63 105 95
car 0.2091 319 76 361 100
car 0.1905 23 75 58 93
car 0.1885 351 79 375 92
car 0.1073 379 84 397 94
car 0.1053 283 80 339 107
car 0.0870 371 84 389 94
car 0.0834 142 74 194 96
car 0.0751 147 71 189 88
car 0.0742 30 78 54 91
car 0.0604 118 75 136 85
car 0.0591 137 77 179 93
car 0.0514 371 77 453 107
car 0.0498 442 70 500 118
car 0.0498 86 78 134 90
car 0.0475 102 73 140 86
car 0.0471 23 81 46 91
car 0.0427 112 75 131 86
car 0.0393 89 80 114 88
car 0.0392 368 82 411 96
car 0.0386 279 74 327 101
car 0.0355 352 79 385 96
car 0.0340 155 74 176 83
car 0.0320 37 67 457 115
car 0.0258 358 76 376 86
car 0.0251 1 80 10 91
car 0.0244 335 71 371 90
car 0.0242 51 54 445 94
car 0.0227 341 77 358 91
car 0.0227 453 89 498 117
car 0.0225 367 85 433 101
car 0.0189 389 84 406 92
car 0.0179 132 76 143 84
car 0.0172 160 72 244 102
car 0.0169 180 74 301 102
car 0.0145 64 74 117 96
car 0.0138 32 75 56 86
car 0.0123 44 73 57 85
car 0.0122 196 72 217 79
car 0.0121 1 89 7 103
car 0.0116 9 80 20 90
car 0.0113 131 79 142 87
car 0.0111 492 96 499 118
car 0.0106 282 73 325 86
car 0.0098 203 77 266 91
car 0.0095 145 79 175 89
car 0.0094 225 79 245 90
car 0.0093 -3 90 52 103
car 0.0092 339 74 360 95
car 0.0089 354 87 371 100
car 0.0089 48 77 58 93
car 0.0089 228 75 244 83
car 0.0086 486 75 499 119
car 0.0086 105 76 116 84
car 0.0079 103 79 117 87
car 0.0073 321 74 337 83
car 0.0067 369 86 391 98
car 0.0066 18 82 29 90
car 0.0064 0 79 49 93
car 0.0063 122 78 135 87
car 0.0062 -3 93 54 114
car 0.0060 49 72 153 105
car 0.0059 0 68 11 88
car 0.0052 191 80 221 89
car 0.0044 445 73 490 102
car 0.0043 73 71 126 88
car 0.0039 31 69 70 92
car 0.0038 396 78 456 97
car 0.0038 100 77 156 90
car 0.0038 -3 71 116 148
car 0.0035 154 70 221 89
car 0.0035 105 72 222 101
car 0.0035 124 73 177 87
car 0.0033 334 80 351 92
car 0.0033 0 100 11 168
car 0.0033 495 80 500 94
car 0.0033 234 80 253 89
car 0.0031 176 81 196 92
car 0.0030 358 85 401 101
car 0.0030 243 81 266 89
car 0.0028 68 80 426 205
car 0.0028 219 80 235 88
car 0.0028 136 82 178 106
car 0.0028 215 73 275 87
car 0.0027 314 74 332 82
car 0.0027 217 75 236 83
car 0.0025 239 74 250 83
car 0.0025 401 83 416 91
car 0.0025 496 81 499 112
motorbike 0.0026 51 54 445 94
motorbike 0.0024 47 62 102 96
aeroplane 0.0014 38 61 108 98
bus 0.0326 442 70 500 118
bus 0.0183 46 62 118 98
bus 0.0133 442 38 503 109
bus 0.0049 445 73 490 102
bus 0.0029 381 80 435 97
bus 0.0019 0 68 11 88
boat 0.0042 38 61 108 98
cow 0.0013 46 62 118 98
chair 0.9501 159 183 247 263
chair 0.0118 181 182 249 234
chair 0.0021 156 220 237 265
chair 0.0017 199 189 248 259
chair 0.0015 155 180 221 230
chair 0.0013 207 190 242 217
chair 0.0013 157 172 246 215
