person 0.0075 96 190 104 208
person 0.0043 91 191 97 207
person 0.0028 32 179 50 225
person 0.0020 27 178 43 225
person 0.0019 0 170 3 189
person 0.0017 451 81 465 93
person 0.0013 95 185 104 199
person 0.0013 0 162 3 182
person 0.0012 30 183 41 200
person 0.0011 35 183 47 199
person 0.0010 429 104 442 116
person 0.0010 269 127 279 143
car 0.0017 0 170 3 189
car 0.0012 0 152 69 226
car 0.0011 0 162 3 182
car 0.0011 247 209 346 246
bus 0.0119 -1 143 66 219
bus 0.0026 66 168 189 210
train 0.8779 178 33 498 244
train 0.2601 -2 158 195 223
train 0.2326 -1 143 66 219
train 0.1839 66 168 189 210
train 0.0039 -1 98 496 286
train 0.0037 223 72 494 177
train 0.0027 96 157 398 243
