person 0.0018 176 128 196 154
person 0.0014 170 126 189 153
person 0.0012 148 126 167 155
person 0.0011 139 127 159 157
person 0.0011 137 126 179 156
person 0.0011 187 133 199 152
bird 0.0021 132 174 189 223
bottle 0.1568 450 100 468 132
bottle 0.0026 252 250 269 267
chair 0.9910 292 241 367 332
chair 0.3874 183 255 265 332
chair 0.3403 175 244 237 292
chair 0.0940 182 241 232 259
chair 0.0554 122 232 292 326
chair 0.0434 52 282 117 333
chair 0.0304 216 241 231 251
chair 0.0249 227 277 297 332
chair 0.0225 241 277 276 331
chair 0.0213 194 242 309 331
chair 0.0180 204 282 275 331
chair 0.0164 262 280 282 334
chair 0.0162 452 314 501 334
chair 0.0146 207 241 229 252
chair 0.0136 193 243 236 270
chair 0.0091 221 256 267 327
chair 0.0088 262 262 304 329
chair 0.0072 83 271 114 302
chair 0.0071 237 252 250 266
chair 0.0064 143 240 229 301
chair 0.0062 245 244 278 267
chair 0.0056 181 235 251 279
chair 0.0056 264 251 279 264
chair 0.0048 180 251 299 294
chair 0.0046 171 246 226 265
chair 0.0033 232 250 242 266
chair 0.0031 208 301 262 332
chair 0.0030 194 244 220 252
chair 0.0027 225 288 267 325
chair 0.0022 214 245 256 270
chair 0.0020 239 238 276 304
chair 0.0019 431 288 500 333
chair 0.0019 0 312 23 334
chair 0.0018 178 222 218 287
chair 0.0016 7 283 90 334
chair 0.0015 214 243 236 272
chair 0.0015 150 287 255 334
chair 0.0015 283 267 308 307
chair 0.0014 53 283 73 329
chair 0.0014 257 262 388 343
chair 0.0014 272 297 290 333
chair 0.0013 228 245 246 271
chair 0.0013 172 242 185 259
chair 0.0013 338 239 366 311
chair 0.0011 169 242 209 259
chair 0.0010 172 255 228 280
chair 0.0010 252 261 336 321
chair 0.0010 66 285 186 332
sofa 0.0091 452 314 501 334
sofa 0.0050 423 289 482 335
sofa 0.0039 277 242 371 335
sofa 0.0022 175 244 237 292
pottedplant 0.9789 68 229 264 327
pottedplant 0.4735 239 232 275 267
pottedplant 0.0845 427 298 471 332
pottedplant 0.0315 246 243 268 268
pottedplant 0.0072 226 234 290 278
pottedplant 0.0032 167 230 238 282
pottedplant 0.0030 118 211 298 299
pottedplant 0.0027 431 288 500 333
pottedplant 0.0023 237 252 250 266
pottedplant 0.0014 233 246 254 270
pottedplant 0.0014 241 231 271 253
pottedplant 0.0014 252 250 269 267
pottedplant 0.0014 239 238 276 304
pottedplant 0.0013 447 297 470 330
pottedplant 0.0011 395 289 479 334
pottedplant 0.0011 236 236 258 264
pottedplant 0.0011 426 313 483 332
pottedplant 0.0010 229 223 297 332
pottedplant 0.0010 178 222 218 287
diningtable 0.3677 224 259 308 327
diningtable 0.0595 218 252 309 293
diningtable 0.0270 233 264 315 286
diningtable 0.0235 452 314 501 334
diningtable 0.0232 229 259 298 276
diningtable 0.0205 194 257 279 329
diningtable 0.0174 122 232 292 326
diningtable 0.0155 262 262 304 329
diningtable 0.0062 238 260 278 328
diningtable 0.0056 252 261 336 321
diningtable 0.0051 431 288 500 333
diningtable 0.0030 277 242 371 335
diningtable 0.0029 226 234 290 278
diningtable 0.0025 242 254 352 295
diningtable 0.0023 233 264 275 289
diningtable 0.0018 186 247 246 293
diningtable 0.0014 245 244 278 267
diningtable 0.0012 -7 317 74 333
tvmonitor 0.0690 0 168 19 309
tvmonitor 0.0036 103 104 228 227
tvmonitor 0.0036 495 186 499 310
tvmonitor 0.0018 0 148 27 352
tvmonitor 0.0014 2 -6 21 100
tvmonitor 0.0013 0 165 4 312
