person 0.0308 25 4 471 303
person 0.0172 12 262 489 361
person 0.0018 365 11 499 272
person 0.0011 208 61 388 259
person 0.0011 231 20 512 276
cat 0.0065 12 262 489 361
cat 0.0011 248 74 355 282
dog 0.9962 233 86 371 271
dog 0.0200 12 262 489 361
dog 0.0064 226 67 495 283
dog 0.0055 12 15 427 344
dog 0.0027 114 82 395 281
sheep 0.0558 12 262 489 361
cow 0.0048 12 262 489 361
chair 0.0143 13 25 484 335
chair 0.0079 226 51 407 269
chair 0.0047 365 11 499 272
sofa 0.2156 13 25 484 335
sofa 0.0224 208 61 388 259
sofa 0.0026 12 262 489 361
