person 0.3256 412 171 418 185
person 0.1800 307 239 316 258
person 0.1349 408 172 414 186
person 0.0921 407 170 413 179
person 0.0689 31 171 36 176
person 0.0549 0 171 5 191
person 0.0510 21 172 26 176
person 0.0501 121 189 126 207
person 0.0429 39 171 45 176
person 0.0358 12 172 18 177
person 0.0344 58 171 66 176
person 0.0276 305 234 319 262
person 0.0263 123 189 129 208
person 0.0235 55 178 72 186
person 0.0201 308 248 315 263
person 0.0141 50 171 55 175
person 0.0112 405 184 411 196
person 0.0105 425 131 430 137
person 0.0094 493 146 499 156
person 0.0094 66 171 73 177
person 0.0076 42 117 522 289
person 0.0069 307 235 316 247
person 0.0060 1 170 5 178
person 0.0056 124 187 129 201
person 0.0052 316 240 324 256
person 0.0046 394 177 402 189
person 0.0044 436 173 444 186
person 0.0041 394 150 405 159
person 0.0038 495 283 499 307
person 0.0036 494 155 500 173
person 0.0035 382 167 395 176
person 0.0034 63 177 75 185
person 0.0033 384 159 393 166
person 0.0031 469 261 482 278
person 0.0030 439 174 452 189
person 0.0029 48 179 58 185
person 0.0028 417 129 422 134
person 0.0027 494 279 499 296
person 0.0024 491 138 498 151
person 0.0024 296 322 309 333
person 0.0021 39 178 45 184
person 0.0020 445 132 452 140
person 0.0019 302 240 309 252
person 0.0019 444 280 450 293
person 0.0018 416 194 442 206
person 0.0017 31 176 38 182
person 0.0016 92 167 478 246
person 0.0016 307 128 312 134
person 0.0015 477 138 493 151
person 0.0015 287 319 299 330
person 0.0015 394 154 404 164
person 0.0015 477 149 489 157
person 0.0014 56 206 439 273
person 0.0014 8 176 17 185
person 0.0014 424 196 448 207
person 0.0014 413 195 424 205
person 0.0013 379 176 385 185
person 0.0013 0 181 4 197
person 0.0012 490 320 497 334
person 0.0012 0 162 73 193
person 0.0012 434 130 438 136
person 0.0012 38 139 465 209
person 0.0011 421 176 429 185
person 0.0011 396 168 400 174
person 0.0010 153 194 161 206
person 0.0010 367 150 376 158
person 0.0010 40 186 65 197
person 0.0010 434 309 441 320
bicycle 0.0079 469 261 482 278
bicycle 0.0063 307 239 316 258
bicycle 0.0028 308 248 315 263
bicycle 0.0022 412 171 418 185
bicycle 0.0016 405 184 411 196
bicycle 0.0014 471 267 483 281
bicycle 0.0014 408 172 414 186
bicycle 0.0011 413 195 424 205
bicycle 0.0011 305 234 319 262
bicycle 0.0010 407 193 415 203
car 0.9533 42 181 76 198
car 0.8613 260 304 351 335
car 0.8322 403 138 416 145
car 0.7542 414 194 448 208
car 0.7485 409 151 423 161
car 0.7426 394 150 405 159
car 0.2607 468 149 487 159
car 0.1729 493 146 499 156
car 0.1320 460 150 473 159
car 0.1212 380 134 392 140
car 0.1192 460 157 473 165
car 0.0978 477 149 489 157
car 0.0978 477 138 493 151
car 0.0736 494 155 500 173
car 0.0719 491 138 498 151
car 0.0686 377 133 388 139
car 0.0638 382 136 392 142
car 0.0636 367 150 376 158
car 0.0620 469 140 486 150
car 0.0603 55 178 72 186
car 0.0519 40 186 65 197
car 0.0509 449 150 462 158
car 0.0440 492 164 499 174
car 0.0351 469 261 482 278
car 0.0335 63 177 75 185
car 0.0315 468 155 483 162
car 0.0307 436 166 477 192
car 0.0297 460 175 473 189
car 0.0274 365 131 374 137
car 0.0255 462 139 473 147
car 0.0251 445 151 454 158
car 0.0231 394 154 404 164
car 0.0216 413 195 424 205
car 0.0213 462 183 475 194
car 0.0176 4 167 76 193
car 0.0154 319 122 489 214
car 0.0145 366 137 373 145
car 0.0143 479 131 492 140
car 0.0142 42 117 522 289
car 0.0140 380 176 399 186
car 0.0139 434 153 493 193
car 0.0126 436 173 444 186
car 0.0112 356 128 367 134
car 0.0111 494 279 499 296
car 0.0109 435 168 444 179
car 0.0102 386 122 394 127
car 0.0095 417 129 422 134
car 0.0095 403 134 414 140
car 0.0093 404 147 417 158
car 0.0087 471 267 483 281
car 0.0084 412 171 418 185
car 0.0080 434 158 443 167
car 0.0075 39 187 52 197
car 0.0075 375 136 388 142
car 0.0068 460 167 473 177
car 0.0065 384 159 393 166
car 0.0061 415 140 496 183
car 0.0059 62 181 77 194
car 0.0059 448 157 464 165
car 0.0055 438 157 455 167
car 0.0055 8 180 78 197
car 0.0053 416 197 453 216
car 0.0053 478 155 488 162
car 0.0052 351 124 477 156
car 0.0052 457 143 492 161
car 0.0051 375 122 379 126
car 0.0048 409 140 419 148
car 0.0047 472 128 481 136
car 0.0041 495 283 499 307
car 0.0040 493 129 498 142
car 0.0040 0 171 5 191
car 0.0039 463 131 470 137
car 0.0039 29 173 78 195
car 0.0039 439 174 452 189
car 0.0039 444 138 451 142
car 0.0039 359 135 471 179
car 0.0039 258 165 473 256
car 0.0038 425 131 430 137
car 0.0037 436 196 451 208
car 0.0035 241 125 490 286
car 0.0035 58 171 66 176
car 0.0029 372 150 385 158
car 0.0029 468 176 476 187
car 0.0029 408 172 414 186
car 0.0026 494 262 497 292
car 0.0026 452 139 458 144
car 0.0026 455 169 475 192
car 0.0025 397 139 406 146
car 0.0024 427 201 451 213
car 0.0024 435 133 475 190
car 0.0024 467 184 477 196
car 0.0024 369 123 373 128
car 0.0023 407 170 413 179
car 0.0022 0 181 4 197
car 0.0021 66 171 73 177
car 0.0020 382 167 395 176
car 0.0020 446 175 465 189
car 0.0019 404 155 416 166
car 0.0019 377 159 386 165
car 0.0019 490 320 497 334
motorbike 0.0216 412 171 418 185
motorbike 0.0137 469 261 482 278
motorbike 0.0043 394 150 405 159
motorbike 0.0036 408 172 414 186
motorbike 0.0025 471 267 483 281
motorbike 0.0023 407 170 413 179
motorbike 0.0019 460 157 473 165
motorbike 0.0014 403 138 416 145
motorbike 0.0013 493 146 499 156
motorbike 0.0012 494 155 500 173
motorbike 0.0010 394 154 404 164
bus 0.9608 0 162 73 193
bus 0.6385 436 166 477 192
bus 0.0404 258 306 362 337
bus 0.0388 491 138 498 151
bus 0.0221 340 214 452 262
bus 0.0221 477 138 493 151
bus 0.0163 434 153 493 193
bus 0.0160 319 197 475 276
bus 0.0151 433 160 456 187
bus 0.0140 374 162 405 185
bus 0.0090 475 132 496 156
bus 0.0084 491 101 500 146
bus 0.0064 29 173 78 195
bus 0.0063 493 146 499 156
bus 0.0058 0 171 5 191
bus 0.0054 495 107 498 136
bus 0.0047 493 129 498 142
bus 0.0041 455 169 475 192
bus 0.0040 490 247 498 306
bus 0.0040 258 165 473 256
bus 0.0039 476 119 496 151
bus 0.0037 468 149 487 159
bus 0.0031 17 164 83 182
bus 0.0030 1 166 23 195
bus 0.0028 457 143 492 161
bus 0.0023 -3 156 72 171
bus 0.0021 487 127 500 160
bus 0.0021 410 154 424 163
bus 0.0018 58 171 66 176
bus 0.0017 459 136 495 155
bus 0.0017 469 140 486 150
bus 0.0016 479 131 492 140
bus 0.0016 1 170 5 178
bus 0.0015 436 153 475 172
bus 0.0015 -1 166 11 197
bus 0.0014 234 160 496 323
bus 0.0014 0 145 85 185
bus 0.0012 438 165 452 178
bus 0.0011 460 175 473 189
bus 0.0011 477 149 489 157
bus 0.0010 492 252 495 284
bus 0.0010 494 155 500 173
bus 0.0010 460 150 473 159
bus 0.0010 382 167 395 176
train 0.0244 319 197 475 276
train 0.0106 347 211 467 262
train 0.0077 1 161 71 188
train 0.0022 259 246 479 327
train 0.0016 234 160 496 323
train 0.0010 258 165 473 256
chair 0.0829 270 231 280 245
chair 0.0698 287 235 299 247
chair 0.0610 279 233 288 247
chair 0.0119 258 231 269 242
chair 0.0107 307 239 316 258
chair 0.0059 298 236 308 246
chair 0.0050 288 239 297 251
chair 0.0031 302 240 309 252
chair 0.0023 251 225 261 238
chair 0.0022 252 230 261 241
chair 0.0016 257 227 269 237
chair 0.0013 269 227 278 237
chair 0.0012 307 235 316 247
chair 0.0011 316 240 324 256
pottedplant 0.0114 307 239 316 258
pottedplant 0.0106 287 235 299 247
pottedplant 0.0082 302 240 309 252
pottedplant 0.0049 298 236 308 246
pottedplant 0.0040 288 239 297 251
pottedplant 0.0039 279 233 288 247
pottedplant 0.0033 270 231 280 245
pottedplant 0.0024 307 235 316 247
pottedplant 0.0014 444 280 450 293
pottedplant 0.0013 494 279 499 296
pottedplant 0.0013 316 240 324 256
pottedplant 0.0013 258 231 269 242
pottedplant 0.0013 495 283 499 307
pottedplant 0.0010 251 225 261 238
pottedplant 0.0010 282 241 289 249
diningtable 0.0102 287 235 299 247
diningtable 0.0042 279 233 288 247
diningtable 0.0037 270 231 280 245
diningtable 0.0014 298 236 308 246
