person 0.0021 167 137 180 149
person 0.0011 186 128 195 138
bicycle 0.9749 0 111 318 276
bicycle 0.0616 28 68 295 216
bicycle 0.0173 -5 121 158 274
bicycle 0.0129 167 137 180 149
bicycle 0.0125 162 135 187 150
bicycle 0.0059 80 158 337 272
bicycle 0.0029 69 228 349 274
bicycle 0.0029 162 143 199 155
bicycle 0.0029 56 159 260 235
bicycle 0.0019 173 138 186 149
bicycle 0.0017 30 188 285 262
bicycle 0.0011 -1 215 93 281
bicycle 0.0011 134 135 222 158
bicycle 0.0011 166 143 182 151
bicycle 0.0010 110 114 308 166
car 0.0012 165 135 194 151
car 0.0010 147 116 207 146
motorbike 0.0030 19 71 337 258
aeroplane 0.0045 19 46 304 243
bus 0.0013 19 46 304 243
train 0.0013 9 71 310 262
boat 0.0065 19 46 304 243
