person 0.9982 61 83 212 311
person 0.9836 353 129 431 275
person 0.9671 281 232 399 368
person 0.9447 436 108 493 183
person 0.9431 194 284 323 370
person 0.9273 54 124 95 171
person 0.7025 276 210 387 309
person 0.6404 0 91 31 386
person 0.4902 7 130 58 181
person 0.2201 7 124 59 273
person 0.0416 44 136 226 238
person 0.0374 319 198 365 240
person 0.0243 278 200 362 277
person 0.0194 -1 122 23 192
person 0.0184 32 117 104 273
person 0.0140 0 144 53 401
person 0.0133 0 122 21 274
person 0.0110 11 137 55 218
person 0.0102 296 281 423 372
person 0.0093 0 138 4 167
person 0.0088 0 128 9 179
person 0.0079 479 154 498 279
person 0.0063 481 198 500 310
person 0.0060 52 134 92 218
person 0.0058 11 130 37 178
person 0.0055 433 110 499 240
person 0.0048 14 154 158 237
person 0.0044 54 145 92 177
person 0.0043 17 103 464 280
person 0.0040 275 294 319 370
person 0.0038 41 234 63 267
person 0.0038 2 110 17 394
person 0.0035 291 182 443 278
person 0.0034 224 175 430 359
person 0.0032 56 136 73 173
person 0.0032 445 164 501 300
person 0.0031 313 191 402 291
person 0.0029 280 250 306 289
person 0.0028 280 280 354 372
person 0.0025 21 132 46 176
person 0.0023 30 136 50 174
person 0.0022 67 123 141 267
person 0.0022 343 161 476 278
person 0.0021 470 102 499 330
person 0.0021 345 169 408 299
person 0.0021 276 239 360 297
person 0.0020 477 114 498 204
person 0.0020 3 140 22 184
person 0.0019 6 160 84 305
person 0.0018 488 153 500 191
person 0.0017 491 221 498 297
person 0.0017 11 129 50 163
person 0.0017 491 123 500 186
person 0.0016 486 347 500 377
person 0.0015 481 230 499 352
person 0.0015 277 242 314 299
person 0.0015 493 254 499 322
person 0.0015 23 178 140 280
person 0.0013 354 142 431 208
person 0.0013 242 139 496 313
person 0.0012 319 259 499 365
person 0.0012 29 218 66 283
person 0.0011 66 170 218 285
person 0.0011 492 286 500 345
person 0.0011 6 253 94 377
person 0.0010 119 116 208 276
person 0.0010 198 352 231 376
person 0.0010 87 147 95 161
person 0.0010 12 129 33 140
boat 0.0360 190 155 376 237
boat 0.0172 13 154 414 220
boat 0.0046 17 103 464 280
boat 0.0036 82 96 241 298
boat 0.0014 37 122 447 196
bottle 0.8393 46 161 56 186
bottle 0.6473 22 167 30 184
bottle 0.4753 419 259 432 277
bottle 0.2619 28 165 36 183
bottle 0.2154 20 172 28 186
bottle 0.2025 456 184 469 216
bottle 0.1876 114 165 124 180
bottle 0.1445 457 182 467 203
bottle 0.1424 46 173 55 187
bottle 0.0968 30 174 38 186
bottle 0.0890 73 176 86 191
bottle 0.0710 39 165 48 184
bottle 0.0687 416 258 433 299
bottle 0.0594 470 199 482 219
bottle 0.0492 67 177 78 190
bottle 0.0465 39 175 48 187
bottle 0.0391 454 180 464 198
bottle 0.0391 109 167 119 181
bottle 0.0379 433 177 444 191
bottle 0.0364 76 166 86 181
bottle 0.0318 47 158 55 174
bottle 0.0305 442 270 452 281
bottle 0.0295 442 265 454 278
bottle 0.0240 454 193 464 212
bottle 0.0231 433 271 443 280
bottle 0.0228 480 202 489 219
bottle 0.0218 70 170 88 195
bottle 0.0202 467 188 482 218
bottle 0.0161 38 159 53 187
bottle 0.0134 108 178 125 188
bottle 0.0125 14 177 20 185
bottle 0.0113 433 175 446 206
bottle 0.0100 122 166 129 181
bottle 0.0095 79 158 87 171
bottle 0.0087 56 169 64 180
bottle 0.0080 109 162 127 187
bottle 0.0080 67 171 79 179
bottle 0.0076 75 160 89 188
bottle 0.0074 453 178 466 209
bottle 0.0062 72 183 86 194
bottle 0.0061 316 325 347 374
bottle 0.0058 486 342 500 375
bottle 0.0053 18 168 34 197
bottle 0.0052 420 269 434 281
bottle 0.0050 38 157 49 172
bottle 0.0042 428 342 455 374
bottle 0.0042 44 165 57 194
bottle 0.0038 59 180 70 190
bottle 0.0038 29 160 37 172
bottle 0.0035 415 266 428 307
bottle 0.0033 26 161 40 187
bottle 0.0029 460 201 470 216
bottle 0.0029 420 259 429 268
bottle 0.0029 116 162 123 172
bottle 0.0029 431 267 443 277
bottle 0.0027 452 262 461 278
bottle 0.0027 68 183 78 193
bottle 0.0026 450 270 459 281
bottle 0.0026 84 156 92 169
bottle 0.0025 248 146 256 162
bottle 0.0025 268 160 278 169
bottle 0.0022 238 148 253 160
bottle 0.0022 7 172 45 195
bottle 0.0021 495 289 500 311
bottle 0.0020 490 201 499 220
bottle 0.0018 80 159 97 186
bottle 0.0017 231 148 240 158
bottle 0.0016 82 96 241 298
bottle 0.0016 449 179 464 192
bottle 0.0015 477 196 496 223
bottle 0.0015 448 187 482 215
bottle 0.0015 123 174 130 187
bottle 0.0015 492 286 500 345
bottle 0.0013 13 154 414 220
bottle 0.0013 15 183 31 199
bottle 0.0011 33 149 51 180
bottle 0.0011 278 161 288 169
bottle 0.0011 170 366 198 377
bottle 0.0011 44 153 58 179
bottle 0.0011 438 145 453 178
bottle 0.0011 104 169 123 192
bottle 0.0010 58 184 69 193
bottle 0.0010 487 192 499 231
bottle 0.0010 412 257 430 282
bottle 0.0010 405 259 449 279
bottle 0.0010 494 294 499 315
chair 0.4447 102 230 147 310
chair 0.3734 22 273 103 376
chair 0.0913 0 256 65 372
chair 0.0743 21 289 65 368
chair 0.0382 113 290 230 369
chair 0.0236 104 238 184 308
chair 0.0207 77 201 142 305
chair 0.0184 21 203 109 268
chair 0.0152 492 159 499 173
chair 0.0151 199 286 231 344
chair 0.0147 0 144 53 401
chair 0.0144 182 271 320 366
chair 0.0118 101 233 141 262
chair 0.0112 435 115 496 188
chair 0.0096 44 181 126 287
chair 0.0092 316 325 347 374
chair 0.0087 127 256 147 303
chair 0.0071 123 198 199 308
chair 0.0058 491 221 498 297
chair 0.0057 11 183 128 329
chair 0.0056 0 292 31 372
chair 0.0055 198 352 231 376
chair 0.0055 6 147 80 283
chair 0.0054 480 174 499 296
chair 0.0054 404 267 494 318
chair 0.0051 117 214 209 255
chair 0.0050 280 250 306 289
chair 0.0048 495 267 500 288
chair 0.0047 120 236 156 311
chair 0.0042 11 192 47 282
chair 0.0040 10 281 81 354
chair 0.0040 496 140 499 169
chair 0.0039 98 202 141 271
chair 0.0038 187 176 213 256
chair 0.0038 488 153 500 191
chair 0.0038 13 281 176 375
chair 0.0036 85 211 158 260
chair 0.0036 2 179 85 370
chair 0.0035 71 187 139 248
chair 0.0035 494 247 498 272
chair 0.0033 64 215 107 285
chair 0.0032 55 130 94 174
chair 0.0032 161 223 179 260
chair 0.0031 495 255 499 285
chair 0.0027 468 134 486 172
chair 0.0026 192 178 206 246
chair 0.0026 474 133 492 176
chair 0.0025 482 214 500 331
chair 0.0025 110 196 217 237
chair 0.0024 46 202 89 268
chair 0.0024 492 245 499 311
chair 0.0024 38 157 49 172
chair 0.0023 477 114 498 204
chair 0.0023 41 215 62 264
chair 0.0023 491 123 500 186
chair 0.0021 285 283 302 292
chair 0.0020 141 214 183 297
chair 0.0020 8 177 130 211
chair 0.0020 495 289 500 311
chair 0.0019 205 220 228 258
chair 0.0019 65 243 101 271
chair 0.0018 122 229 178 250
chair 0.0018 -1 268 66 320
chair 0.0017 0 94 30 445
chair 0.0017 216 191 302 244
chair 0.0016 186 286 229 370
chair 0.0016 25 202 71 271
chair 0.0016 82 96 241 298
chair 0.0015 70 213 89 249
chair 0.0014 121 222 179 238
chair 0.0014 64 211 82 251
chair 0.0013 496 273 499 305
chair 0.0013 283 272 303 288
chair 0.0013 197 187 210 253
chair 0.0013 477 158 498 186
chair 0.0012 479 165 496 179
chair 0.0012 98 219 139 244
chair 0.0012 234 205 296 236
chair 0.0012 164 357 206 376
chair 0.0011 18 289 64 319
chair 0.0011 54 213 71 264
chair 0.0011 36 264 240 364
chair 0.0011 12 145 52 179
chair 0.0011 47 158 55 174
chair 0.0011 66 170 218 285
chair 0.0011 477 250 499 286
chair 0.0010 58 144 68 164
chair 0.0010 12 186 123 242
chair 0.0010 62 214 101 248
chair 0.0010 171 179 205 254
chair 0.0010 147 174 211 303
chair 0.0010 488 214 499 266
sofa 0.0022 404 267 494 318
sofa 0.0016 194 284 323 370
diningtable 0.6759 394 171 499 271
diningtable 0.6103 369 285 503 370
diningtable 0.2255 9 175 130 272
diningtable 0.1255 190 155 376 237
diningtable 0.1036 386 188 491 242
diningtable 0.0946 8 177 130 211
diningtable 0.0831 61 101 212 323
diningtable 0.0555 401 174 494 226
diningtable 0.0361 393 202 504 309
diningtable 0.0319 404 267 494 318
diningtable 0.0303 389 305 474 362
diningtable 0.0236 382 326 483 372
diningtable 0.0179 44 136 226 238
diningtable 0.0171 13 154 414 220
diningtable 0.0158 14 154 158 237
diningtable 0.0146 219 159 368 198
diningtable 0.0143 25 190 146 317
diningtable 0.0124 202 171 355 215
diningtable 0.0116 66 170 218 285
diningtable 0.0110 399 227 495 280
diningtable 0.0101 4 156 126 359
diningtable 0.0099 407 247 494 303
diningtable 0.0076 343 161 476 278
diningtable 0.0073 11 163 127 201
diningtable 0.0070 400 290 496 329
diningtable 0.0064 371 157 513 367
diningtable 0.0061 405 160 499 199
diningtable 0.0049 8 179 43 201
diningtable 0.0042 21 203 109 268
diningtable 0.0033 48 182 240 212
diningtable 0.0033 296 223 508 367
diningtable 0.0031 113 290 230 369
diningtable 0.0030 296 281 423 372
diningtable 0.0027 421 303 510 365
diningtable 0.0025 6 147 80 283
diningtable 0.0022 488 214 499 266
diningtable 0.0020 237 165 309 180
diningtable 0.0019 32 185 133 244
diningtable 0.0015 28 174 393 264
diningtable 0.0015 19 159 242 354
diningtable 0.0014 6 253 94 377
diningtable 0.0014 408 231 493 353
diningtable 0.0014 33 183 91 200
diningtable 0.0012 479 154 498 279
diningtable 0.0012 6 172 57 194
diningtable 0.0012 0 287 68 369
diningtable 0.0012 433 188 502 239
diningtable 0.0011 77 149 421 304
diningtable 0.0011 35 189 107 209
diningtable 0.0011 492 159 499 173
diningtable 0.0010 216 191 302 244
diningtable 0.0010 351 325 440 373
diningtable 0.0010 402 196 440 212
diningtable 0.0010 444 151 501 283
diningtable 0.0010 421 117 494 187
