person 0.9952 135 112 439 365
person 0.9862 187 92 248 213
person 0.9224 351 87 412 225
person 0.7426 360 100 471 203
person 0.2330 281 85 311 109
person 0.0824 288 88 310 103
person 0.0650 394 100 463 177
person 0.0534 283 91 317 117
person 0.0529 232 112 243 158
person 0.0381 496 138 500 169
person 0.0341 352 103 410 164
person 0.0294 246 84 313 204
person 0.0273 235 112 251 160
person 0.0226 68 124 79 140
person 0.0186 493 128 500 178
person 0.0110 70 120 108 196
person 0.0104 67 122 101 145
person 0.0085 497 131 500 160
person 0.0080 267 84 324 128
person 0.0078 391 107 464 250
person 0.0073 57 109 119 246
person 0.0069 241 120 267 203
person 0.0065 282 98 321 127
person 0.0061 233 131 240 156
person 0.0061 12 143 116 256
person 0.0059 495 152 499 172
person 0.0053 67 109 81 142
person 0.0048 288 97 311 110
person 0.0045 231 122 259 195
person 0.0041 1 270 119 365
person 0.0039 233 124 240 147
person 0.0036 235 116 241 132
person 0.0035 240 132 249 158
person 0.0035 183 129 252 189
person 0.0034 490 144 498 200
person 0.0034 411 120 452 193
person 0.0034 234 109 413 191
person 0.0033 249 133 257 156
person 0.0033 186 104 227 177
person 0.0031 84 124 120 194
person 0.0025 251 86 316 147
person 0.0022 173 127 240 225
person 0.0021 73 122 143 237
person 0.0020 473 141 480 164
person 0.0019 379 87 488 165
person 0.0019 416 112 436 153
person 0.0018 72 129 87 142
person 0.0018 176 104 320 194
person 0.0017 309 93 352 118
person 0.0015 88 123 110 151
person 0.0013 474 143 500 215
person 0.0012 394 119 429 191
person 0.0011 472 137 478 155
person 0.0011 468 154 499 247
person 0.0011 325 99 338 108
person 0.0010 372 129 455 184
person 0.0010 328 93 492 273
person 0.0010 359 104 366 124
motorbike 0.0010 59 123 451 378
boat 0.0010 59 123 451 378
sheep 0.0010 12 143 116 256
bottle 0.0162 496 138 500 169
bottle 0.0086 495 152 499 172
bottle 0.0083 473 141 480 164
bottle 0.0032 234 150 239 161
bottle 0.0030 115 340 140 375
bottle 0.0028 481 159 491 170
bottle 0.0021 88 123 110 151
bottle 0.0020 249 133 257 156
bottle 0.0020 493 128 500 178
bottle 0.0019 415 132 423 150
bottle 0.0014 108 137 114 151
bottle 0.0014 472 137 478 155
bottle 0.0012 381 138 400 171
bottle 0.0011 1 270 119 365
chair 0.9703 15 141 95 265
chair 0.7776 439 159 499 263
chair 0.7473 381 155 449 263
chair 0.4354 179 136 224 211
chair 0.3420 241 150 262 198
chair 0.2241 320 295 361 372
chair 0.1370 435 152 469 246
chair 0.0861 356 181 431 252
chair 0.0848 383 200 443 258
chair 0.0767 468 154 499 247
chair 0.0741 177 101 241 215
chair 0.0692 103 144 149 212
chair 0.0575 88 129 110 153
chair 0.0412 183 129 252 189
chair 0.0402 163 291 404 369
chair 0.0394 236 126 252 161
chair 0.0366 0 136 25 221
chair 0.0315 73 123 109 149
chair 0.0297 177 136 196 174
chair 0.0293 171 136 202 218
chair 0.0258 159 168 196 226
chair 0.0255 249 133 257 156
chair 0.0236 126 131 454 370
chair 0.0226 452 143 492 209
chair 0.0222 457 139 475 170
chair 0.0198 336 295 405 370
chair 0.0180 0 162 16 204
chair 0.0173 495 152 499 172
chair 0.0166 139 237 431 371
chair 0.0153 412 151 455 249
chair 0.0151 242 145 251 161
chair 0.0151 468 191 499 272
chair 0.0148 82 128 99 141
chair 0.0148 360 122 465 245
chair 0.0146 240 132 249 158
chair 0.0141 122 139 159 217
chair 0.0139 496 138 500 169
chair 0.0138 400 151 465 195
chair 0.0130 476 168 499 177
chair 0.0114 84 124 120 194
chair 0.0114 6 150 41 245
chair 0.0110 1 270 119 365
chair 0.0096 233 131 240 156
chair 0.0095 105 169 192 227
chair 0.0092 490 166 498 179
chair 0.0090 481 159 491 170
chair 0.0088 397 127 416 161
chair 0.0087 232 124 244 161
chair 0.0087 248 145 256 158
chair 0.0084 477 167 499 196
chair 0.0083 245 129 259 159
chair 0.0082 474 143 500 215
chair 0.0082 180 136 194 151
chair 0.0081 367 202 389 237
chair 0.0077 420 150 487 200
chair 0.0076 68 124 79 140
chair 0.0072 326 211 390 372
chair 0.0070 415 132 423 150
chair 0.0067 101 148 228 235
chair 0.0063 468 163 499 183
chair 0.0063 203 258 214 319
chair 0.0062 72 129 87 142
chair 0.0061 0 154 19 272
chair 0.0060 128 130 195 231
chair 0.0059 473 141 480 164
chair 0.0058 72 132 108 223
chair 0.0055 363 196 398 227
chair 0.0055 150 110 284 196
chair 0.0054 234 150 239 161
chair 0.0054 445 153 466 190
chair 0.0053 461 143 473 164
chair 0.0052 115 340 140 375
chair 0.0049 490 144 498 200
chair 0.0049 169 259 205 330
chair 0.0048 243 171 263 206
chair 0.0043 1 153 21 194
chair 0.0042 457 139 496 170
chair 0.0041 113 146 306 222
chair 0.0040 237 143 255 186
chair 0.0040 437 152 459 192
chair 0.0040 493 130 499 195
chair 0.0039 91 140 151 181
chair 0.0039 2 129 12 198
chair 0.0038 490 172 498 188
chair 0.0037 93 127 106 143
chair 0.0037 430 173 506 193
chair 0.0034 241 120 267 203
chair 0.0034 449 152 462 171
chair 0.0033 194 141 242 208
chair 0.0033 1 158 10 244
chair 0.0033 238 155 248 168
chair 0.0033 284 297 356 373
chair 0.0032 145 136 184 222
chair 0.0031 186 256 215 328
chair 0.0030 172 155 416 222
chair 0.0030 1 176 7 206
chair 0.0028 2 110 53 247
chair 0.0028 0 91 22 190
chair 0.0028 467 151 499 176
chair 0.0027 183 140 204 184
sofa 0.0010 12 143 116 256
pottedplant 0.0049 1 270 119 365
pottedplant 0.0015 496 138 500 169
pottedplant 0.0014 495 152 499 172
diningtable 0.2264 92 146 150 164
diningtable 0.1955 123 173 196 226
diningtable 0.1778 19 142 157 247
diningtable 0.1206 91 147 152 206
diningtable 0.1171 77 149 196 240
diningtable 0.0734 22 141 152 176
diningtable 0.0517 476 168 499 177
diningtable 0.0460 356 165 401 179
diningtable 0.0430 102 148 151 176
diningtable 0.0302 99 155 193 202
diningtable 0.0251 490 166 498 179
diningtable 0.0235 1 270 119 365
diningtable 0.0208 452 167 501 258
diningtable 0.0175 357 154 399 174
diningtable 0.0168 355 172 406 191
diningtable 0.0143 354 139 435 256
diningtable 0.0134 468 163 499 183
diningtable 0.0131 176 140 239 209
diningtable 0.0131 59 123 451 378
diningtable 0.0130 232 151 261 200
diningtable 0.0129 350 173 409 224
diningtable 0.0102 1 169 22 178
diningtable 0.0100 356 166 380 176
diningtable 0.0099 352 154 429 199
diningtable 0.0097 30 147 144 196
diningtable 0.0097 116 175 202 187
diningtable 0.0096 0 163 22 203
diningtable 0.0093 0 166 14 179
diningtable 0.0079 447 172 503 193
diningtable 0.0079 121 352 282 375
diningtable 0.0074 476 174 499 186
diningtable 0.0073 490 172 498 188
diningtable 0.0069 0 152 25 241
diningtable 0.0062 71 122 145 165
diningtable 0.0060 183 129 252 189
diningtable 0.0057 98 142 192 179
diningtable 0.0055 73 122 143 237
diningtable 0.0055 477 167 499 196
diningtable 0.0055 85 149 139 173
diningtable 0.0054 438 164 471 255
diningtable 0.0052 172 155 416 222
diningtable 0.0052 116 169 202 181
diningtable 0.0050 219 164 412 194
diningtable 0.0048 96 297 337 372
diningtable 0.0048 71 144 131 165
diningtable 0.0040 22 148 99 269
diningtable 0.0037 0 169 14 212
diningtable 0.0037 198 161 250 182
diningtable 0.0036 431 186 504 197
diningtable 0.0032 105 157 151 228
diningtable 0.0032 1 172 10 191
diningtable 0.0031 119 338 247 372
diningtable 0.0031 113 146 306 222
diningtable 0.0030 0 151 15 196
diningtable 0.0030 159 168 196 226
diningtable 0.0029 1 324 131 370
diningtable 0.0029 52 133 118 259
diningtable 0.0029 495 152 499 172
diningtable 0.0027 481 159 491 170
diningtable 0.0027 1 157 9 173
diningtable 0.0025 354 178 409 203
diningtable 0.0024 19 156 104 170
diningtable 0.0024 490 144 498 200
diningtable 0.0024 94 158 111 166
diningtable 0.0024 11 114 170 196
diningtable 0.0024 84 152 121 240
diningtable 0.0023 427 154 487 264
diningtable 0.0023 74 128 111 153
diningtable 0.0021 133 348 221 366
diningtable 0.0021 89 164 248 261
diningtable 0.0020 390 158 463 259
diningtable 0.0020 10 142 97 182
diningtable 0.0019 -2 164 32 183
diningtable 0.0019 467 151 499 176
diningtable 0.0018 101 162 158 183
diningtable 0.0018 474 187 498 196
diningtable 0.0017 234 156 241 166
diningtable 0.0017 93 138 147 156
diningtable 0.0016 128 354 226 372
diningtable 0.0016 2 175 21 186
diningtable 0.0016 94 149 108 156
diningtable 0.0016 173 337 271 371
diningtable 0.0015 92 143 112 182
diningtable 0.0015 271 146 461 224
diningtable 0.0015 21 145 102 161
diningtable 0.0015 349 103 413 241
diningtable 0.0015 179 155 252 176
diningtable 0.0014 380 138 415 171
diningtable 0.0014 106 135 146 191
diningtable 0.0014 174 158 241 186
diningtable 0.0014 362 139 398 172
diningtable 0.0013 358 159 376 171
diningtable 0.0013 141 178 192 205
diningtable 0.0012 489 152 498 233
diningtable 0.0012 437 149 499 202
diningtable 0.0011 357 183 403 245
diningtable 0.0011 495 176 498 206
diningtable 0.0011 57 295 141 371
diningtable 0.0010 0 170 45 196
diningtable 0.0010 -8 109 197 266
