person 0.9994 160 243 189 309
person 0.9984 204 203 280 369
person 0.9975 364 197 419 343
person 0.9911 472 228 498 296
person 0.9752 428 253 441 288
person 0.9716 41 257 56 292
person 0.9226 19 258 32 291
person 0.9122 442 255 458 288
person 0.7689 11 257 22 288
person 0.4058 270 259 277 281
person 0.3704 409 255 419 288
person 0.3210 363 251 379 286
person 0.2299 324 263 332 281
person 0.1905 321 262 328 281
person 0.1291 21 264 29 287
person 0.0690 13 267 21 285
person 0.0646 20 262 27 278
person 0.0604 443 261 453 277
person 0.0468 491 232 499 287
person 0.0454 452 262 460 275
person 0.0424 496 255 500 278
person 0.0408 42 264 50 286
person 0.0405 136 270 144 282
person 0.0384 404 258 417 292
person 0.0347 298 271 303 281
person 0.0312 45 266 54 285
person 0.0295 407 269 416 288
person 0.0284 411 267 418 287
person 0.0240 368 253 377 270
person 0.0233 20 258 26 266
person 0.0226 186 271 192 282
person 0.0202 251 248 278 342
person 0.0194 407 260 416 279
person 0.0194 365 256 376 277
person 0.0189 109 261 115 279
person 0.0189 208 223 233 328
person 0.0187 363 234 388 312
person 0.0181 432 259 440 278
person 0.0165 108 235 391 311
person 0.0162 495 236 498 265
person 0.0150 256 263 270 298
person 0.0147 116 271 126 282
person 0.0142 269 268 276 281
person 0.0141 494 249 499 272
person 0.0136 375 217 413 324
person 0.0117 264 263 271 279
person 0.0115 425 261 432 276
person 0.0105 27 261 35 282
person 0.0099 261 270 269 286
person 0.0084 472 263 479 276
person 0.0080 118 269 139 282
person 0.0080 183 260 189 280
person 0.0077 199 274 208 281
person 0.0075 257 282 266 297
person 0.0070 134 266 142 279
person 0.0070 453 255 461 270
person 0.0069 497 226 499 255
person 0.0061 47 264 54 276
person 0.0057 125 266 135 277
person 0.0053 266 254 280 283
person 0.0052 271 257 276 268
person 0.0048 190 238 459 298
person 0.0047 188 271 206 282
person 0.0046 206 272 221 327
person 0.0043 368 250 384 289
person 0.0042 497 258 499 296
person 0.0041 477 260 496 295
person 0.0035 443 258 450 266
person 0.0034 444 269 452 284
person 0.0033 429 256 465 285
person 0.0033 47 256 54 266
person 0.0032 109 270 116 282
person 0.0031 15 257 20 267
person 0.0029 400 239 416 282
person 0.0028 0 265 3 291
person 0.0026 359 273 365 281
person 0.0025 460 263 468 278
person 0.0025 493 247 500 306
person 0.0024 127 256 132 267
person 0.0024 494 203 499 278
person 0.0024 371 249 375 254
person 0.0023 412 254 418 269
person 0.0022 190 268 201 278
person 0.0021 200 263 207 278
person 0.0019 378 204 414 275
person 0.0018 114 265 124 278
person 0.0018 204 276 217 321
person 0.0018 475 237 497 267
person 0.0018 321 258 337 282
person 0.0018 364 273 376 288
person 0.0016 243 232 273 323
person 0.0016 258 263 283 353
person 0.0016 364 202 391 280
person 0.0015 257 253 272 287
person 0.0014 434 256 440 267
person 0.0014 372 254 379 266
person 0.0013 257 279 271 336
person 0.0013 360 263 366 278
person 0.0012 473 254 479 267
person 0.0012 361 252 398 286
bicycle 0.0072 270 259 277 281
bicycle 0.0033 411 267 418 287
bicycle 0.0025 13 267 21 285
bicycle 0.0022 407 269 416 288
bicycle 0.0018 404 258 417 292
bicycle 0.0010 199 274 208 281
car 0.5866 188 271 206 282
car 0.1194 118 269 139 282
car 0.0669 199 274 208 281
car 0.0090 186 271 192 282
car 0.0073 116 271 126 282
car 0.0058 190 268 201 278
car 0.0035 184 258 207 282
car 0.0025 183 269 211 285
car 0.0018 125 266 135 277
car 0.0016 136 270 144 282
car 0.0014 114 269 161 282
car 0.0014 112 262 147 282
car 0.0011 495 236 498 265
car 0.0011 496 255 500 278
bottle 0.0054 209 304 218 327
bottle 0.0026 257 282 266 297
bottle 0.0026 204 306 215 321
bottle 0.0022 239 278 249 301
bottle 0.0020 253 283 262 295
bottle 0.0015 232 284 239 294
chair 0.0013 407 269 416 288
chair 0.0012 270 259 277 281
chair 0.0011 411 267 418 287
