person 0.9921 80 157 130 276
person 0.0686 44 151 54 189
person 0.0362 0 150 6 215
person 0.0270 0 169 2 217
person 0.0153 86 167 125 230
person 0.0093 26 144 37 187
person 0.0084 12 170 17 179
person 0.0077 0 164 2 202
person 0.0064 0 162 5 237
person 0.0062 0 184 4 214
person 0.0059 0 73 3 98
person 0.0052 1 155 4 187
person 0.0049 25 116 38 130
person 0.0047 1 152 5 176
person 0.0033 0 136 8 192
person 0.0028 27 161 35 184
person 0.0025 46 175 52 187
person 0.0018 0 142 4 166
person 0.0015 28 175 35 186
person 0.0013 0 140 4 282
person 0.0012 0 65 2 91
person 0.0011 -1 129 15 222
car 0.0086 0 169 2 217
car 0.0054 0 163 6 220
car 0.0041 0 164 2 202
car 0.0015 0 184 4 214
car 0.0014 1 152 5 176
car 0.0014 0 141 7 206
car 0.0014 1 155 4 187
train 0.0018 72 72 428 150
train 0.0011 40 20 469 197
bird 0.0028 103 13 118 25
bird 0.0019 187 33 202 44
pottedplant 0.0022 0 124 8 184
