person 0.9998 3 92 269 487
person 0.0036 238 201 334 531
person 0.0020 4 411 37 499
train 0.0011 0 77 273 450
bottle 0.0048 258 488 276 499
bottle 0.0036 221 492 239 498
bottle 0.0025 227 491 250 498
bottle 0.0024 0 77 273 450
bottle 0.0014 239 492 258 498
bottle 0.0013 258 182 279 216
bottle 0.0013 248 491 267 499
chair 0.0171 4 411 37 499
chair 0.0051 219 415 255 490
chair 0.0024 -7 123 321 509
chair 0.0016 204 490 257 500
sofa 0.0142 -7 123 321 509
pottedplant 0.1158 297 149 328 211
pottedplant 0.0171 304 172 326 207
pottedplant 0.0024 277 156 308 211
