person 0.8475 96 184 139 245
person 0.0160 212 182 225 227
person 0.0106 161 206 197 234
person 0.0073 417 45 451 124
person 0.0025 172 207 187 222
person 0.0024 44 0 84 17
person 0.0023 430 46 459 121
person 0.0020 82 183 139 324
person 0.0019 176 206 194 223
person 0.0013 429 54 443 116
person 0.0012 204 186 230 244
person 0.0010 141 182 175 244
cat 0.0045 417 45 451 124
cat 0.0024 405 21 469 146
cat 0.0010 161 206 197 234
bottle 0.2509 212 188 226 232
bottle 0.0221 212 222 221 241
bottle 0.0116 212 235 221 246
bottle 0.0079 219 235 228 246
bottle 0.0071 221 224 229 239
bottle 0.0054 208 217 225 247
bottle 0.0027 159 187 172 204
bottle 0.0027 27 215 44 250
bottle 0.0026 212 197 223 223
bottle 0.0024 15 213 29 251
bottle 0.0024 205 238 213 246
bottle 0.0023 153 186 167 203
bottle 0.0020 155 192 167 205
bottle 0.0018 228 227 235 241
bottle 0.0017 204 186 230 244
bottle 0.0012 2 68 10 87
bottle 0.0010 215 185 222 201
chair 0.9945 223 260 355 371
chair 0.0447 99 238 194 380
chair 0.0130 90 250 115 369
chair 0.0119 72 259 101 368
chair 0.0089 229 238 348 315
chair 0.0078 46 289 83 369
chair 0.0074 99 203 137 239
chair 0.0066 157 234 202 247
chair 0.0055 33 252 98 375
chair 0.0053 104 248 139 336
chair 0.0035 82 244 132 374
chair 0.0028 60 248 111 374
chair 0.0025 29 292 69 365
chair 0.0021 235 298 325 366
chair 0.0021 122 204 140 236
chair 0.0021 128 235 153 246
chair 0.0020 100 218 137 243
chair 0.0016 34 319 72 371
chair 0.0014 126 212 136 233
chair 0.0013 94 186 145 244
chair 0.0010 236 270 325 318
sofa 0.0012 157 234 202 247
pottedplant 0.0203 159 192 172 206
pottedplant 0.0148 208 217 225 247
pottedplant 0.0117 161 206 197 234
pottedplant 0.0091 212 222 221 241
pottedplant 0.0079 155 192 167 205
pottedplant 0.0070 210 187 226 249
pottedplant 0.0041 149 187 172 214
pottedplant 0.0040 221 224 229 239
pottedplant 0.0028 196 218 236 246
pottedplant 0.0024 214 218 231 246
pottedplant 0.0023 172 207 187 222
pottedplant 0.0021 -2 4 107 135
pottedplant 0.0016 169 203 191 226
pottedplant 0.0014 155 195 177 225
diningtable 0.0019 112 240 324 348
diningtable 0.0018 99 238 194 380
diningtable 0.0011 126 238 313 258
diningtable 0.0010 133 227 307 253
tvmonitor 0.9926 235 188 289 234
tvmonitor 0.0015 405 21 469 146
