person 0.9992 56 -6 502 377
person 0.7426 115 147 139 175
person 0.3216 150 147 170 176
person 0.1745 79 140 99 172
person 0.0880 73 147 93 173
person 0.0767 97 145 117 174
person 0.0510 65 152 77 171
person 0.0398 166 150 184 176
person 0.0366 131 146 149 175
person 0.0344 62 147 80 173
person 0.0282 138 148 157 176
person 0.0203 7 37 205 347
person 0.0196 84 150 95 171
person 0.0189 155 139 176 174
person 0.0157 32 140 52 171
person 0.0126 84 138 117 173
person 0.0125 114 151 130 172
person 0.0116 15 211 53 271
person 0.0113 161 153 174 174
person 0.0093 131 144 143 166
person 0.0085 119 147 154 176
person 0.0084 114 146 126 163
person 0.0083 34 152 49 171
person 0.0083 2 144 10 166
person 0.0082 64 145 76 167
person 0.0079 158 165 166 175
person 0.0074 20 151 33 170
person 0.0068 55 147 74 173
person 0.0064 25 152 38 170
person 0.0059 95 152 109 172
person 0.0058 107 132 142 180
person 0.0055 77 145 90 165
person 0.0047 123 145 136 164
person 0.0046 0 228 13 272
person 0.0045 105 144 116 165
person 0.0043 1 140 21 170
person 0.0041 94 144 106 165
person 0.0041 126 132 162 179
person 0.0039 135 164 146 175
person 0.0038 42 243 62 275
person 0.0038 154 146 165 164
person 0.0037 13 222 77 275
person 0.0032 69 132 141 178
person 0.0030 0 241 22 275
person 0.0029 34 144 48 166
person 0.0029 25 246 60 275
person 0.0028 1 247 6 273
person 0.0027 6 153 18 169
person 0.0026 25 142 44 170
person 0.0025 160 146 173 163
person 0.0019 143 133 180 179
person 0.0019 100 131 120 162
person 0.0018 45 139 61 172
person 0.0018 27 146 40 167
person 0.0017 5 145 18 166
person 0.0017 141 164 153 176
person 0.0017 121 130 140 162
person 0.0017 3 205 83 349
person 0.0017 171 147 182 161
person 0.0016 56 140 89 172
person 0.0016 1 235 6 264
person 0.0015 124 136 137 153
person 0.0014 23 129 176 237
person 0.0014 48 154 59 171
person 0.0014 113 137 126 154
person 0.0013 69 131 104 178
person 0.0013 191 149 203 163
person 0.0013 34 257 50 274
person 0.0013 128 129 147 163
person 0.0012 103 136 117 154
person 0.0012 18 149 50 172
person 0.0011 54 232 73 267
person 0.0011 168 146 206 178
person 0.0011 177 146 196 177
person 0.0011 15 141 33 170
person 0.0010 1 140 12 181
person 0.0010 131 137 143 152
person 0.0010 153 137 165 152
person 0.0010 59 231 81 265
person 0.0010 84 138 96 153
person 0.0010 143 143 152 167
car 0.0339 -2 30 453 398
car 0.0011 178 289 238 341
aeroplane 0.0011 -23 -7 472 326
bus 0.2506 -23 -7 472 326
bus 0.2396 7 37 205 347
bus 0.0014 12 112 187 198
train 0.0028 49 -21 507 344
bottle 0.0014 -23 -7 472 326
chair 0.0774 48 45 507 385
sofa 0.0112 48 45 507 385
diningtable 0.0031 -2 30 453 398
tvmonitor 0.0090 48 45 507 385
tvmonitor 0.0014 9 66 205 369
