person 0.9623 197 162 378 231
person 0.3721 185 174 392 283
person 0.0378 480 154 499 320
person 0.0154 209 171 310 223
person 0.0104 298 165 378 227
person 0.0080 472 122 500 349
person 0.0068 87 142 130 178
person 0.0040 218 184 337 235
person 0.0029 265 139 461 219
person 0.0026 1 193 56 355
person 0.0025 477 243 499 334
person 0.0013 362 159 397 223
person 0.0012 486 238 498 318
person 0.0011 314 150 398 281
cat 0.0022 477 228 499 323
dog 0.0041 477 228 499 323
chair 0.9934 412 121 477 218
chair 0.9592 246 114 284 168
chair 0.8879 185 130 225 199
chair 0.7328 300 119 325 155
chair 0.5801 1 193 56 355
chair 0.5099 276 123 296 162
chair 0.5087 370 114 404 132
chair 0.3945 186 203 396 299
chair 0.3228 285 122 322 161
chair 0.2516 375 119 409 200
chair 0.1932 357 120 398 197
chair 0.1532 371 117 386 132
chair 0.1065 348 135 391 166
chair 0.1039 301 121 341 160
chair 0.0911 406 120 466 166
chair 0.0800 388 116 404 132
chair 0.0653 295 119 315 156
chair 0.0562 380 117 398 132
chair 0.0513 360 123 416 146
chair 0.0446 348 132 407 156
chair 0.0446 340 140 406 207
chair 0.0441 12 183 115 285
chair 0.0387 306 118 322 129
chair 0.0347 340 132 382 158
chair 0.0344 372 166 393 198
chair 0.0295 248 172 399 274
chair 0.0291 368 117 376 132
chair 0.0265 454 119 478 202
chair 0.0252 465 123 482 165
chair 0.0251 458 121 477 166
chair 0.0245 311 121 352 152
chair 0.0226 329 123 418 161
chair 0.0164 313 118 325 128
chair 0.0160 342 130 380 184
chair 0.0159 247 117 264 166
chair 0.0159 342 116 401 135
chair 0.0145 253 125 292 177
chair 0.0142 391 125 426 201
chair 0.0136 293 123 379 158
chair 0.0123 371 142 392 185
chair 0.0120 378 149 396 197
chair 0.0117 297 122 310 130
chair 0.0111 371 111 387 123
chair 0.0110 321 129 359 155
chair 0.0106 480 154 499 320
chair 0.0094 350 133 370 139
chair 0.0077 369 125 389 163
chair 0.0075 324 124 376 146
chair 0.0072 349 129 429 189
chair 0.0071 362 159 397 223
chair 0.0068 375 166 387 183
chair 0.0066 389 118 405 167
chair 0.0061 261 118 285 164
chair 0.0061 379 123 400 164
chair 0.0060 277 126 290 139
chair 0.0054 392 144 404 203
chair 0.0050 390 132 425 154
chair 0.0050 477 243 499 334
chair 0.0048 375 133 492 220
chair 0.0046 347 137 371 165
chair 0.0045 348 142 358 160
chair 0.0043 315 130 407 181
chair 0.0043 260 112 272 138
chair 0.0043 330 139 350 148
chair 0.0043 339 130 402 142
chair 0.0040 280 130 353 177
chair 0.0039 371 119 454 162
chair 0.0039 354 138 366 147
chair 0.0038 418 164 474 217
chair 0.0038 353 144 364 159
chair 0.0037 188 163 224 197
chair 0.0037 201 117 467 189
chair 0.0036 291 123 333 185
chair 0.0035 363 138 377 145
chair 0.0035 358 129 379 161
chair 0.0034 184 141 252 203
chair 0.0033 240 132 316 177
chair 0.0033 381 112 398 122
chair 0.0032 342 130 362 161
chair 0.0031 407 144 468 162
chair 0.0029 363 112 381 138
chair 0.0029 278 123 290 132
chair 0.0027 399 144 415 203
chair 0.0027 366 138 410 164
chair 0.0026 448 121 468 164
chair 0.0026 282 131 300 169
chair 0.0025 280 121 301 155
chair 0.0024 348 146 391 177
chair 0.0022 373 147 386 159
chair 0.0021 365 130 376 138
chair 0.0021 265 139 461 219
chair 0.0021 363 108 400 129
chair 0.0021 349 122 371 149
chair 0.0021 407 160 425 204
chair 0.0019 317 123 473 194
chair 0.0019 189 147 446 296
chair 0.0018 389 114 404 121
chair 0.0018 397 137 423 147
chair 0.0018 346 138 356 148
chair 0.0018 281 143 287 162
sofa 0.6116 185 174 392 283
sofa 0.5302 1 193 56 355
sofa 0.0306 479 178 499 329
sofa 0.0081 7 187 117 322
sofa 0.0036 301 121 341 160
sofa 0.0035 472 122 500 349
sofa 0.0032 197 162 378 231
sofa 0.0029 224 209 412 298
sofa 0.0019 483 106 499 292
sofa 0.0019 361 114 403 134
sofa 0.0013 320 124 363 148
sofa 0.0011 185 135 224 205
sofa 0.0011 478 250 499 368
diningtable 0.3054 338 126 408 191
diningtable 0.1383 329 123 418 161
diningtable 0.0630 346 126 413 144
diningtable 0.0622 282 118 451 190
diningtable 0.0609 346 132 393 158
diningtable 0.0363 12 183 115 285
diningtable 0.0303 324 124 376 146
diningtable 0.0274 310 133 489 216
diningtable 0.0227 356 131 420 154
diningtable 0.0161 249 119 294 165
diningtable 0.0140 361 114 403 134
diningtable 0.0133 401 128 475 213
diningtable 0.0119 394 139 427 208
diningtable 0.0107 357 137 423 209
diningtable 0.0081 328 129 374 158
diningtable 0.0074 276 123 296 162
diningtable 0.0064 369 127 426 147
diningtable 0.0051 375 119 409 200
diningtable 0.0049 344 137 380 164
diningtable 0.0047 293 123 379 158
diningtable 0.0039 390 132 425 154
diningtable 0.0037 267 120 335 163
diningtable 0.0034 240 132 316 177
diningtable 0.0033 369 131 458 187
diningtable 0.0030 350 133 370 139
diningtable 0.0024 357 136 398 166
diningtable 0.0021 409 130 465 159
diningtable 0.0019 326 111 421 143
diningtable 0.0019 397 137 423 147
diningtable 0.0017 407 144 468 162
diningtable 0.0017 331 118 390 135
diningtable 0.0017 188 163 224 197
diningtable 0.0016 371 140 425 162
diningtable 0.0016 236 160 406 231
diningtable 0.0016 268 138 404 174
diningtable 0.0014 312 151 403 208
diningtable 0.0014 371 117 386 132
diningtable 0.0012 253 136 290 169
diningtable 0.0011 3 192 80 354
diningtable 0.0011 301 121 341 160
diningtable 0.0010 184 141 252 203
diningtable 0.0010 229 160 359 200
diningtable 0.0010 18 179 107 215
tvmonitor 0.9923 67 129 140 192
tvmonitor 0.0042 12 183 115 285
