bird 0.0041 275 18 279 21
bottle 0.0013 436 21 441 26
chair 0.9978 292 16 333 74
chair 0.9934 337 14 379 75
chair 0.9917 161 23 206 74
chair 0.9911 378 16 416 75
chair 0.9622 220 17 255 79
chair 0.9388 417 16 475 77
chair 0.0252 447 17 480 75
chair 0.0086 341 18 408 71
chair 0.0070 222 19 253 54
chair 0.0045 440 19 473 54
chair 0.0043 255 4 474 74
chair 0.0028 332 21 346 72
chair 0.0019 418 28 456 65
chair 0.0014 95 9 414 69
chair 0.0013 371 21 384 74
chair 0.0012 447 21 468 29
chair 0.0012 376 25 447 79
chair 0.0010 436 21 441 26
chair 0.0010 322 15 353 73
chair 0.0010 187 24 259 81
chair 0.0010 107 6 465 44
diningtable 0.0546 332 14 383 73
diningtable 0.0145 371 16 421 72
diningtable 0.0053 289 15 339 72
diningtable 0.0049 255 4 474 74
diningtable 0.0035 409 18 468 77
diningtable 0.0022 107 6 465 44
