person 0.9996 6 104 152 309
person 0.9991 132 69 395 305
person 0.9970 148 115 213 228
person 0.8781 8 128 50 180
person 0.3170 103 147 151 222
person 0.1271 299 137 341 199
person 0.0918 184 137 219 201
person 0.0341 194 144 215 176
person 0.0244 291 160 338 197
person 0.0226 109 145 149 176
person 0.0174 198 155 210 171
person 0.0173 15 129 50 159
person 0.0170 192 159 203 176
person 0.0149 92 110 156 228
person 0.0123 159 139 199 218
person 0.0099 283 87 344 205
person 0.0096 37 132 47 146
person 0.0071 111 138 230 226
person 0.0069 30 127 51 153
person 0.0065 21 111 159 223
person 0.0063 188 155 209 185
person 0.0050 150 122 187 216
person 0.0049 34 128 48 142
person 0.0034 319 152 341 189
person 0.0028 189 136 210 172
person 0.0027 185 159 210 199
person 0.0024 78 121 195 220
person 0.0019 185 158 195 175
person 0.0019 -3 43 434 278
person 0.0017 102 150 142 190
person 0.0017 292 159 380 208
person 0.0017 55 152 351 228
person 0.0016 32 136 40 145
person 0.0015 1 135 90 306
person 0.0015 109 145 130 175
person 0.0015 3 135 49 224
person 0.0015 179 146 198 177
person 0.0013 125 111 278 221
person 0.0013 201 140 214 160
person 0.0013 77 170 146 229
person 0.0012 158 120 202 182
person 0.0011 173 156 228 209
chair 0.6428 425 183 450 259
chair 0.2171 334 188 383 208
chair 0.1833 377 172 394 226
chair 0.1503 348 202 392 230
chair 0.1048 471 215 500 313
chair 0.0578 330 183 389 227
chair 0.0321 52 240 149 311
chair 0.0292 363 175 393 231
chair 0.0226 422 186 491 308
chair 0.0211 336 196 387 222
chair 0.0181 473 159 499 289
chair 0.0158 376 241 461 310
chair 0.0119 379 256 413 308
chair 0.0117 368 206 391 231
chair 0.0109 476 220 496 273
chair 0.0103 101 244 147 312
chair 0.0085 377 177 453 310
chair 0.0062 375 188 450 256
chair 0.0059 332 186 376 200
chair 0.0057 372 228 449 263
chair 0.0056 353 192 390 251
chair 0.0052 95 149 421 316
chair 0.0051 3 145 139 303
chair 0.0032 373 231 408 302
chair 0.0028 372 224 393 256
chair 0.0028 18 230 491 302
chair 0.0027 360 193 379 203
chair 0.0022 445 148 500 302
chair 0.0022 321 165 388 214
chair 0.0021 336 192 364 203
chair 0.0019 374 189 384 208
chair 0.0017 490 256 499 316
chair 0.0016 410 257 495 313
chair 0.0015 459 273 498 314
chair 0.0014 412 256 458 308
chair 0.0014 423 189 437 244
chair 0.0014 0 182 16 305
chair 0.0013 376 174 383 205
chair 0.0013 6 283 59 310
chair 0.0013 337 188 364 195
chair 0.0013 494 207 499 326
chair 0.0012 357 197 396 223
chair 0.0012 0 220 137 310
chair 0.0012 462 203 494 284
chair 0.0010 283 185 394 222
chair 0.0010 331 202 375 233
sofa 0.0049 18 230 491 302
sofa 0.0032 348 202 392 230
sofa 0.0031 95 149 421 316
diningtable 0.0422 374 230 454 301
diningtable 0.0140 372 228 449 263
diningtable 0.0086 18 230 491 302
diningtable 0.0086 12 154 153 304
diningtable 0.0084 34 230 156 306
diningtable 0.0061 334 188 383 208
diningtable 0.0044 21 209 487 276
diningtable 0.0033 348 202 392 230
diningtable 0.0031 471 215 500 313
diningtable 0.0026 95 149 421 316
diningtable 0.0022 332 186 376 200
diningtable 0.0022 336 196 387 222
diningtable 0.0017 473 145 499 269
diningtable 0.0015 330 183 389 227
