person 0.9976 3 154 116 338
person 0.9956 109 144 166 270
person 0.9820 347 128 441 286
person 0.9804 68 160 133 286
person 0.9781 339 152 493 341
person 0.9114 229 134 319 209
person 0.7155 152 145 201 227
person 0.6958 341 128 401 236
person 0.4358 155 144 243 222
person 0.2739 188 130 334 223
person 0.2524 422 135 455 173
person 0.0737 488 142 500 200
person 0.0640 480 120 499 218
person 0.0553 487 134 499 173
person 0.0243 458 135 494 167
person 0.0240 483 140 499 269
person 0.0222 491 140 499 166
person 0.0156 489 162 499 220
person 0.0143 29 188 341 343
person 0.0142 422 132 464 193
person 0.0139 478 135 497 171
person 0.0139 445 126 463 158
person 0.0117 405 135 496 319
person 0.0108 487 163 500 363
person 0.0102 456 131 478 158
person 0.0100 373 128 493 238
person 0.0085 326 145 389 218
person 0.0082 365 237 502 345
person 0.0080 427 127 462 160
person 0.0078 417 124 484 178
person 0.0076 275 124 476 303
person 0.0075 34 108 458 329
person 0.0070 492 164 499 181
person 0.0068 84 172 120 271
person 0.0065 416 131 456 234
person 0.0060 147 165 183 235
person 0.0059 173 126 472 216
person 0.0057 64 146 362 296
person 0.0056 376 138 413 234
person 0.0055 492 149 497 174
person 0.0044 143 101 434 256
person 0.0040 441 121 497 173
person 0.0039 493 136 498 152
person 0.0039 396 130 465 278
person 0.0038 475 63 498 386
person 0.0038 382 116 398 129
person 0.0037 152 141 183 204
person 0.0036 111 165 124 181
person 0.0035 128 141 193 262
person 0.0034 0 326 122 352
person 0.0031 80 138 196 241
person 0.0030 489 105 499 164
person 0.0029 417 125 439 156
person 0.0028 440 161 498 360
person 0.0027 93 152 258 258
person 0.0027 492 170 499 191
person 0.0026 356 167 390 241
person 0.0026 257 219 271 280
person 0.0025 345 85 522 287
person 0.0025 196 230 220 296
person 0.0024 457 131 498 199
person 0.0024 412 120 445 147
person 0.0023 354 171 369 212
person 0.0020 255 136 303 204
person 0.0020 441 101 502 270
person 0.0019 427 125 444 139
person 0.0018 217 189 228 232
person 0.0017 341 188 360 214
person 0.0016 370 171 384 213
person 0.0015 448 126 462 139
person 0.0015 372 114 409 135
person 0.0015 489 192 499 246
person 0.0014 219 180 308 229
person 0.0013 448 133 461 155
person 0.0013 242 187 256 233
person 0.0012 494 181 499 201
person 0.0012 494 121 498 147
person 0.0012 148 199 347 304
person 0.0012 109 164 127 198
person 0.0011 0 283 8 347
person 0.0011 0 182 65 340
person 0.0011 369 174 457 346
person 0.0010 178 133 223 209
person 0.0010 438 127 474 159
person 0.0010 108 149 150 227
person 0.0010 1 172 13 354
person 0.0010 150 177 218 229
person 0.0010 0 310 105 343
person 0.0010 419 132 434 151
bird 0.0014 286 89 321 125
cat 0.0024 286 89 321 125
bottle 0.9287 308 244 331 312
bottle 0.8844 171 274 195 324
bottle 0.8717 313 180 328 224
bottle 0.7274 197 229 216 288
bottle 0.6418 286 187 301 230
bottle 0.5634 222 220 248 302
bottle 0.4726 266 189 284 235
bottle 0.4410 299 182 310 222
bottle 0.3815 257 231 271 285
bottle 0.3315 217 189 228 232
bottle 0.2947 245 184 258 234
bottle 0.2246 228 211 246 248
bottle 0.1863 259 209 272 268
bottle 0.1654 218 188 227 213
bottle 0.1579 255 202 273 290
bottle 0.1364 198 220 216 260
bottle 0.1232 258 208 268 233
bottle 0.1202 217 210 231 249
bottle 0.1187 234 214 249 264
bottle 0.0977 212 200 222 239
bottle 0.0771 220 211 229 231
bottle 0.0742 229 208 239 230
bottle 0.0698 212 210 221 231
bottle 0.0684 187 219 200 260
bottle 0.0675 199 203 216 238
bottle 0.0652 233 240 250 296
bottle 0.0569 201 212 214 228
bottle 0.0568 201 221 214 236
bottle 0.0490 212 200 220 219
bottle 0.0487 262 203 279 255
bottle 0.0422 301 197 310 221
bottle 0.0421 217 241 233 297
bottle 0.0420 261 220 282 306
bottle 0.0347 314 179 325 201
bottle 0.0326 211 217 223 259
bottle 0.0322 384 73 409 114
bottle 0.0311 199 191 209 212
bottle 0.0302 255 175 270 208
bottle 0.0302 198 192 214 228
bottle 0.0294 300 196 312 241
bottle 0.0274 248 236 262 278
bottle 0.0273 211 194 219 212
bottle 0.0272 314 194 331 243
bottle 0.0261 211 130 342 220
bottle 0.0257 173 271 195 301
bottle 0.0250 305 180 319 221
bottle 0.0244 86 186 398 336
bottle 0.0243 285 178 311 240
bottle 0.0242 183 223 196 270
bottle 0.0239 212 218 220 237
bottle 0.0238 220 201 228 219
bottle 0.0236 265 233 280 285
bottle 0.0234 302 189 316 229
bottle 0.0227 287 175 296 190
bottle 0.0225 220 217 230 238
bottle 0.0223 299 183 308 201
bottle 0.0213 309 188 329 257
bottle 0.0206 148 199 347 304
bottle 0.0205 192 246 223 310
bottle 0.0199 238 216 247 239
bottle 0.0181 288 202 299 221
bottle 0.0178 248 179 257 201
bottle 0.0178 257 187 271 235
bottle 0.0170 284 174 301 213
bottle 0.0162 197 258 216 292
bottle 0.0153 232 181 321 227
bottle 0.0150 267 236 279 257
bottle 0.0130 230 218 239 238
bottle 0.0127 316 199 328 222
bottle 0.0126 171 261 191 296
bottle 0.0122 298 212 314 246
bottle 0.0121 246 175 260 210
bottle 0.0120 201 204 212 217
bottle 0.0117 238 201 253 238
bottle 0.0107 212 204 231 287
bottle 0.0107 191 213 201 226
bottle 0.0105 201 228 213 247
bottle 0.0105 182 214 197 249
bottle 0.0102 228 223 247 272
bottle 0.0092 192 220 202 236
bottle 0.0086 249 210 257 232
bottle 0.0082 257 175 269 188
bottle 0.0081 258 217 267 237
bottle 0.0078 247 178 275 235
bottle 0.0077 178 83 201 115
bottle 0.0074 284 210 302 245
bottle 0.0073 197 191 204 211
bottle 0.0071 474 73 491 114
bottle 0.0071 211 187 224 219
bottle 0.0069 191 201 204 240
bottle 0.0068 222 231 233 248
bottle 0.0068 275 200 287 239
bottle 0.0064 257 180 268 201
bottle 0.0062 311 247 329 290
bottle 0.0062 279 210 287 231
bottle 0.0061 250 188 259 211
bottle 0.0060 218 173 230 211
bottle 0.0059 309 207 334 281
bottle 0.0057 217 225 234 271
bottle 0.0056 194 195 220 257
chair 0.1121 351 334 505 357
chair 0.0693 111 165 124 181
chair 0.0628 229 152 320 215
chair 0.0431 487 134 499 173
chair 0.0430 491 140 499 166
chair 0.0424 155 144 243 222
chair 0.0405 492 170 499 191
chair 0.0391 489 155 499 209
chair 0.0340 489 178 499 242
chair 0.0333 73 163 113 180
chair 0.0320 0 326 122 352
chair 0.0313 107 166 118 180
chair 0.0242 492 164 499 181
chair 0.0226 494 181 499 201
chair 0.0219 368 340 486 353
chair 0.0218 161 135 180 150
chair 0.0216 492 149 497 174
chair 0.0149 366 347 488 355
chair 0.0147 458 135 494 167
chair 0.0119 310 161 353 198
chair 0.0117 29 154 76 169
chair 0.0102 218 188 227 213
chair 0.0086 494 185 498 214
chair 0.0085 484 146 499 302
chair 0.0081 456 131 478 158
chair 0.0070 281 160 354 214
chair 0.0063 495 191 498 229
chair 0.0061 220 174 229 192
chair 0.0052 494 198 498 241
chair 0.0051 219 184 228 199
chair 0.0050 493 136 498 152
chair 0.0047 159 131 195 156
chair 0.0043 71 163 112 194
chair 0.0041 481 155 491 168
chair 0.0039 181 208 194 217
chair 0.0039 59 155 122 321
chair 0.0037 74 157 112 173
chair 0.0036 493 185 499 293
chair 0.0036 478 135 497 171
chair 0.0034 -2 164 106 348
chair 0.0033 152 145 201 227
chair 0.0033 342 136 382 224
chair 0.0032 350 171 356 190
chair 0.0029 445 126 463 158
chair 0.0029 91 165 113 177
chair 0.0029 218 173 230 211
chair 0.0028 0 275 8 337
chair 0.0027 180 130 200 158
chair 0.0027 169 192 177 207
chair 0.0025 159 227 180 234
chair 0.0024 109 164 127 198
chair 0.0024 480 120 499 218
chair 0.0023 232 181 321 227
chair 0.0023 29 188 341 343
chair 0.0023 75 160 107 168
chair 0.0022 0 310 105 343
chair 0.0022 355 168 369 179
chair 0.0022 494 121 498 147
chair 0.0020 211 194 219 212
chair 0.0020 372 186 388 233
chair 0.0019 448 133 461 155
chair 0.0019 170 186 177 197
chair 0.0018 158 136 180 165
chair 0.0016 448 126 462 139
chair 0.0016 107 171 118 186
chair 0.0016 156 226 163 235
chair 0.0015 111 170 124 186
chair 0.0015 69 157 137 269
chair 0.0015 125 121 158 147
chair 0.0015 160 129 179 143
chair 0.0015 480 240 498 361
chair 0.0015 200 189 207 199
chair 0.0014 469 158 484 167
chair 0.0014 160 122 181 148
chair 0.0014 155 212 163 227
chair 0.0014 316 180 323 188
chair 0.0014 342 162 358 200
chair 0.0014 427 127 462 160
chair 0.0014 421 338 508 353
chair 0.0014 166 194 176 205
chair 0.0014 362 129 458 313
chair 0.0013 0 203 4 235
chair 0.0013 181 136 196 153
chair 0.0013 199 191 209 212
chair 0.0012 383 184 396 236
chair 0.0012 388 277 429 300
chair 0.0012 1 178 8 261
chair 0.0012 48 157 75 169
chair 0.0011 309 182 319 201
chair 0.0011 330 162 353 200
chair 0.0011 486 189 500 372
chair 0.0011 148 199 347 304
chair 0.0010 319 136 359 208
chair 0.0010 441 121 497 173
chair 0.0010 154 143 163 160
chair 0.0010 151 133 161 151
chair 0.0010 174 203 182 216
chair 0.0010 304 175 320 212
chair 0.0010 23 155 80 183
chair 0.0010 179 150 223 219
sofa 0.0457 29 188 341 343
sofa 0.0069 155 144 243 222
sofa 0.0024 3 153 118 307
sofa 0.0011 484 146 499 302
sofa 0.0010 489 192 499 246
pottedplant 0.7767 224 45 296 122
pottedplant 0.7553 409 9 488 110
pottedplant 0.1105 287 95 321 129
pottedplant 0.0611 218 7 332 133
pottedplant 0.0393 309 126 331 158
pottedplant 0.0330 274 118 296 145
pottedplant 0.0211 292 119 312 149
pottedplant 0.0177 268 114 300 138
pottedplant 0.0136 459 116 496 134
pottedplant 0.0126 304 123 340 150
pottedplant 0.0119 275 116 294 132
pottedplant 0.0107 275 125 294 141
pottedplant 0.0099 294 125 309 144
pottedplant 0.0095 430 26 475 108
pottedplant 0.0092 268 4 341 74
pottedplant 0.0084 284 126 300 142
pottedplant 0.0083 253 109 342 151
pottedplant 0.0072 294 127 333 155
pottedplant 0.0069 281 111 302 141
pottedplant 0.0056 210 71 243 119
pottedplant 0.0055 297 135 309 150
pottedplant 0.0053 477 117 492 128
pottedplant 0.0049 286 107 319 140
pottedplant 0.0049 345 118 357 132
pottedplant 0.0044 312 135 327 153
pottedplant 0.0042 246 115 283 132
pottedplant 0.0042 467 119 487 130
pottedplant 0.0040 309 127 350 155
pottedplant 0.0039 340 110 360 139
pottedplant 0.0037 272 121 362 164
pottedplant 0.0037 277 7 342 133
pottedplant 0.0036 301 119 321 151
pottedplant 0.0034 456 121 494 144
pottedplant 0.0032 412 120 445 147
pottedplant 0.0031 221 56 261 120
pottedplant 0.0030 252 119 297 145
pottedplant 0.0026 475 111 496 138
pottedplant 0.0026 345 123 358 140
pottedplant 0.0025 457 120 494 176
pottedplant 0.0024 304 125 320 142
pottedplant 0.0023 319 125 339 157
pottedplant 0.0021 283 115 298 133
pottedplant 0.0021 307 134 319 152
pottedplant 0.0019 253 60 295 122
pottedplant 0.0018 342 106 360 118
pottedplant 0.0018 334 125 349 140
pottedplant 0.0017 352 117 369 151
pottedplant 0.0017 94 201 331 313
pottedplant 0.0016 313 125 329 141
pottedplant 0.0016 296 98 330 159
pottedplant 0.0016 336 118 350 132
pottedplant 0.0016 380 113 414 134
pottedplant 0.0016 285 136 298 148
pottedplant 0.0015 322 125 338 141
pottedplant 0.0014 255 175 270 208
pottedplant 0.0014 284 92 307 119
pottedplant 0.0014 264 89 332 134
pottedplant 0.0014 493 114 497 132
pottedplant 0.0013 354 117 366 131
pottedplant 0.0012 266 118 281 131
pottedplant 0.0012 460 120 473 131
pottedplant 0.0012 292 83 326 137
pottedplant 0.0011 299 92 323 123
pottedplant 0.0011 339 98 362 128
pottedplant 0.0011 333 119 352 147
pottedplant 0.0011 254 117 275 129
pottedplant 0.0011 448 30 487 113
pottedplant 0.0010 282 63 318 124
pottedplant 0.0010 283 111 381 152
diningtable 0.9479 41 207 374 344
diningtable 0.0348 492 164 499 181
diningtable 0.0330 492 170 499 191
diningtable 0.0249 494 181 499 201
diningtable 0.0163 489 162 499 220
diningtable 0.0123 111 291 390 347
diningtable 0.0090 494 185 498 214
diningtable 0.0090 488 142 500 200
diningtable 0.0036 148 199 347 304
diningtable 0.0034 492 149 497 174
diningtable 0.0033 491 140 499 166
diningtable 0.0030 331 211 374 225
diningtable 0.0026 487 134 499 173
diningtable 0.0026 334 334 496 356
diningtable 0.0019 137 240 230 287
diningtable 0.0018 202 203 320 244
diningtable 0.0018 329 216 374 240
diningtable 0.0017 166 242 409 344
diningtable 0.0016 493 136 498 152
diningtable 0.0014 330 206 372 220
diningtable 0.0013 15 333 107 355
diningtable 0.0013 495 191 498 229
diningtable 0.0012 181 201 262 252
diningtable 0.0012 457 130 491 160
diningtable 0.0011 118 271 162 282
diningtable 0.0010 346 338 472 352
diningtable 0.0010 137 172 363 261
