person 0.9889 168 165 222 255
person 0.9752 295 134 389 264
person 0.9332 217 150 276 252
person 0.7292 0 115 24 140
person 0.0902 220 161 291 304
person 0.0301 1 116 7 137
person 0.0161 221 151 290 210
person 0.0136 1 124 6 141
person 0.0135 268 58 278 73
person 0.0104 265 49 281 84
person 0.0095 268 53 278 67
person 0.0095 0 113 21 199
person 0.0091 244 51 258 67
person 0.0085 1 113 14 150
person 0.0068 206 143 310 232
person 0.0066 323 44 335 67
person 0.0059 295 160 334 232
person 0.0036 228 69 240 85
person 0.0035 4 124 21 139
person 0.0034 237 51 257 83
person 0.0032 292 183 333 254
person 0.0027 0 118 5 208
person 0.0026 286 88 297 103
person 0.0026 239 61 252 72
person 0.0024 165 181 230 323
person 0.0024 304 123 339 189
person 0.0021 225 66 233 85
person 0.0021 276 186 320 255
person 0.0021 172 64 184 75
person 0.0020 259 59 266 74
person 0.0020 282 160 347 273
person 0.0019 133 218 179 292
person 0.0019 0 104 3 127
person 0.0018 247 59 261 72
person 0.0017 47 46 55 61
person 0.0017 0 105 8 183
person 0.0017 269 68 280 86
person 0.0016 299 145 336 208
person 0.0016 277 163 319 230
person 0.0016 323 59 334 73
person 0.0015 49 107 61 125
person 0.0014 485 20 500 141
person 0.0013 262 184 301 255
person 0.0013 260 123 410 318
person 0.0012 240 162 312 275
person 0.0012 233 59 255 92
person 0.0012 270 207 330 266
person 0.0011 493 37 499 135
person 0.0011 169 61 174 74
person 0.0010 281 68 298 101
bicycle 0.9425 275 216 400 311
bicycle 0.9047 221 216 294 322
bicycle 0.8253 147 234 227 357
bicycle 0.3374 218 214 260 286
bicycle 0.2155 164 273 229 352
bicycle 0.1709 345 225 415 324
bicycle 0.0948 270 207 330 266
bicycle 0.0751 292 236 376 303
bicycle 0.0352 253 255 293 322
bicycle 0.0290 148 220 276 315
bicycle 0.0284 212 174 278 293
bicycle 0.0241 133 218 179 292
bicycle 0.0218 291 159 388 304
bicycle 0.0201 135 227 230 289
bicycle 0.0168 207 217 242 283
bicycle 0.0144 234 219 278 294
bicycle 0.0139 221 210 294 267
bicycle 0.0130 281 202 356 301
bicycle 0.0070 186 244 225 275
bicycle 0.0063 184 225 225 286
bicycle 0.0063 168 242 229 297
bicycle 0.0052 367 235 408 314
bicycle 0.0052 132 217 195 331
bicycle 0.0050 308 225 397 288
bicycle 0.0050 260 217 296 295
bicycle 0.0048 292 213 337 291
bicycle 0.0042 219 206 236 252
bicycle 0.0041 214 237 236 284
bicycle 0.0040 241 239 308 315
bicycle 0.0036 161 250 202 339
bicycle 0.0031 163 208 240 262
bicycle 0.0031 177 189 221 273
bicycle 0.0030 286 206 387 265
bicycle 0.0029 196 250 219 286
bicycle 0.0027 165 181 230 323
bicycle 0.0026 292 183 333 254
bicycle 0.0023 214 251 254 285
bicycle 0.0022 299 237 419 334
bicycle 0.0022 355 257 405 323
bicycle 0.0021 311 212 332 249
bicycle 0.0020 292 214 331 246
bicycle 0.0019 223 218 244 264
bicycle 0.0017 224 222 264 260
bicycle 0.0016 349 226 405 281
bicycle 0.0016 276 186 320 255
bicycle 0.0016 266 206 302 265
bicycle 0.0016 302 220 324 261
bicycle 0.0015 206 258 282 322
bicycle 0.0015 184 210 260 271
bicycle 0.0013 175 261 198 294
bicycle 0.0013 275 215 310 244
bicycle 0.0012 148 245 184 334
bicycle 0.0012 245 223 313 281
bicycle 0.0010 219 227 236 270
motorbike 0.0446 148 253 228 358
motorbike 0.0182 127 217 172 289
motorbike 0.0121 345 225 415 324
motorbike 0.0085 270 207 330 266
motorbike 0.0058 291 214 410 319
motorbike 0.0058 134 222 228 318
motorbike 0.0036 204 219 301 309
motorbike 0.0013 276 186 320 255
motorbike 0.0010 173 269 224 350
bird 0.0041 46 43 56 60
dog 0.0011 270 207 330 266
bottle 0.0149 327 252 337 270
bottle 0.0088 251 221 260 237
bottle 0.0034 341 258 355 274
bottle 0.0033 323 245 339 275
bottle 0.0025 336 259 348 275
bottle 0.0024 47 46 55 61
bottle 0.0022 344 254 356 269
bottle 0.0022 252 218 260 229
bottle 0.0016 265 225 279 238
chair 0.8542 204 90 228 123
chair 0.2240 171 91 186 120
chair 0.1521 213 88 235 125
chair 0.1465 272 89 309 124
chair 0.1083 202 89 212 106
chair 0.0980 173 110 206 173
chair 0.0731 219 88 236 101
chair 0.0695 228 69 240 85
chair 0.0640 209 87 222 101
chair 0.0395 201 89 217 119
chair 0.0335 178 119 211 153
chair 0.0329 205 85 225 111
chair 0.0325 210 85 221 94
chair 0.0271 226 87 239 102
chair 0.0243 225 64 244 89
chair 0.0233 217 84 237 109
chair 0.0211 173 90 185 106
chair 0.0204 197 86 204 106
chair 0.0197 228 81 240 90
chair 0.0182 279 77 290 93
chair 0.0179 201 89 235 140
chair 0.0174 173 118 188 149
chair 0.0173 225 66 233 85
chair 0.0172 276 69 295 101
chair 0.0171 272 80 293 113
chair 0.0165 170 81 187 113
chair 0.0151 286 88 297 103
chair 0.0149 176 136 211 168
chair 0.0136 269 68 280 86
chair 0.0123 221 85 233 93
chair 0.0123 203 82 210 94
chair 0.0111 140 79 154 95
chair 0.0102 278 69 291 86
chair 0.0101 227 64 241 72
chair 0.0100 290 90 310 122
chair 0.0093 267 87 281 102
chair 0.0084 267 82 280 90
chair 0.0084 172 64 184 75
chair 0.0078 266 82 286 112
chair 0.0078 171 92 200 158
chair 0.0075 179 93 188 114
chair 0.0073 284 76 296 95
chair 0.0073 189 119 206 135
chair 0.0069 151 90 186 121
chair 0.0060 177 151 196 188
chair 0.0056 172 79 185 95
chair 0.0053 172 70 186 78
chair 0.0051 278 87 292 103
chair 0.0048 173 117 184 136
chair 0.0046 182 92 217 155
chair 0.0044 209 96 223 113
chair 0.0043 282 81 301 112
chair 0.0041 176 90 192 121
chair 0.0041 158 128 210 183
chair 0.0039 224 81 242 109
chair 0.0037 140 77 155 116
chair 0.0035 196 78 290 127
chair 0.0032 224 87 241 125
chair 0.0027 268 58 278 73
chair 0.0026 152 95 159 119
chair 0.0025 266 73 299 129
chair 0.0023 177 148 211 176
chair 0.0023 146 93 155 118
chair 0.0023 277 86 314 145
chair 0.0023 192 80 206 112
chair 0.0021 179 89 189 106
chair 0.0021 148 99 186 176
chair 0.0021 283 68 295 87
chair 0.0020 198 80 203 94
chair 0.0020 397 53 417 84
chair 0.0020 173 102 184 123
chair 0.0018 156 73 343 152
chair 0.0018 180 152 195 169
chair 0.0018 219 71 237 102
chair 0.0017 187 113 208 140
chair 0.0016 256 88 294 121
chair 0.0016 129 91 152 118
chair 0.0016 217 107 231 123
chair 0.0016 223 64 234 70
chair 0.0016 228 61 265 91
chair 0.0015 192 116 214 153
chair 0.0014 219 100 232 109
chair 0.0013 187 128 209 138
chair 0.0013 221 63 236 90
chair 0.0013 294 96 309 115
chair 0.0013 167 96 234 148
chair 0.0012 169 61 174 74
chair 0.0012 489 113 498 194
chair 0.0012 242 52 255 66
chair 0.0012 239 61 252 72
chair 0.0012 480 114 501 200
chair 0.0012 265 69 284 103
chair 0.0011 208 108 226 121
chair 0.0011 236 74 314 129
chair 0.0011 196 93 203 113
chair 0.0011 236 68 249 83
chair 0.0011 447 109 464 122
chair 0.0011 178 125 192 143
chair 0.0010 265 49 281 84
chair 0.0010 265 81 326 124
sofa 0.0024 204 89 232 124
sofa 0.0013 8 129 72 192
sofa 0.0012 140 79 154 95
sofa 0.0011 225 64 244 89
sofa 0.0011 228 69 240 85
sofa 0.0010 272 89 309 124
pottedplant 0.7098 445 105 492 180
pottedplant 0.1463 442 54 500 186
pottedplant 0.1278 235 59 278 140
pottedplant 0.0763 276 65 294 92
pottedplant 0.0758 383 111 414 135
pottedplant 0.0686 278 69 291 86
pottedplant 0.0487 219 129 296 190
pottedplant 0.0363 236 101 275 129
pottedplant 0.0327 292 136 388 253
pottedplant 0.0311 214 126 277 237
pottedplant 0.0266 305 109 339 171
pottedplant 0.0252 269 68 280 86
pottedplant 0.0244 479 95 502 186
pottedplant 0.0208 244 51 258 67
pottedplant 0.0201 277 75 310 127
pottedplant 0.0197 241 50 263 81
pottedplant 0.0191 221 151 290 210
pottedplant 0.0155 266 157 305 189
pottedplant 0.0140 379 65 417 132
pottedplant 0.0138 217 127 255 162
pottedplant 0.0134 389 115 408 132
pottedplant 0.0115 250 148 310 199
pottedplant 0.0107 234 63 271 91
pottedplant 0.0100 233 75 274 98
pottedplant 0.0094 228 54 289 176
pottedplant 0.0093 228 60 287 110
pottedplant 0.0091 297 119 331 148
pottedplant 0.0086 377 74 397 118
pottedplant 0.0082 247 59 261 72
pottedplant 0.0077 225 88 289 144
pottedplant 0.0070 444 112 466 158
pottedplant 0.0069 239 61 252 72
pottedplant 0.0063 239 91 285 122
pottedplant 0.0062 311 121 353 187
pottedplant 0.0062 490 96 498 194
pottedplant 0.0060 283 68 295 87
pottedplant 0.0054 483 20 499 184
pottedplant 0.0054 381 90 415 122
pottedplant 0.0054 312 114 335 154
pottedplant 0.0050 232 56 260 116
pottedplant 0.0049 279 77 290 93
pottedplant 0.0049 318 153 340 191
pottedplant 0.0048 196 250 219 286
pottedplant 0.0046 196 78 290 127
pottedplant 0.0044 482 123 500 225
pottedplant 0.0044 369 34 384 44
pottedplant 0.0044 281 68 298 101
pottedplant 0.0043 266 61 282 90
pottedplant 0.0041 402 115 413 133
pottedplant 0.0040 228 69 240 85
pottedplant 0.0040 265 49 281 84
pottedplant 0.0039 313 133 335 172
pottedplant 0.0038 296 125 314 146
pottedplant 0.0038 268 58 278 73
pottedplant 0.0037 383 116 398 130
pottedplant 0.0036 172 64 184 75
pottedplant 0.0036 380 107 396 123
pottedplant 0.0035 269 192 282 207
pottedplant 0.0033 211 118 277 172
pottedplant 0.0033 203 128 242 190
pottedplant 0.0032 231 83 276 106
pottedplant 0.0031 258 72 269 84
pottedplant 0.0031 379 103 400 129
pottedplant 0.0030 496 39 499 57
pottedplant 0.0030 236 74 314 129
pottedplant 0.0030 258 80 271 90
pottedplant 0.0029 266 73 299 129
pottedplant 0.0028 395 97 467 145
pottedplant 0.0028 444 116 488 155
pottedplant 0.0027 353 261 421 324
pottedplant 0.0027 439 93 501 158
pottedplant 0.0026 263 156 285 187
pottedplant 0.0025 246 80 265 91
pottedplant 0.0025 265 87 286 121
pottedplant 0.0024 46 43 56 60
pottedplant 0.0024 177 125 212 183
pottedplant 0.0023 266 165 327 226
pottedplant 0.0021 319 117 338 170
pottedplant 0.0021 259 59 266 74
pottedplant 0.0020 373 69 392 107
pottedplant 0.0020 267 82 280 90
pottedplant 0.0019 299 145 336 208
pottedplant 0.0019 215 127 261 186
pottedplant 0.0018 227 64 241 72
pottedplant 0.0018 244 70 267 102
pottedplant 0.0017 248 70 263 83
pottedplant 0.0017 225 64 244 89
pottedplant 0.0017 184 109 326 197
pottedplant 0.0017 246 137 282 172
pottedplant 0.0016 264 109 390 197
pottedplant 0.0015 494 27 500 108
pottedplant 0.0015 175 250 220 288
pottedplant 0.0015 174 74 396 147
pottedplant 0.0014 495 102 498 128
pottedplant 0.0014 396 96 416 133
pottedplant 0.0014 492 79 499 152
pottedplant 0.0013 256 147 291 181
pottedplant 0.0013 266 186 283 217
pottedplant 0.0013 496 45 500 67
pottedplant 0.0013 379 100 395 115
diningtable 0.0250 219 88 236 101
diningtable 0.0147 204 89 232 124
diningtable 0.0107 227 64 241 72
diningtable 0.0075 174 149 202 158
diningtable 0.0072 228 69 240 85
diningtable 0.0046 228 81 240 90
diningtable 0.0045 175 147 199 181
diningtable 0.0043 210 85 221 94
diningtable 0.0037 174 136 207 169
diningtable 0.0037 202 89 212 106
diningtable 0.0036 226 87 239 102
diningtable 0.0031 212 98 234 126
diningtable 0.0030 209 87 222 101
diningtable 0.0029 223 64 234 70
diningtable 0.0026 221 85 233 93
diningtable 0.0025 151 90 186 121
diningtable 0.0023 219 100 232 109
diningtable 0.0020 267 82 280 90
diningtable 0.0019 171 91 186 120
diningtable 0.0019 175 112 212 171
diningtable 0.0015 208 85 238 108
diningtable 0.0013 231 83 276 106
diningtable 0.0013 233 75 274 98
diningtable 0.0013 203 82 210 94
diningtable 0.0011 205 85 225 111
diningtable 0.0010 225 66 233 85
diningtable 0.0010 148 99 186 176
diningtable 0.0010 138 82 227 122
diningtable 0.0010 176 139 199 149
tvmonitor 0.1779 392 38 411 55
tvmonitor 0.1003 320 41 337 71
tvmonitor 0.0060 170 43 188 74
tvmonitor 0.0058 4 78 45 136
tvmonitor 0.0056 325 43 335 59
tvmonitor 0.0022 268 53 278 67
tvmonitor 0.0011 173 46 184 68
