person 0.3877 360 157 396 280
person 0.1214 360 162 422 225
person 0.0473 361 158 399 211
person 0.0202 391 173 424 209
person 0.0127 361 161 383 204
person 0.0070 382 168 417 201
person 0.0052 388 189 425 216
person 0.0035 371 181 408 287
person 0.0034 352 150 408 252
person 0.0034 366 166 375 179
person 0.0023 405 175 426 208
person 0.0022 388 200 427 219
person 0.0021 370 153 408 192
person 0.0018 368 177 409 207
person 0.0016 371 166 382 180
person 0.0013 289 148 437 299
person 0.0013 310 192 319 212
person 0.0013 368 158 389 189
person 0.0012 365 205 391 293
person 0.0012 327 154 392 308
person 0.0010 394 181 428 244
car 0.0175 272 131 453 326
bus 0.0415 272 131 453 326
train 0.0073 274 143 453 353
boat 0.0049 270 98 456 307
dog 0.0013 362 166 395 293
bottle 0.0018 390 204 406 216
