person 0.0595 8 67 329 374
person 0.0024 146 29 485 364
person 0.0021 4 151 180 370
person 0.0011 403 247 502 374
cat 0.9830 159 71 469 357
cat 0.0014 138 45 358 252
dog 0.0161 159 71 469 357
bottle 0.0022 132 3 265 34
chair 0.0177 0 29 22 175
chair 0.0045 0 30 9 123
chair 0.0043 0 3 16 126
chair 0.0017 1 83 28 194
chair 0.0013 0 33 48 200
sofa 0.0043 146 29 485 364
sofa 0.0040 230 26 501 255
sofa 0.0028 8 67 329 374
sofa 0.0012 28 161 471 371
diningtable 0.0024 31 77 479 363
tvmonitor 0.0217 128 3 240 33
