person 0.9981 160 201 231 333
person 0.9958 99 198 173 320
person 0.9914 225 191 301 329
person 0.9897 279 178 359 329
person 0.8932 277 124 368 264
person 0.1153 50 181 169 318
person 0.0902 248 139 391 329
person 0.0366 111 220 238 325
person 0.0126 228 131 372 228
person 0.0119 0 216 16 326
person 0.0088 168 225 335 328
person 0.0084 232 171 291 228
person 0.0051 74 181 268 317
person 0.0043 5 267 83 324
person 0.0038 489 164 500 233
person 0.0035 107 186 179 243
person 0.0033 66 160 285 256
person 0.0032 168 182 245 243
person 0.0027 2 233 113 325
person 0.0025 481 155 499 269
person 0.0024 -3 289 96 329
person 0.0023 3 160 206 322
person 0.0019 380 233 494 328
person 0.0016 478 182 498 321
person 0.0013 0 225 7 309
person 0.0013 320 288 391 330
person 0.0011 93 128 104 140
person 0.0010 206 165 239 184
person 0.0010 167 184 203 242
person 0.0010 337 252 375 327
person 0.0010 489 135 499 209
bird 0.0015 153 131 163 140
dog 0.0017 -3 289 96 329
bottle 0.0904 92 315 104 333
bottle 0.0262 186 105 199 139
bottle 0.0140 208 132 217 141
bottle 0.0094 116 127 126 140
bottle 0.0083 103 128 114 141
bottle 0.0074 90 301 107 330
bottle 0.0072 170 298 190 332
bottle 0.0065 93 309 104 325
bottle 0.0063 130 126 141 140
bottle 0.0054 178 300 193 331
bottle 0.0047 60 127 70 141
bottle 0.0046 185 307 192 325
bottle 0.0039 186 321 205 332
bottle 0.0039 87 319 98 332
bottle 0.0032 126 127 137 140
bottle 0.0028 89 129 100 141
bottle 0.0028 189 309 199 325
bottle 0.0027 73 128 84 141
bottle 0.0024 186 301 203 331
bottle 0.0022 93 128 104 140
bottle 0.0020 66 128 75 141
bottle 0.0017 201 318 212 333
bottle 0.0017 0 133 4 155
bottle 0.0017 0 274 14 317
bottle 0.0014 150 317 168 332
bottle 0.0012 24 113 37 129
bottle 0.0012 180 316 211 334
bottle 0.0011 205 134 214 142
bottle 0.0010 0 230 2 266
chair 0.4964 64 181 189 318
chair 0.1153 280 201 357 329
chair 0.0617 380 233 494 328
chair 0.0597 93 204 168 324
chair 0.0530 47 193 121 318
chair 0.0191 28 159 242 327
chair 0.0166 35 226 175 324
chair 0.0143 94 263 160 322
chair 0.0073 343 239 378 307
chair 0.0072 111 220 238 325
chair 0.0066 0 216 16 326
chair 0.0059 76 294 177 329
chair 0.0058 379 294 497 329
chair 0.0054 164 260 231 328
chair 0.0048 107 186 179 243
chair 0.0040 63 229 107 314
chair 0.0036 168 225 335 328
chair 0.0035 166 159 207 186
chair 0.0034 139 291 229 333
chair 0.0034 91 305 133 325
chair 0.0032 168 182 245 243
chair 0.0028 89 234 119 308
chair 0.0027 95 241 159 304
chair 0.0027 263 136 378 263
chair 0.0025 432 258 499 319
chair 0.0024 94 260 110 311
chair 0.0022 281 261 358 325
chair 0.0021 153 190 228 330
chair 0.0021 103 183 313 306
chair 0.0020 97 220 161 286
chair 0.0019 489 164 500 233
chair 0.0018 0 261 13 312
chair 0.0015 438 195 498 311
chair 0.0015 231 193 310 337
chair 0.0015 59 157 208 260
chair 0.0014 158 262 174 311
chair 0.0014 154 236 179 313
chair 0.0014 202 164 235 185
chair 0.0014 324 230 352 314
chair 0.0013 128 152 147 175
chair 0.0013 93 300 108 313
chair 0.0012 344 163 374 265
chair 0.0012 100 223 123 251
chair 0.0011 216 209 238 245
chair 0.0010 180 152 210 171
chair 0.0010 218 278 306 332
chair 0.0010 16 196 404 337
chair 0.0010 96 201 161 263
chair 0.0010 89 293 109 320
sofa 0.2866 64 181 189 318
sofa 0.1818 43 167 302 324
sofa 0.0570 110 163 310 249
sofa 0.0334 168 225 335 328
sofa 0.0198 263 136 378 263
sofa 0.0127 230 182 361 327
sofa 0.0111 111 220 238 325
sofa 0.0104 177 181 261 244
sofa 0.0079 35 226 175 324
sofa 0.0069 65 196 423 340
sofa 0.0068 33 287 399 335
sofa 0.0051 47 193 121 318
sofa 0.0048 59 157 208 260
sofa 0.0029 272 214 380 328
sofa 0.0026 0 216 16 326
sofa 0.0024 184 171 292 229
sofa 0.0021 380 233 494 328
sofa 0.0020 -3 289 96 329
sofa 0.0015 107 186 179 243
sofa 0.0012 218 278 306 332
diningtable 0.0184 -15 296 217 336
diningtable 0.0104 9 311 200 335
diningtable 0.0052 76 294 177 329
diningtable 0.0035 12 319 74 334
diningtable 0.0021 91 317 135 333
diningtable 0.0013 -9 311 104 338
diningtable 0.0010 102 293 224 332
tvmonitor 0.0886 450 201 500 263
tvmonitor 0.0312 487 163 500 216
tvmonitor 0.0120 438 195 498 311
tvmonitor 0.0082 483 140 499 253
tvmonitor 0.0059 432 258 499 319
tvmonitor 0.0025 489 135 499 209
tvmonitor 0.0024 445 153 498 279
tvmonitor 0.0019 474 179 497 285
tvmonitor 0.0017 31 171 377 325
tvmonitor 0.0015 494 161 498 201
tvmonitor 0.0015 380 233 494 328
tvmonitor 0.0011 495 184 499 213
