person 0.5737 11 281 90 383
person 0.0848 3 255 137 387
person 0.0738 46 289 93 354
person 0.0394 26 293 77 371
person 0.0080 0 252 27 372
person 0.0053 63 293 96 346
person 0.0042 -2 255 59 376
person 0.0038 1 334 56 382
person 0.0029 4 295 48 379
person 0.0012 26 266 67 325
person 0.0011 13 334 123 380
person 0.0010 45 268 89 332
cat 0.0015 28 292 94 367
cat 0.0010 196 298 392 334
dog 0.0068 12 294 89 369
dog 0.0016 1 334 56 382
bottle 0.0042 66 316 81 349
bottle 0.0025 69 320 79 341
bottle 0.0019 69 318 78 328
bottle 0.0012 69 318 92 347
bottle 0.0010 46 348 59 370
chair 0.3970 3 271 134 389
chair 0.0123 28 292 94 367
chair 0.0056 0 243 28 360
chair 0.0042 124 226 457 369
chair 0.0042 55 267 147 377
chair 0.0029 63 293 96 346
chair 0.0016 13 334 123 380
chair 0.0010 51 208 87 270
sofa 0.9766 124 226 457 369
sofa 0.7428 3 255 137 387
sofa 0.0520 120 257 394 345
sofa 0.0187 142 298 444 377
sofa 0.0064 0 243 28 360
sofa 0.0063 23 285 98 378
sofa 0.0048 55 267 147 377
sofa 0.0040 104 230 321 331
sofa 0.0025 98 250 257 350
sofa 0.0020 153 119 417 342
sofa 0.0016 186 298 372 333
sofa 0.0014 4 223 126 330
sofa 0.0013 -2 255 59 376
sofa 0.0013 13 334 123 380
sofa 0.0010 16 256 480 409
pottedplant 0.6122 117 99 399 233
pottedplant 0.0907 1 34 128 276
pottedplant 0.0403 9 163 80 278
pottedplant 0.0295 70 114 142 158
pottedplant 0.0192 15 210 81 271
pottedplant 0.0166 292 93 377 238
pottedplant 0.0088 160 96 245 234
pottedplant 0.0078 26 175 67 272
pottedplant 0.0074 28 49 468 273
pottedplant 0.0073 0 32 58 289
pottedplant 0.0065 153 119 417 342
pottedplant 0.0058 28 109 102 254
pottedplant 0.0038 24 96 145 220
pottedplant 0.0028 18 114 120 169
pottedplant 0.0026 12 173 50 269
pottedplant 0.0021 31 239 49 272
pottedplant 0.0019 49 177 83 265
pottedplant 0.0019 29 228 52 265
pottedplant 0.0018 50 150 83 220
pottedplant 0.0015 1 4 28 287
pottedplant 0.0015 28 227 65 282
pottedplant 0.0015 1 149 63 325
pottedplant 0.0013 10 208 84 351
pottedplant 0.0012 23 44 234 265
diningtable 0.0021 142 298 444 377
diningtable 0.0015 10 256 147 385
tvmonitor 0.0017 62 293 97 331
tvmonitor 0.0012 70 114 142 158
