person 0.1881 100 142 123 166
person 0.0868 121 143 156 165
person 0.0453 128 145 149 159
person 0.0221 151 142 185 167
person 0.0201 109 147 127 161
person 0.0032 160 146 176 164
person 0.0028 119 147 141 160
person 0.0024 96 147 128 172
person 0.0023 170 147 183 163
person 0.0020 84 146 96 158
person 0.0020 39 132 261 288
person 0.0017 92 142 114 167
person 0.0014 111 153 127 166
person 0.0013 103 152 119 166
person 0.0012 103 140 118 155
person 0.0011 147 142 170 166
car 0.9434 59 131 262 256
car 0.0016 200 158 217 167
cat 0.0013 200 158 217 167
dog 0.0529 200 158 217 167
sheep 0.0021 200 158 217 167
cow 0.0894 200 158 217 167
