person 0.0273 377 145 385 153
person 0.0088 270 171 277 176
person 0.0074 321 39 328 47
person 0.0067 382 145 389 152
person 0.0055 422 68 427 76
person 0.0055 279 171 287 176
person 0.0027 494 46 499 64
person 0.0021 324 40 335 47
person 0.0020 494 42 499 54
person 0.0016 491 3 499 27
person 0.0015 274 172 277 184
person 0.0012 495 54 499 72
person 0.0012 263 170 270 176
person 0.0011 289 168 298 175
bicycle 0.0011 377 145 385 153
car 0.8883 241 163 312 198
car 0.7844 236 84 288 104
car 0.0673 491 3 499 27
car 0.0088 235 94 253 105
car 0.0070 494 46 499 64
car 0.0060 494 42 499 54
car 0.0044 477 1 499 27
car 0.0039 495 54 499 72
car 0.0039 496 15 499 33
car 0.0037 486 -4 500 26
car 0.0026 416 5 476 26
car 0.0025 401 57 418 66
car 0.0015 495 69 499 80
car 0.0014 377 145 385 153
car 0.0013 24 152 477 341
car 0.0013 479 6 495 24
car 0.0011 -32 250 529 319
car 0.0010 441 53 457 60
motorbike 0.0044 377 145 385 153
motorbike 0.0011 239 167 313 196
aeroplane 0.0088 24 152 477 341
bus 0.0208 416 5 476 26
bus 0.0181 491 3 499 27
bus 0.0076 241 163 312 198
bus 0.0029 486 -4 500 26
bus 0.0025 477 1 499 27
bus 0.0024 417 1 491 20
bus 0.0020 236 84 288 104
bus 0.0018 494 46 499 64
bus 0.0015 406 1 500 30
train 0.0017 10 65 488 131
train 0.0012 232 51 493 115
train 0.0011 487 0 500 30
dog 0.0012 377 145 385 153
sheep 0.0032 24 152 477 341
pottedplant 0.0036 441 53 457 60
pottedplant 0.0027 354 61 368 71
pottedplant 0.0011 444 52 466 59
