person 0.4457 272 282 276 287
person 0.2411 272 280 276 285
person 0.2332 250 277 257 284
person 0.2025 301 283 304 287
person 0.1873 291 283 294 287
person 0.1817 264 282 267 287
person 0.1763 281 282 284 287
person 0.1652 281 279 285 285
person 0.1533 262 279 266 285
person 0.1023 312 280 315 284
person 0.0789 416 286 421 289
person 0.0751 310 282 313 286
person 0.0486 290 280 293 284
person 0.0477 301 280 304 284
person 0.0468 317 279 321 284
person 0.0180 318 282 321 286
person 0.0165 249 281 257 286
person 0.0124 254 280 329 297
person 0.0050 84 283 93 288
person 0.0031 245 278 252 284
person 0.0030 403 286 416 290
person 0.0029 244 283 251 286
person 0.0027 282 269 286 274
person 0.0015 396 286 401 289
train 0.0025 252 217 328 293
boat 0.9794 254 185 324 297
boat 0.9005 390 254 424 290
boat 0.8000 5 252 27 292
boat 0.6805 83 255 99 290
boat 0.1244 84 283 93 288
boat 0.1083 250 277 257 284
boat 0.0931 85 269 95 286
boat 0.0509 254 280 329 297
boat 0.0402 249 281 257 286
boat 0.0318 133 284 138 287
boat 0.0302 377 251 439 292
boat 0.0291 416 286 421 289
boat 0.0289 4 261 39 290
boat 0.0250 129 283 136 287
boat 0.0245 9 283 25 289
boat 0.0207 165 284 171 287
boat 0.0202 16 285 24 288
boat 0.0151 88 255 106 290
boat 0.0136 274 212 318 291
boat 0.0125 88 258 95 285
boat 0.0122 81 284 89 287
boat 0.0102 244 283 251 286
boat 0.0084 32 287 37 289
boat 0.0079 403 286 416 290
boat 0.0074 40 289 46 291
boat 0.0067 245 278 252 284
boat 0.0065 80 256 119 289
boat 0.0062 391 259 411 290
boat 0.0054 246 247 262 287
boat 0.0043 16 271 25 285
boat 0.0042 86 267 133 288
boat 0.0041 11 271 23 286
boat 0.0032 442 288 454 291
boat 0.0029 257 212 305 289
boat 0.0028 14 259 119 290
boat 0.0020 77 254 94 290
boat 0.0019 152 284 165 287
boat 0.0019 318 282 321 286
boat 0.0019 248 241 322 294
boat 0.0016 70 226 435 291
boat 0.0015 74 254 107 298
boat 0.0015 405 260 426 290
boat 0.0015 105 284 116 288
boat 0.0015 65 257 147 293
boat 0.0015 95 285 104 288
boat 0.0014 1 284 5 289
boat 0.0013 80 276 88 284
boat 0.0013 115 284 124 287
boat 0.0012 317 279 321 284
boat 0.0012 248 215 274 290
boat 0.0011 48 288 53 290
boat 0.0011 449 287 460 290
boat 0.0011 0 243 10 294
boat 0.0011 380 228 419 291
boat 0.0010 423 288 427 291
boat 0.0010 385 282 430 291
bird 0.0019 296 184 308 191
bird 0.0014 416 286 421 289
