person 0.9932 228 147 415 373
person 0.0968 477 243 499 378
person 0.0080 470 168 500 381
person 0.0079 393 90 405 107
person 0.0053 457 59 477 96
person 0.0041 403 90 413 107
person 0.0033 457 37 491 97
person 0.0028 485 317 499 375
person 0.0021 410 89 420 106
person 0.0020 0 98 12 151
person 0.0014 390 88 410 110
person 0.0012 43 183 441 362
person 0.0011 477 181 498 329
bird 0.0035 457 59 477 96
dog 0.0016 393 90 405 107
dog 0.0011 403 90 413 107
chair 0.8151 259 172 456 366
chair 0.5544 27 169 54 214
chair 0.5404 83 167 120 203
chair 0.4998 477 243 499 378
chair 0.3195 57 171 81 207
chair 0.2327 136 159 157 201
chair 0.2218 102 168 122 202
chair 0.1991 289 213 443 331
chair 0.1777 111 168 131 201
chair 0.1582 1 170 26 208
chair 0.0945 14 166 49 217
chair 0.0698 115 177 138 203
chair 0.0611 72 168 90 202
chair 0.0569 157 157 179 203
chair 0.0426 18 169 79 215
chair 0.0398 73 176 112 203
chair 0.0380 470 168 500 381
chair 0.0285 60 168 103 200
chair 0.0256 301 160 336 190
chair 0.0236 477 181 498 329
chair 0.0223 485 317 499 375
chair 0.0215 116 185 138 198
chair 0.0181 320 155 337 168
chair 0.0156 278 155 344 203
chair 0.0148 449 89 497 345
chair 0.0128 133 166 181 198
chair 0.0100 0 136 24 224
chair 0.0096 113 167 128 180
chair 0.0095 478 208 499 254
chair 0.0092 482 100 497 296
chair 0.0088 115 171 127 191
chair 0.0088 387 164 407 201
chair 0.0084 265 165 340 220
chair 0.0078 119 165 160 199
chair 0.0073 253 239 417 360
chair 0.0064 15 170 33 212
chair 0.0063 1 169 12 212
chair 0.0060 56 178 230 203
chair 0.0059 136 182 179 202
chair 0.0058 177 157 200 205
chair 0.0056 295 159 414 200
chair 0.0049 294 176 417 214
chair 0.0047 43 183 441 362
chair 0.0044 1 167 6 198
chair 0.0042 41 170 63 209
chair 0.0041 246 176 410 280
chair 0.0041 380 200 447 307
chair 0.0039 86 189 112 196
chair 0.0038 125 164 240 201
chair 0.0038 149 159 170 203
chair 0.0037 1 174 5 208
chair 0.0037 119 178 135 188
chair 0.0035 87 168 109 176
chair 0.0035 5 203 250 370
chair 0.0034 79 166 121 182
chair 0.0034 26 175 146 208
chair 0.0034 5 168 131 198
chair 0.0031 117 182 160 200
chair 0.0031 227 202 327 267
chair 0.0030 426 127 485 344
chair 0.0030 0 156 22 194
chair 0.0028 3 173 21 190
chair 0.0027 380 153 416 206
chair 0.0027 401 163 414 204
chair 0.0026 33 171 216 195
chair 0.0025 295 155 329 178
chair 0.0025 1 192 6 210
chair 0.0025 60 186 78 196
chair 0.0023 0 169 9 232
chair 0.0022 478 228 498 267
chair 0.0021 74 186 89 198
chair 0.0021 484 201 498 241
chair 0.0021 110 162 129 189
chair 0.0020 2 194 23 206
chair 0.0018 57 170 82 176
chair 0.0018 106 169 116 195
chair 0.0018 89 172 106 189
chair 0.0018 -16 173 296 215
chair 0.0018 414 115 442 210
chair 0.0016 280 157 327 186
chair 0.0016 380 162 414 187
chair 0.0016 153 184 200 202
chair 0.0015 450 244 499 373
chair 0.0015 0 185 24 214
chair 0.0015 61 174 78 188
chair 0.0014 0 167 44 198
chair 0.0014 410 110 458 283
chair 0.0014 201 141 402 336
chair 0.0013 76 171 87 193
chair 0.0013 177 178 197 206
chair 0.0013 493 239 498 374
chair 0.0013 483 297 500 439
chair 0.0012 134 184 146 199
chair 0.0012 0 168 23 176
chair 0.0012 177 187 196 198
chair 0.0012 224 158 333 205
chair 0.0012 24 168 47 201
chair 0.0011 273 296 445 374
chair 0.0011 105 166 116 178
chair 0.0011 486 211 498 268
sofa 0.8088 24 191 447 361
sofa 0.2721 5 203 250 370
sofa 0.2147 477 243 499 378
sofa 0.1168 259 172 456 366
sofa 0.0218 470 168 500 381
sofa 0.0181 289 213 443 331
sofa 0.0072 7 172 331 212
sofa 0.0041 267 159 339 206
sofa 0.0034 201 141 402 336
sofa 0.0031 477 181 498 329
sofa 0.0023 246 176 410 280
sofa 0.0017 116 204 371 312
sofa 0.0017 149 185 353 272
sofa 0.0015 227 202 327 267
sofa 0.0013 480 308 500 388
sofa 0.0013 194 165 384 224
sofa 0.0010 450 244 499 373
pottedplant 0.0025 0 -1 67 46
pottedplant 0.0024 456 65 477 102
diningtable 0.0169 5 168 131 198
diningtable 0.0074 83 167 120 203
diningtable 0.0057 477 181 498 329
diningtable 0.0050 26 175 146 208
diningtable 0.0042 -16 173 296 215
diningtable 0.0038 60 168 103 200
diningtable 0.0036 477 243 499 378
diningtable 0.0034 41 167 102 179
diningtable 0.0031 478 208 499 254
diningtable 0.0027 21 179 231 203
diningtable 0.0026 18 169 79 215
diningtable 0.0026 63 167 121 181
diningtable 0.0025 14 160 130 169
diningtable 0.0016 484 201 498 241
diningtable 0.0013 57 170 82 176
diningtable 0.0013 47 169 81 200
diningtable 0.0012 0 167 23 202
diningtable 0.0012 -11 148 150 174
diningtable 0.0010 -17 303 450 367
tvmonitor 0.0092 15 89 80 149
tvmonitor 0.0041 0 54 12 94
tvmonitor 0.0020 435 47 493 103
tvmonitor 0.0011 -1 85 23 159
tvmonitor 0.0011 0 57 9 81
