person 0.1207 175 112 197 138
person 0.1072 394 143 401 163
person 0.0495 205 101 228 132
person 0.0280 177 121 194 139
person 0.0219 387 143 395 165
person 0.0151 146 95 172 135
person 0.0131 171 100 202 134
person 0.0101 496 147 500 159
person 0.0088 161 119 196 143
person 0.0085 178 109 213 138
person 0.0084 143 109 175 140
person 0.0079 406 146 415 165
person 0.0078 195 102 219 132
person 0.0073 156 95 177 135
person 0.0064 190 108 225 137
person 0.0054 411 148 422 161
person 0.0052 181 107 195 123
person 0.0038 394 139 400 153
person 0.0034 185 102 206 132
person 0.0027 216 106 229 123
person 0.0026 213 107 232 136
person 0.0025 209 106 224 123
person 0.0025 438 146 451 158
person 0.0025 189 117 203 132
person 0.0023 172 118 187 135
person 0.0020 188 107 201 124
person 0.0020 172 124 187 140
person 0.0018 217 115 229 131
person 0.0018 237 94 250 110
person 0.0017 383 136 397 168
person 0.0017 496 137 500 156
person 0.0017 216 100 230 114
person 0.0015 277 96 309 116
person 0.0014 151 117 167 134
person 0.0014 285 98 304 115
person 0.0014 335 109 346 122
person 0.0014 473 148 480 156
person 0.0014 452 150 459 156
person 0.0014 210 116 225 131
person 0.0014 443 140 485 184
person 0.0013 167 100 189 134
person 0.0012 210 101 225 115
person 0.0012 480 146 487 158
person 0.0012 462 150 470 156
person 0.0012 266 100 285 115
person 0.0011 198 116 213 131
person 0.0011 480 142 485 151
person 0.0010 199 107 213 124
car 0.8830 436 142 487 183
car 0.1162 428 144 451 169
car 0.0578 496 147 500 159
car 0.0399 431 152 444 171
car 0.0345 429 143 466 176
car 0.0146 411 148 422 161
car 0.0116 430 146 447 161
car 0.0116 494 148 497 177
car 0.0108 433 143 456 150
car 0.0051 489 142 499 184
car 0.0039 477 148 493 178
car 0.0032 482 154 492 176
car 0.0028 496 137 500 156
car 0.0017 438 146 451 158
car 0.0014 438 154 448 170
car 0.0010 480 146 487 158
car 0.0010 131 183 168 197
motorbike 0.0021 433 143 486 182
motorbike 0.0017 431 152 444 171
motorbike 0.0011 429 147 449 173
bus 0.9999 135 58 384 207
bus 0.0026 430 142 487 182
