person 0.8351 430 108 439 122
person 0.8285 414 99 421 111
person 0.6890 480 115 488 130
person 0.6605 397 78 403 93
person 0.6459 387 100 394 111
person 0.6105 472 115 479 130
person 0.5797 491 106 496 119
person 0.5654 443 135 450 148
person 0.5383 415 80 420 91
person 0.5120 452 136 460 148
person 0.4990 392 101 399 112
person 0.4969 465 96 472 109
person 0.4920 415 128 421 138
person 0.4896 462 134 470 149
person 0.4814 432 134 440 147
person 0.4724 452 115 459 129
person 0.4694 464 127 471 140
person 0.4646 463 106 470 120
person 0.4259 404 79 410 93
person 0.4220 424 129 431 139
person 0.4064 482 107 488 118
person 0.3987 361 96 367 109
person 0.3747 453 110 459 120
person 0.3639 308 86 314 102
person 0.3602 473 156 481 170
person 0.3512 434 128 441 140
person 0.3477 472 109 478 120
person 0.3401 299 86 305 102
person 0.3400 442 128 449 139
person 0.3337 481 156 488 169
person 0.3278 452 143 461 156
person 0.3196 426 133 433 144
person 0.3115 289 87 297 102
person 0.3113 490 163 497 177
person 0.3075 461 144 469 157
person 0.2916 444 118 451 129
person 0.2601 403 85 407 96
person 0.2416 472 146 479 156
person 0.2366 475 160 482 176
person 0.2292 481 161 488 176
person 0.2262 368 63 372 74
person 0.2145 464 116 470 129
person 0.2132 462 154 470 167
person 0.2101 452 127 460 138
person 0.2079 426 116 433 126
person 0.1960 492 135 498 149
person 0.1759 431 114 439 127
person 0.1509 378 62 382 73
person 0.1464 398 87 404 95
person 0.1412 427 110 436 123
person 0.1407 482 103 487 111
person 0.1302 470 137 476 148
person 0.1302 491 157 496 168
person 0.1292 494 128 498 140
person 0.1259 319 90 325 102
person 0.1240 491 183 498 197
person 0.1171 481 149 487 157
person 0.1161 470 125 477 137
person 0.1103 290 80 297 91
person 0.1013 444 143 452 156
person 0.0996 377 66 381 79
person 0.0926 491 173 498 188
person 0.0867 492 101 496 111
person 0.0853 339 95 343 105
person 0.0812 363 95 369 108
person 0.0811 369 65 373 78
person 0.0755 405 118 412 128
person 0.0706 300 81 305 92
person 0.0705 492 143 498 157
person 0.0671 413 106 419 115
person 0.0667 232 128 244 141
person 0.0615 364 87 372 103
person 0.0597 336 91 343 102
person 0.0595 319 95 325 105
person 0.0536 386 71 391 82
person 0.0519 482 174 490 187
person 0.0490 422 78 428 89
person 0.0465 283 90 289 102
person 0.0445 328 89 334 100
person 0.0420 406 127 412 137
person 0.0392 412 106 494 167
person 0.0387 492 115 497 129
person 0.0356 416 88 421 95
person 0.0350 375 79 500 183
person 0.0336 298 95 305 106
person 0.0336 387 105 394 113
person 0.0326 470 98 476 110
person 0.0305 367 78 373 90
person 0.0301 307 82 312 92
person 0.0289 309 95 315 105
person 0.0274 453 152 463 166
person 0.0270 466 93 471 102
person 0.0262 274 54 464 125
person 0.0241 413 119 421 128
person 0.0239 291 94 297 105
person 0.0237 359 90 367 103
person 0.0229 46 55 509 274
person 0.0213 455 79 459 88
person 0.0212 446 112 452 121
person 0.0212 487 163 499 196
bicycle 0.0112 361 96 367 109
bicycle 0.0094 363 95 369 108
bicycle 0.0074 398 87 404 95
bicycle 0.0027 364 87 372 103
bicycle 0.0025 387 100 394 111
bicycle 0.0025 387 105 394 113
bicycle 0.0021 319 95 325 105
bicycle 0.0021 413 106 419 115
bicycle 0.0018 492 135 498 149
bicycle 0.0017 383 108 494 220
bicycle 0.0016 298 95 305 106
bicycle 0.0015 309 95 315 105
bicycle 0.0012 414 99 421 111
bicycle 0.0012 491 183 498 197
bicycle 0.0011 491 173 498 188
bicycle 0.0010 429 104 504 166
car 0.3148 429 75 444 86
car 0.0617 351 80 368 90
car 0.0488 393 53 408 62
car 0.0341 391 59 403 68
car 0.0312 384 60 393 70
car 0.0211 492 135 498 149
car 0.0189 400 52 413 61
car 0.0138 415 80 420 91
car 0.0102 343 82 360 90
car 0.0085 491 183 498 197
car 0.0084 422 78 428 89
car 0.0082 329 83 353 90
car 0.0071 327 82 370 105
car 0.0060 328 80 370 93
car 0.0055 493 187 498 207
car 0.0053 493 78 498 89
car 0.0051 370 112 411 166
car 0.0045 492 143 498 157
car 0.0043 359 90 367 103
car 0.0042 404 79 410 93
car 0.0039 385 53 391 63
car 0.0034 289 87 297 102
car 0.0031 481 78 489 88
car 0.0024 491 173 498 188
car 0.0021 378 62 382 73
car 0.0016 443 80 449 88
car 0.0015 413 54 420 60
car 0.0014 397 78 403 93
car 0.0013 398 87 404 95
car 0.0011 336 91 343 102
car 0.0010 416 88 421 95
car 0.0010 489 180 499 220
motorbike 0.0158 361 96 367 109
motorbike 0.0082 398 87 404 95
motorbike 0.0029 387 100 394 111
motorbike 0.0023 363 95 369 108
motorbike 0.0022 414 99 421 111
motorbike 0.0019 492 135 498 149
motorbike 0.0011 387 105 394 113
motorbike 0.0011 413 106 419 115
motorbike 0.0011 403 85 407 96
motorbike 0.0011 397 78 403 93
motorbike 0.0010 415 80 420 91
motorbike 0.0010 364 87 372 103
bus 0.0228 429 75 444 86
bus 0.0082 301 63 359 84
bus 0.0071 319 83 365 103
bus 0.0068 302 55 357 75
bus 0.0050 285 57 359 99
bus 0.0045 288 40 360 85
bus 0.0038 370 112 411 166
bus 0.0019 304 43 356 70
bus 0.0014 320 80 363 93
train 0.8597 8 83 357 239
train 0.2362 34 64 473 324
train 0.1095 370 112 411 166
train 0.0134 383 108 494 220
train 0.0039 115 51 451 215
train 0.0016 60 91 295 189
train 0.0011 288 40 360 85
train 0.0010 285 57 359 99
boat 0.0037 6 73 427 315
boat 0.0030 294 15 365 74
boat 0.0027 294 40 365 85
boat 0.0016 304 43 356 70
boat 0.0013 302 55 357 75
bird 0.0015 304 295 308 301
chair 0.0051 492 135 498 149
chair 0.0013 492 143 498 157
