person 0.9983 91 89 398 364
person 0.9936 435 148 472 214
person 0.8681 385 147 428 210
person 0.7643 337 142 357 182
person 0.2050 383 152 421 185
person 0.0601 485 132 500 161
person 0.0255 395 209 407 230
person 0.0194 393 202 409 233
person 0.0170 491 143 500 161
person 0.0149 348 163 357 180
person 0.0129 403 180 458 227
person 0.0111 1 304 81 372
person 0.0108 268 168 282 180
person 0.0070 426 134 443 166
person 0.0056 356 166 364 181
person 0.0054 407 198 497 354
person 0.0045 485 131 494 155
person 0.0042 361 165 376 183
person 0.0040 447 148 488 216
person 0.0039 493 131 498 144
person 0.0037 428 142 440 162
person 0.0034 444 153 467 196
person 0.0028 187 172 203 188
person 0.0028 395 202 405 223
person 0.0027 -1 147 5 218
person 0.0026 382 167 391 182
person 0.0026 465 184 500 224
person 0.0025 0 164 7 223
person 0.0025 265 162 284 184
person 0.0023 341 147 371 205
person 0.0022 412 146 454 212
person 0.0022 426 144 436 161
person 0.0020 382 143 443 244
person 0.0020 162 174 235 226
person 0.0020 337 153 346 173
person 0.0018 344 138 353 153
person 0.0016 470 142 499 216
person 0.0016 338 145 348 164
person 0.0015 191 157 199 168
person 0.0015 183 169 232 184
person 0.0015 378 166 384 183
person 0.0014 491 127 499 199
person 0.0012 266 161 276 171
person 0.0012 242 166 284 183
person 0.0011 143 160 155 169
person 0.0010 382 185 412 244
person 0.0010 381 192 402 227
person 0.0010 384 145 503 232
person 0.0010 344 142 354 163
person 0.0010 89 113 342 190
person 0.0010 425 143 443 183
person 0.0010 342 160 380 185
car 0.0092 72 145 416 364
car 0.0012 465 184 500 224
bottle 0.1113 378 166 384 183
bottle 0.0145 361 165 376 183
bottle 0.0093 356 166 364 181
bottle 0.0071 376 177 383 184
bottle 0.0024 202 209 225 269
bottle 0.0016 382 167 391 182
bottle 0.0012 364 177 375 183
chair 0.9688 55 182 124 285
chair 0.9477 413 242 498 371
chair 0.8358 24 169 66 231
chair 0.6341 0 169 31 227
chair 0.4562 72 145 416 364
chair 0.3623 406 181 450 238
chair 0.3590 96 173 143 195
chair 0.3426 65 164 95 186
chair 0.3225 132 165 166 185
chair 0.2720 160 167 199 182
chair 0.1703 186 169 228 188
chair 0.1435 168 168 204 189
chair 0.1284 138 166 160 180
chair 0.1251 112 174 229 276
chair 0.1214 0 318 81 373
chair 0.1204 147 175 169 187
chair 0.1098 0 172 9 229
chair 0.0997 109 188 183 250
chair 0.0983 187 172 203 188
chair 0.0951 94 167 143 179
chair 0.0919 149 184 220 245
chair 0.0749 128 173 171 187
chair 0.0697 389 250 442 375
chair 0.0696 162 174 235 226
chair 0.0665 85 165 160 199
chair 0.0646 26 173 100 226
chair 0.0631 225 178 248 207
chair 0.0620 245 172 282 191
chair 0.0617 268 168 282 180
chair 0.0565 436 155 471 225
chair 0.0521 178 173 200 187
chair 0.0509 163 169 202 232
chair 0.0492 485 132 500 161
chair 0.0491 410 230 498 273
chair 0.0472 70 168 108 198
chair 0.0444 97 179 161 200
chair 0.0425 241 169 269 177
chair 0.0395 69 171 143 217
chair 0.0389 105 174 174 189
chair 0.0381 355 184 400 214
chair 0.0379 267 174 285 184
chair 0.0345 245 173 268 187
chair 0.0337 143 160 155 169
chair 0.0316 441 190 473 216
chair 0.0312 465 184 500 224
chair 0.0310 157 198 193 227
chair 0.0299 226 170 286 215
chair 0.0299 201 170 227 182
chair 0.0298 339 209 410 383
chair 0.0295 174 169 199 179
chair 0.0278 120 190 166 274
chair 0.0261 226 170 246 179
chair 0.0257 166 169 191 180
chair 0.0254 145 185 186 254
chair 0.0249 233 166 274 181
chair 0.0246 56 166 93 193
chair 0.0231 202 161 280 199
chair 0.0224 399 181 433 241
chair 0.0222 491 143 500 161
chair 0.0217 18 168 69 196
chair 0.0212 64 167 77 180
chair 0.0212 254 168 273 177
chair 0.0197 411 285 443 375
chair 0.0196 149 166 165 177
chair 0.0196 201 171 247 193
chair 0.0191 348 183 407 236
chair 0.0189 206 178 245 203
chair 0.0183 155 197 199 269
chair 0.0178 390 159 428 230
chair 0.0175 0 180 2 223
chair 0.0174 118 176 206 219
chair 0.0170 91 166 167 182
chair 0.0169 49 169 85 230
chair 0.0158 141 173 159 187
chair 0.0153 411 183 488 242
chair 0.0149 103 169 134 176
chair 0.0145 0 174 3 209
chair 0.0139 232 174 276 204
chair 0.0138 170 172 188 186
chair 0.0134 158 174 173 187
chair 0.0131 380 185 401 217
chair 0.0130 360 242 431 378
chair 0.0129 64 185 142 244
chair 0.0129 224 170 269 194
chair 0.0118 397 232 415 270
chair 0.0112 52 178 72 227
chair 0.0112 226 174 245 185
chair 0.0106 22 175 41 227
chair 0.0106 0 170 4 195
chair 0.0105 103 171 142 224
chair 0.0105 64 164 139 181
chair 0.0103 65 166 104 223
chair 0.0095 234 169 254 176
chair 0.0095 99 168 122 176
chair 0.0092 274 175 287 184
chair 0.0091 183 188 230 217
chair 0.0091 77 161 422 220
chair 0.0090 105 182 146 252
chair 0.0087 179 170 259 218
chair 0.0086 85 181 99 199
sofa 0.1126 72 145 416 364
sofa 0.0070 422 227 502 368
sofa 0.0013 0 318 81 373
sofa 0.0012 112 174 229 276
sofa 0.0011 403 180 458 227
pottedplant 0.3348 425 130 444 161
pottedplant 0.1116 465 184 500 224
pottedplant 0.1088 361 165 376 183
pottedplant 0.0234 355 162 385 184
pottedplant 0.0067 429 133 442 155
pottedplant 0.0058 428 142 440 162
pottedplant 0.0058 378 166 384 183
pottedplant 0.0052 339 179 402 190
pottedplant 0.0033 364 177 375 183
pottedplant 0.0026 356 166 364 181
pottedplant 0.0018 358 165 381 200
pottedplant 0.0017 428 130 443 145
pottedplant 0.0016 490 178 500 225
pottedplant 0.0015 145 99 178 173
pottedplant 0.0014 416 117 448 168
pottedplant 0.0012 227 79 285 198
pottedplant 0.0011 496 182 499 220
pottedplant 0.0011 470 142 499 216
pottedplant 0.0010 491 143 500 161
pottedplant 0.0010 496 198 499 225
pottedplant 0.0010 485 132 500 161
diningtable 0.2591 0 318 81 373
diningtable 0.2533 2 170 61 227
diningtable 0.2326 0 169 31 227
diningtable 0.1665 160 167 199 182
diningtable 0.1533 411 217 500 259
diningtable 0.1531 109 188 183 250
diningtable 0.1139 0 167 34 179
diningtable 0.1133 351 182 402 204
diningtable 0.0966 420 219 512 240
diningtable 0.0905 349 179 407 224
diningtable 0.0890 233 166 274 181
diningtable 0.0884 409 226 500 368
diningtable 0.0719 107 184 190 198
diningtable 0.0692 241 169 269 177
diningtable 0.0689 64 180 206 277
diningtable 0.0651 -4 168 70 179
diningtable 0.0528 339 179 402 190
diningtable 0.0513 0 167 68 195
diningtable 0.0347 389 250 442 375
diningtable 0.0273 97 179 161 200
diningtable 0.0258 0 169 34 194
diningtable 0.0248 88 166 135 178
diningtable 0.0229 64 192 135 275
diningtable 0.0221 224 170 269 194
diningtable 0.0208 226 170 246 179
diningtable 0.0203 174 169 199 179
diningtable 0.0200 168 168 204 189
diningtable 0.0198 134 164 179 185
diningtable 0.0196 165 167 230 183
diningtable 0.0189 234 169 254 176
diningtable 0.0187 411 183 488 242
diningtable 0.0170 268 168 282 180
diningtable 0.0163 118 176 206 219
diningtable 0.0159 433 216 501 230
diningtable 0.0156 120 190 166 274
diningtable 0.0152 90 193 132 211
diningtable 0.0149 166 169 191 180
diningtable 0.0132 430 226 503 273
diningtable 0.0125 376 177 383 184
diningtable 0.0120 245 172 282 191
diningtable 0.0120 0 172 9 229
diningtable 0.0119 128 173 171 187
diningtable 0.0113 96 173 143 195
diningtable 0.0113 138 172 198 188
diningtable 0.0111 254 168 273 177
diningtable 0.0108 211 166 261 181
diningtable 0.0106 88 173 157 214
diningtable 0.0104 138 166 160 180
diningtable 0.0087 446 214 465 223
diningtable 0.0085 147 175 169 187
diningtable 0.0082 91 164 195 196
diningtable 0.0073 91 199 129 220
diningtable 0.0068 105 174 174 189
diningtable 0.0066 148 180 208 202
diningtable 0.0063 364 177 375 183
diningtable 0.0062 267 174 285 184
diningtable 0.0060 0 249 84 376
diningtable 0.0057 101 198 117 205
diningtable 0.0056 0 165 4 182
diningtable 0.0053 445 196 468 209
diningtable 0.0049 249 174 274 187
diningtable 0.0047 380 185 401 217
diningtable 0.0044 72 145 416 364
diningtable 0.0044 0 170 4 195
diningtable 0.0042 105 195 146 271
diningtable 0.0041 223 181 413 209
diningtable 0.0041 146 196 186 271
diningtable 0.0040 93 196 110 204
diningtable 0.0039 64 164 139 181
diningtable 0.0039 0 174 3 209
diningtable 0.0038 91 166 167 182
diningtable 0.0038 82 162 142 171
diningtable 0.0037 178 173 200 187
diningtable 0.0037 382 180 397 187
diningtable 0.0036 397 232 415 270
diningtable 0.0035 227 167 403 190
diningtable 0.0034 399 228 414 237
diningtable 0.0034 445 205 466 217
diningtable 0.0033 441 196 471 223
diningtable 0.0031 223 163 287 202
diningtable 0.0031 226 174 245 185
diningtable 0.0030 26 173 100 226
diningtable 0.0030 193 169 235 184
diningtable 0.0030 5 163 26 169
diningtable 0.0030 273 170 287 181
diningtable 0.0029 -1 160 48 171
diningtable 0.0029 149 166 165 177
diningtable 0.0029 5 169 37 175
diningtable 0.0028 418 214 475 228
diningtable 0.0028 380 186 397 195
diningtable 0.0028 356 177 366 183
diningtable 0.0028 219 187 432 249
diningtable 0.0025 274 175 287 184
diningtable 0.0025 149 184 220 245
diningtable 0.0024 397 230 414 244
diningtable 0.0024 6 176 122 272
diningtable 0.0023 382 173 448 226
diningtable 0.0023 465 184 500 224
diningtable 0.0022 0 180 2 223
diningtable 0.0022 252 165 291 183
