person 0.9993 3 24 355 452
person 0.0065 0 276 7 323
person 0.0051 256 0 301 23
person 0.0036 242 335 347 467
person 0.0029 87 354 256 464
person 0.0028 50 297 304 467
person 0.0024 236 0 311 27
car 0.0018 31 51 370 465
bottle 0.0094 6 19 351 398
chair 0.0233 13 144 343 466
chair 0.0079 3 206 120 323
chair 0.0028 50 297 304 467
chair 0.0011 118 211 150 242
sofa 0.0859 13 144 343 466
sofa 0.0047 50 297 304 467
sofa 0.0010 3 206 120 323
pottedplant 0.0113 257 337 358 464
tvmonitor 0.0130 3 206 120 323
tvmonitor 0.0020 6 19 351 398
