person 0.9638 76 114 119 179
person 0.6676 0 134 38 188
person 0.6556 28 128 91 233
person 0.1565 40 132 75 164
person 0.1140 1 135 36 165
person 0.1105 3 142 39 222
person 0.0647 17 135 40 164
person 0.0445 27 140 41 162
person 0.0350 0 138 19 182
person 0.0187 97 117 134 177
person 0.0166 242 146 335 187
person 0.0147 8 152 31 185
person 0.0135 254 80 266 102
person 0.0122 281 171 334 280
person 0.0110 75 113 113 148
person 0.0090 7 134 84 196
person 0.0088 -3 139 44 263
person 0.0081 236 155 302 207
person 0.0077 150 91 191 155
person 0.0075 21 140 37 159
person 0.0072 72 130 90 168
person 0.0065 65 128 100 192
person 0.0056 251 82 267 115
person 0.0053 71 100 130 197
person 0.0052 104 122 126 159
person 0.0051 229 83 264 117
person 0.0047 111 142 131 176
person 0.0046 307 103 328 136
person 0.0037 227 85 246 116
person 0.0032 295 97 330 153
person 0.0031 36 131 114 195
person 0.0030 225 126 334 225
person 0.0030 8 139 26 156
person 0.0030 72 138 81 162
person 0.0028 35 145 77 170
person 0.0028 83 132 145 189
person 0.0027 180 100 195 118
person 0.0027 231 84 245 101
person 0.0026 38 142 49 158
person 0.0025 31 128 87 172
person 0.0023 25 153 59 221
person 0.0023 31 148 41 163
person 0.0021 259 142 273 151
person 0.0020 179 95 199 124
person 0.0019 -1 159 19 193
person 0.0018 104 140 125 175
person 0.0017 22 150 35 164
person 0.0016 229 90 243 109
person 0.0016 70 136 85 178
person 0.0014 11 133 374 442
person 0.0014 6 135 165 219
person 0.0014 253 148 336 260
person 0.0014 239 82 256 99
person 0.0013 227 75 247 106
person 0.0013 117 86 285 187
person 0.0011 225 66 245 96
person 0.0011 18 133 32 145
person 0.0010 18 142 51 170
person 0.0010 150 95 190 128
person 0.0010 71 107 126 157
car 0.0014 50 60 99 99
car 0.0012 69 88 81 97
bus 0.0029 50 60 99 99
bottle 0.0672 125 158 140 196
bottle 0.0505 139 163 161 213
bottle 0.0220 142 154 158 185
bottle 0.0135 133 154 150 185
bottle 0.0120 192 161 205 199
bottle 0.0100 165 166 178 223
bottle 0.0088 127 158 138 179
bottle 0.0056 129 157 156 215
bottle 0.0055 136 158 147 178
bottle 0.0049 177 160 200 199
bottle 0.0048 145 165 156 186
bottle 0.0042 145 155 155 166
bottle 0.0034 210 65 222 81
bottle 0.0032 132 57 156 85
bottle 0.0029 163 160 178 197
bottle 0.0029 154 158 171 197
bottle 0.0022 194 160 203 181
bottle 0.0019 191 223 228 305
bottle 0.0019 127 165 138 188
bottle 0.0016 184 76 194 86
bottle 0.0016 113 153 132 183
bottle 0.0016 196 164 205 187
bottle 0.0015 208 63 225 98
bottle 0.0015 168 165 176 190
bottle 0.0015 111 142 131 176
bottle 0.0015 127 153 139 167
bottle 0.0013 102 177 129 231
bottle 0.0013 137 153 148 166
bottle 0.0012 169 175 178 197
bottle 0.0011 208 76 216 88
bottle 0.0010 187 83 197 99
chair 0.9596 291 179 332 270
chair 0.8855 1 188 33 260
chair 0.8033 30 169 77 227
chair 0.5035 259 180 276 213
chair 0.2535 29 152 91 216
chair 0.2383 268 176 303 234
chair 0.1862 7 155 40 249
chair 0.1060 236 155 302 207
chair 0.0659 237 169 275 203
chair 0.0605 9 159 31 192
chair 0.0575 316 212 331 276
chair 0.0537 258 168 337 279
chair 0.0457 261 183 271 209
chair 0.0393 0 203 17 264
chair 0.0299 168 143 213 171
chair 0.0268 277 181 313 253
chair 0.0262 170 157 206 181
chair 0.0248 237 152 278 182
chair 0.0230 18 191 36 243
chair 0.0224 156 140 226 188
chair 0.0224 163 158 200 194
chair 0.0219 7 407 328 489
chair 0.0185 257 177 298 215
chair 0.0148 229 151 247 189
chair 0.0129 134 156 218 205
chair 0.0125 29 172 45 224
chair 0.0114 257 159 295 179
chair 0.0100 274 176 335 232
chair 0.0097 265 176 281 216
chair 0.0083 25 153 59 221
chair 0.0080 246 163 287 191
chair 0.0076 116 157 129 176
chair 0.0076 250 179 272 211
chair 0.0074 295 134 333 161
chair 0.0074 -12 105 348 410
chair 0.0074 278 156 333 180
chair 0.0071 259 142 273 151
chair 0.0061 113 153 132 183
chair 0.0058 19 170 37 223
chair 0.0055 19 167 31 189
chair 0.0054 241 169 306 225
chair 0.0052 149 158 196 182
chair 0.0048 6 170 28 202
chair 0.0046 55 203 98 214
chair 0.0044 0 151 34 186
chair 0.0044 11 160 27 180
chair 0.0042 242 146 335 187
chair 0.0040 257 162 280 175
chair 0.0039 38 176 109 229
chair 0.0036 67 163 86 195
chair 0.0035 194 160 203 181
chair 0.0034 22 179 53 250
chair 0.0033 11 169 27 184
chair 0.0033 173 160 191 198
chair 0.0032 15 167 35 206
chair 0.0032 7 177 24 195
chair 0.0032 32 191 95 242
chair 0.0030 -1 171 13 183
chair 0.0029 234 141 274 196
chair 0.0028 57 443 344 496
chair 0.0027 264 163 288 177
chair 0.0027 0 178 21 214
chair 0.0027 -6 153 107 257
chair 0.0026 152 156 170 186
chair 0.0024 0 244 4 266
chair 0.0024 -1 234 13 274
chair 0.0023 -5 160 50 277
chair 0.0022 -1 258 9 274
chair 0.0022 1 179 19 194
chair 0.0022 19 161 33 177
chair 0.0022 78 168 88 188
chair 0.0021 57 209 95 222
chair 0.0020 21 176 31 193
chair 0.0019 78 175 88 196
chair 0.0019 196 160 276 208
chair 0.0018 27 140 41 162
chair 0.0017 155 159 168 177
chair 0.0017 74 163 91 195
chair 0.0017 -1 149 17 185
chair 0.0017 185 161 197 179
chair 0.0017 -2 201 5 268
chair 0.0015 114 156 150 181
chair 0.0014 40 132 75 164
chair 0.0014 255 189 265 203
chair 0.0013 26 191 42 238
chair 0.0013 125 155 142 185
chair 0.0013 40 199 92 217
chair 0.0013 235 200 275 215
chair 0.0013 163 160 178 197
chair 0.0013 247 171 270 184
chair 0.0012 242 147 290 172
chair 0.0012 236 150 255 186
chair 0.0012 216 174 291 221
chair 0.0012 -1 155 23 257
chair 0.0011 0 244 9 266
chair 0.0011 72 138 81 162
chair 0.0011 307 206 327 265
chair 0.0011 77 118 119 194
chair 0.0010 71 168 83 187
chair 0.0010 0 158 11 180
sofa 0.0312 236 155 302 207
sofa 0.0169 242 146 335 187
sofa 0.0032 268 176 303 234
sofa 0.0021 29 152 91 216
sofa 0.0017 156 140 226 188
sofa 0.0015 -12 105 348 410
sofa 0.0014 258 168 337 279
pottedplant 0.0079 221 65 243 95
pottedplant 0.0039 98 77 130 102
pottedplant 0.0038 214 62 245 87
pottedplant 0.0031 227 65 244 83
pottedplant 0.0018 130 57 158 85
pottedplant 0.0014 231 78 263 105
pottedplant 0.0013 210 65 222 81
diningtable 0.9519 -17 187 344 464
diningtable 0.1351 8 160 321 354
diningtable 0.1301 7 407 328 489
diningtable 0.0848 14 323 325 480
diningtable 0.0033 57 443 344 496
diningtable 0.0030 -1 171 13 183
diningtable 0.0023 1 179 19 194
diningtable 0.0017 29 152 91 216
diningtable 0.0012 49 232 102 255
diningtable 0.0011 242 146 335 187
diningtable 0.0011 54 224 98 247
diningtable 0.0011 56 217 98 233
diningtable 0.0011 61 202 103 213
tvmonitor 0.0030 265 42 327 97
tvmonitor 0.0027 50 60 99 99
tvmonitor 0.0014 165 141 215 163
