person 0.9991 83 90 177 261
person 0.9906 280 29 431 372
person 0.9793 27 111 72 179
person 0.1684 494 150 498 158
person 0.0249 496 139 499 151
person 0.0088 438 159 449 165
person 0.0073 493 157 499 163
person 0.0063 495 119 499 133
person 0.0059 305 119 315 171
person 0.0046 437 159 445 166
person 0.0044 199 69 519 368
person 0.0030 485 142 489 146
person 0.0028 495 125 499 141
person 0.0025 465 152 470 155
person 0.0019 32 115 70 152
person 0.0017 472 153 478 157
person 0.0014 305 139 313 168
person 0.0013 41 121 76 192
person 0.0010 493 119 501 167
bicycle 0.9992 157 196 530 378
bicycle 0.9687 26 146 80 203
bicycle 0.3648 66 202 134 267
bicycle 0.0706 83 116 173 266
bicycle 0.0209 81 187 168 245
bicycle 0.0187 25 111 74 195
bicycle 0.0142 57 172 160 272
bicycle 0.0115 85 182 128 257
bicycle 0.0056 103 180 139 254
bicycle 0.0040 130 187 171 218
bicycle 0.0029 76 213 126 248
bicycle 0.0020 225 238 478 360
bicycle 0.0017 106 175 178 221
bicycle 0.0015 126 181 166 252
bicycle 0.0012 87 207 132 235
bicycle 0.0010 68 217 112 276
bicycle 0.0010 17 126 83 225
motorbike 0.0012 28 145 76 204
boat 0.0226 494 150 498 158
boat 0.0086 495 119 499 133
boat 0.0070 495 125 499 141
boat 0.0042 496 139 499 151
boat 0.0021 493 110 500 160
boat 0.0020 493 157 499 163
boat 0.0010 438 159 449 165
bird 0.0024 494 150 498 158
bird 0.0017 438 159 449 165
bottle 0.1093 398 207 428 275
