person 0.8240 44 65 57 97
person 0.7513 27 63 42 99
person 0.3222 2 59 22 89
person 0.1904 18 13 432 263
person 0.1306 51 42 58 55
person 0.1285 29 50 37 60
person 0.1279 0 66 9 85
person 0.1112 69 65 78 85
person 0.0923 2 57 10 75
person 0.0915 50 45 57 62
person 0.0899 18 66 28 85
person 0.0864 440 97 452 110
person 0.0829 8 65 19 85
person 0.0791 41 44 48 55
person 0.0539 33 65 48 99
person 0.0459 56 42 64 54
person 0.0422 6 59 18 73
person 0.0414 38 69 46 86
person 0.0407 74 65 84 83
person 0.0393 28 67 38 85
person 0.0368 493 97 499 114
person 0.0353 24 61 42 71
person 0.0330 64 59 82 89
person 0.0311 460 105 469 115
person 0.0303 448 100 463 112
person 0.0274 459 100 470 113
person 0.0241 0 55 15 83
person 0.0233 47 66 55 89
person 0.0215 495 102 499 121
person 0.0203 60 50 81 83
person 0.0203 57 69 68 85
person 0.0195 28 74 38 93
person 0.0195 58 47 66 62
person 0.0184 231 90 254 123
person 0.0129 19 62 29 73
person 0.0126 15 61 31 91
person 0.0125 344 67 356 76
person 0.0122 252 97 273 127
person 0.0113 168 91 202 120
person 0.0112 184 95 203 127
person 0.0107 322 64 344 102
person 0.0102 206 90 273 138
person 0.0100 449 103 463 116
person 0.0098 4 55 8 65
person 0.0086 71 6 77 16
person 0.0085 27 51 60 103
person 0.0080 58 57 66 74
person 0.0079 66 58 78 76
person 0.0077 76 61 86 75
person 0.0076 21 76 29 90
person 0.0075 323 109 341 122
person 0.0073 37 62 47 70
person 0.0073 63 48 75 60
person 0.0070 47 44 60 90
person 0.0070 253 96 294 127
person 0.0068 437 96 457 116
person 0.0065 0 73 6 90
person 0.0062 68 73 77 91
person 0.0062 49 59 56 72
person 0.0060 493 91 498 101
person 0.0057 333 66 348 78
person 0.0055 20 16 170 93
person 0.0053 164 81 197 109
person 0.0050 326 69 375 103
person 0.0047 182 90 219 141
person 0.0047 275 104 309 125
person 0.0047 63 44 73 55
person 0.0047 443 94 451 102
person 0.0045 151 45 367 124
person 0.0044 9 55 16 63
person 0.0044 108 77 153 110
person 0.0044 326 66 340 84
person 0.0044 469 100 483 109
person 0.0043 352 63 367 74
person 0.0042 480 106 491 115
person 0.0042 54 41 70 74
person 0.0039 171 50 184 59
person 0.0039 7 23 405 88
person 0.0039 300 83 311 103
person 0.0038 196 12 330 105
person 0.0037 439 103 454 117
person 0.0037 283 108 303 122
person 0.0036 17 62 51 90
person 0.0034 10 61 411 125
person 0.0033 233 88 273 125
person 0.0033 231 94 326 131
person 0.0032 469 107 482 113
person 0.0031 490 86 500 124
person 0.0027 497 103 499 141
person 0.0027 261 90 306 123
person 0.0025 215 84 307 125
person 0.0024 42 3 49 12
person 0.0024 58 31 70 42
person 0.0023 245 89 266 124
person 0.0022 478 99 492 110
person 0.0022 53 61 71 90
person 0.0021 0 55 6 134
person 0.0019 181 93 211 119
person 0.0019 323 63 356 89
person 0.0019 439 97 474 115
bicycle 0.0053 0 66 9 85
bicycle 0.0046 21 76 29 90
bicycle 0.0032 0 73 6 90
bicycle 0.0025 2 59 22 89
bicycle 0.0019 46 69 55 95
bicycle 0.0018 18 66 28 85
bicycle 0.0014 28 74 38 93
bicycle 0.0013 8 65 19 85
bicycle 0.0011 57 75 67 88
car 0.9328 53 35 450 298
car 0.8899 435 98 499 149
car 0.3478 324 70 425 120
car 0.0461 0 66 9 85
car 0.0407 170 51 207 65
car 0.0261 0 73 6 90
car 0.0225 57 34 160 83
car 0.0215 20 64 65 91
car 0.0184 0 59 15 89
car 0.0178 464 93 491 100
car 0.0163 -2 61 29 89
car 0.0135 453 94 497 114
car 0.0134 184 53 206 62
car 0.0127 177 53 199 61
car 0.0116 57 75 67 88
car 0.0109 493 97 499 114
car 0.0107 94 1 108 9
car 0.0087 24 61 42 71
car 0.0076 326 69 375 103
car 0.0075 25 61 43 96
car 0.0073 437 101 498 124
car 0.0072 54 51 88 80
car 0.0069 105 4 114 12
car 0.0065 304 81 435 155
car 0.0064 495 102 499 121
car 0.0059 173 59 204 66
car 0.0051 458 90 496 103
car 0.0051 350 69 407 98
car 0.0051 34 68 70 96
car 0.0044 439 97 474 115
car 0.0042 17 59 51 73
car 0.0040 24 54 82 77
car 0.0037 20 16 170 93
car 0.0035 439 103 454 117
car 0.0035 18 66 28 85
car 0.0032 13 36 84 91
car 0.0029 171 50 184 59
car 0.0026 493 91 498 101
car 0.0023 28 67 38 85
car 0.0022 492 95 500 152
car 0.0022 41 61 82 89
car 0.0021 -3 70 68 134
car 0.0019 53 61 71 90
car 0.0018 440 97 452 110
car 0.0017 437 99 456 123
car 0.0017 469 100 483 109
car 0.0017 92 -1 109 7
car 0.0016 0 9 4 23
car 0.0016 38 69 46 86
car 0.0015 2 57 10 75
car 0.0014 497 103 499 141
car 0.0013 -1 55 65 100
car 0.0012 201 51 208 59
car 0.0012 350 68 390 86
car 0.0012 0 59 10 106
motorbike 0.0785 2 59 22 89
motorbike 0.0540 0 66 9 85
motorbike 0.0131 8 65 19 85
motorbike 0.0119 20 16 170 93
motorbike 0.0092 0 73 6 90
motorbike 0.0065 57 75 67 88
motorbike 0.0057 18 66 28 85
motorbike 0.0038 69 65 78 85
motorbike 0.0032 68 73 77 91
motorbike 0.0029 21 76 29 90
motorbike 0.0026 64 59 82 89
motorbike 0.0024 25 61 43 96
motorbike 0.0020 44 38 83 91
motorbike 0.0017 2 61 45 89
motorbike 0.0016 440 97 452 110
motorbike 0.0015 74 65 84 83
motorbike 0.0015 53 61 71 90
motorbike 0.0014 41 61 82 89
motorbike 0.0013 2 57 10 75
motorbike 0.0013 0 55 15 83
motorbike 0.0012 11 52 82 99
motorbike 0.0012 15 61 31 91
motorbike 0.0012 324 70 425 120
motorbike 0.0010 27 51 60 103
bus 0.0034 84 16 464 262
bus 0.0016 196 12 330 105
boat 0.0010 -3 70 68 134
horse 0.0046 2 59 22 89
bottle 0.0012 323 109 341 122
chair 0.0023 323 109 341 122
chair 0.0015 0 66 9 85
chair 0.0011 21 76 29 90
diningtable 0.0513 45 57 503 329
