person 0.0045 168 25 494 270
bottle 0.9928 220 46 243 125
bottle 0.9889 193 46 217 124
bottle 0.0101 192 38 203 131
bottle 0.0042 210 44 221 123
bottle 0.0030 199 46 210 65
bottle 0.0022 197 45 213 82
bottle 0.0015 214 60 240 140
chair 0.3265 206 45 493 278
chair 0.0104 0 242 106 275
chair 0.0021 466 57 499 269
sofa 0.9798 171 58 490 272
sofa 0.0057 164 168 244 274
sofa 0.0014 0 242 106 275
sofa 0.0013 217 83 442 199
sofa 0.0013 175 165 482 268
sofa 0.0011 82 143 189 221
sofa 0.0011 466 57 499 269
pottedplant 0.1164 83 150 179 221
pottedplant 0.0056 91 143 169 194
diningtable 0.0113 0 242 106 275
