person 0.0271 301 156 325 201
person 0.0040 87 115 108 144
person 0.0025 289 153 341 205
person 0.0025 308 152 331 193
person 0.0024 430 146 444 153
person 0.0023 119 122 127 142
person 0.0019 426 114 448 148
person 0.0018 456 103 463 119
person 0.0016 148 153 181 207
person 0.0016 443 123 450 138
person 0.0014 293 164 312 200
person 0.0014 179 148 196 163
person 0.0013 371 85 376 102
person 0.0012 363 144 380 161
person 0.0010 453 195 499 220
bottle 0.0104 371 85 376 102
bottle 0.0036 163 153 176 163
bottle 0.0026 431 187 443 196
bottle 0.0010 290 100 297 106
chair 0.3024 299 155 335 205
chair 0.0512 157 170 174 209
chair 0.0451 204 166 221 199
chair 0.0396 320 164 341 199
chair 0.0361 171 174 205 207
chair 0.0300 452 186 499 215
chair 0.0282 420 179 475 203
chair 0.0276 63 282 86 325
chair 0.0162 475 187 498 211
chair 0.0146 293 164 312 200
chair 0.0146 386 156 475 198
chair 0.0132 66 183 105 242
chair 0.0128 417 187 478 208
chair 0.0127 439 187 500 238
chair 0.0109 328 156 336 164
chair 0.0107 409 182 489 216
chair 0.0102 340 171 401 298
chair 0.0091 361 232 398 310
chair 0.0084 324 181 338 196
chair 0.0081 353 172 398 251
chair 0.0070 288 310 419 333
chair 0.0070 325 175 339 186
chair 0.0067 446 182 484 203
chair 0.0064 448 179 467 189
chair 0.0063 426 190 445 202
chair 0.0063 323 167 339 175
chair 0.0061 343 164 361 194
chair 0.0059 440 196 492 219
chair 0.0058 313 151 349 206
chair 0.0054 302 152 325 194
chair 0.0053 422 191 434 203
chair 0.0047 187 164 223 198
chair 0.0045 455 184 476 196
chair 0.0044 347 167 357 180
chair 0.0043 88 146 111 172
chair 0.0043 360 143 383 173
chair 0.0041 341 139 360 181
chair 0.0039 473 177 498 251
chair 0.0036 449 184 465 194
chair 0.0034 292 233 440 327
chair 0.0033 294 165 305 175
chair 0.0032 346 167 355 190
chair 0.0032 457 178 472 189
chair 0.0031 380 222 449 328
chair 0.0030 351 165 366 176
chair 0.0030 89 185 112 219
chair 0.0028 453 194 479 202
chair 0.0027 467 195 499 222
chair 0.0027 85 182 121 246
chair 0.0026 194 159 212 165
chair 0.0026 360 165 381 171
chair 0.0025 344 164 378 196
chair 0.0024 339 190 375 273
chair 0.0024 63 191 99 226
chair 0.0023 299 153 370 205
chair 0.0022 300 171 323 205
chair 0.0020 392 234 436 316
chair 0.0019 148 153 181 207
chair 0.0018 447 240 499 315
chair 0.0017 418 197 476 218
chair 0.0017 204 154 224 191
chair 0.0017 333 157 341 164
chair 0.0017 336 145 372 202
chair 0.0017 287 151 321 206
chair 0.0017 348 157 369 186
chair 0.0016 468 186 480 194
chair 0.0016 404 142 447 154
chair 0.0016 385 222 504 322
chair 0.0016 392 144 404 152
chair 0.0016 312 173 335 204
chair 0.0015 446 178 466 203
chair 0.0014 361 158 379 166
chair 0.0014 430 146 444 153
chair 0.0013 207 166 222 174
chair 0.0013 431 187 443 196
chair 0.0013 354 173 476 214
chair 0.0013 492 192 499 209
chair 0.0013 321 154 325 164
chair 0.0012 425 182 447 204
chair 0.0012 374 214 405 294
chair 0.0012 161 154 201 207
chair 0.0012 325 236 395 307
chair 0.0011 360 185 425 317
chair 0.0011 438 186 454 195
chair 0.0011 408 189 451 208
chair 0.0011 319 182 329 198
chair 0.0011 196 155 218 190
chair 0.0011 322 147 341 176
chair 0.0011 207 169 219 192
chair 0.0010 319 165 328 175
chair 0.0010 321 185 488 314
chair 0.0010 415 144 438 152
chair 0.0010 314 151 399 199
chair 0.0010 296 170 308 191
chair 0.0010 86 145 137 172
chair 0.0010 295 178 308 199
chair 0.0010 477 187 496 199
sofa 0.0339 386 156 475 198
sofa 0.0049 382 194 510 304
sofa 0.0045 63 282 86 325
sofa 0.0029 389 176 482 212
sofa 0.0012 452 186 499 215
sofa 0.0011 420 179 475 203
sofa 0.0011 86 145 137 172
sofa 0.0010 300 157 339 204
sofa 0.0010 397 208 498 261
diningtable 0.0982 153 159 220 203
diningtable 0.0179 420 179 475 203
diningtable 0.0142 406 187 496 239
diningtable 0.0138 389 176 482 212
diningtable 0.0136 417 187 478 208
diningtable 0.0120 171 174 205 207
diningtable 0.0115 158 163 219 177
diningtable 0.0112 66 183 105 242
diningtable 0.0104 397 208 498 261
diningtable 0.0062 382 194 510 304
diningtable 0.0050 187 164 223 198
diningtable 0.0039 165 167 210 197
diningtable 0.0027 63 180 105 193
diningtable 0.0021 60 172 113 220
diningtable 0.0021 323 167 339 175
diningtable 0.0018 386 156 475 198
diningtable 0.0018 397 220 478 280
diningtable 0.0016 287 302 418 333
diningtable 0.0015 408 189 451 208
diningtable 0.0012 409 197 464 218
diningtable 0.0012 314 151 399 199
diningtable 0.0012 289 153 341 205
diningtable 0.0011 320 164 341 199
diningtable 0.0011 441 220 500 327
diningtable 0.0011 187 162 222 180
diningtable 0.0010 404 182 454 203
diningtable 0.0010 172 153 216 170
diningtable 0.0010 157 170 174 209
diningtable 0.0010 303 313 399 332
diningtable 0.0010 63 175 105 188
tvmonitor 0.7249 2 92 62 307
tvmonitor 0.2343 179 148 196 163
tvmonitor 0.0758 357 141 386 166
tvmonitor 0.0658 161 146 195 165
tvmonitor 0.0509 162 149 177 162
tvmonitor 0.0323 86 145 137 172
tvmonitor 0.0300 363 144 380 161
tvmonitor 0.0277 371 144 384 159
tvmonitor 0.0110 168 147 186 163
tvmonitor 0.0105 88 146 111 172
tvmonitor 0.0103 392 144 404 152
tvmonitor 0.0082 166 150 209 169
tvmonitor 0.0069 154 95 207 145
tvmonitor 0.0056 340 139 360 167
tvmonitor 0.0030 219 91 237 102
tvmonitor 0.0016 260 122 290 144
tvmonitor 0.0016 159 146 180 164
tvmonitor 0.0015 343 141 357 159
tvmonitor 0.0015 447 240 499 315
tvmonitor 0.0014 400 218 491 282
tvmonitor 0.0013 386 156 475 198
tvmonitor 0.0013 87 115 108 144
tvmonitor 0.0012 475 187 498 211
tvmonitor 0.0011 385 222 504 322
tvmonitor 0.0010 368 143 388 175
