person 0.0572 143 205 154 217
person 0.0084 105 205 115 212
person 0.0062 48 206 59 213
person 0.0046 183 207 193 214
person 0.0043 49 200 56 208
person 0.0032 248 204 257 217
person 0.0032 39 206 48 215
person 0.0031 190 206 203 215
person 0.0031 105 202 114 208
person 0.0031 212 207 223 213
person 0.0029 113 206 124 212
person 0.0029 463 203 470 215
person 0.0028 72 205 92 216
person 0.0027 124 205 138 213
person 0.0025 243 207 250 218
person 0.0025 55 206 66 212
person 0.0023 31 205 38 216
person 0.0023 96 205 107 215
person 0.0022 58 200 66 208
person 0.0017 462 201 470 208
person 0.0017 227 209 240 217
person 0.0017 40 199 46 209
person 0.0017 114 202 122 208
person 0.0016 162 197 175 207
person 0.0015 142 199 153 208
person 0.0014 130 205 147 214
person 0.0014 97 202 106 207
person 0.0013 68 198 77 206
person 0.0013 375 205 386 211
person 0.0013 175 204 181 213
person 0.0012 74 201 86 207
person 0.0012 150 205 163 215
person 0.0011 253 200 259 209
person 0.0010 163 205 173 212
bicycle 0.0039 477 289 499 376
bicycle 0.0014 477 336 499 375
bicycle 0.0011 488 317 499 376
car 0.9287 36 207 81 227
car 0.9184 92 204 148 226
car 0.8852 282 207 346 229
car 0.8093 66 203 102 224
car 0.7795 148 201 208 228
car 0.7622 247 201 303 227
car 0.5447 189 208 244 227
car 0.4463 338 200 425 231
car 0.4354 467 202 498 231
car 0.0731 268 203 316 224
car 0.0704 175 200 238 226
car 0.0671 73 203 129 224
car 0.0638 5 204 20 215
car 0.0500 55 166 441 220
car 0.0483 122 200 157 223
car 0.0378 416 198 459 228
car 0.0362 333 206 364 215
car 0.0344 130 205 147 214
car 0.0333 435 198 475 227
car 0.0250 246 209 285 225
car 0.0214 143 205 154 217
car 0.0176 125 198 150 209
car 0.0175 216 207 235 214
car 0.0168 185 189 212 197
car 0.0164 395 198 443 229
car 0.0162 132 203 185 224
car 0.0161 224 211 244 225
car 0.0097 365 195 455 229
car 0.0096 150 205 163 215
car 0.0083 72 205 92 216
car 0.0081 124 205 138 213
car 0.0081 120 195 156 210
car 0.0077 320 207 362 220
car 0.0073 212 207 223 213
car 0.0066 105 205 115 212
car 0.0056 425 200 447 227
car 0.0053 27 190 463 234
car 0.0051 193 187 215 194
car 0.0051 82 206 99 217
car 0.0050 335 207 367 228
car 0.0049 96 205 107 215
car 0.0048 227 209 240 217
car 0.0047 321 207 341 213
car 0.0045 67 206 81 214
car 0.0045 493 203 499 219
car 0.0044 1 202 6 217
car 0.0041 186 199 204 206
car 0.0028 181 199 197 206
car 0.0027 199 208 212 214
car 0.0026 175 192 220 209
car 0.0025 337 204 381 222
car 0.0025 190 206 203 215
car 0.0024 270 200 295 206
car 0.0023 113 206 124 212
car 0.0023 214 205 251 224
car 0.0021 243 207 250 218
car 0.0020 217 200 231 207
car 0.0019 74 201 86 207
car 0.0018 285 205 301 213
car 0.0018 16 205 27 215
car 0.0018 105 202 114 208
car 0.0017 182 188 229 199
car 0.0017 216 213 238 225
car 0.0015 97 202 106 207
car 0.0014 20 198 109 227
car 0.0014 39 206 48 215
car 0.0012 407 200 431 227
car 0.0012 261 197 304 210
car 0.0012 120 212 141 224
car 0.0012 286 201 299 207
car 0.0012 210 197 316 225
car 0.0012 248 213 261 224
car 0.0011 485 198 499 228
car 0.0011 48 206 59 213
car 0.0010 239 211 251 224
car 0.0010 205 213 228 225
car 0.0010 215 189 232 197
car 0.0010 128 210 147 225
car 0.0010 142 199 153 208
motorbike 0.0012 174 206 241 228
motorbike 0.0011 477 289 499 376
bus 0.0058 120 195 156 210
bus 0.0015 343 198 435 231
bus 0.0014 456 202 501 231
bus 0.0013 424 198 469 228
bus 0.0013 36 203 75 227
bus 0.0010 185 189 212 197
bus 0.0010 125 198 150 209
train 0.0066 55 166 441 220
boat 0.0053 182 188 229 199
boat 0.0028 55 166 441 220
boat 0.0026 185 189 212 197
boat 0.0019 215 189 232 197
boat 0.0010 184 174 229 189
boat 0.0010 193 187 215 194
