car 0.0086 64 4 441 340
motorbike 0.0017 64 4 441 340
boat 0.0010 82 6 484 335
bird 0.9346 92 103 410 313
bird 0.0745 179 3 310 145
bird 0.0729 234 165 428 330
bird 0.0207 120 9 520 322
bird 0.0097 142 118 361 226
bird 0.0063 106 121 226 219
bird 0.0047 143 22 358 241
bird 0.0036 302 68 376 143
bird 0.0026 230 36 425 299
bird 0.0015 254 114 400 215
bird 0.0010 274 69 393 191
cat 0.0806 179 3 310 145
cat 0.0073 120 58 381 288
cat 0.0023 64 4 441 340
cat 0.0014 106 121 226 219
cat 0.0010 85 139 415 326
dog 0.0043 120 58 381 288
dog 0.0020 64 4 441 340
dog 0.0014 192 0 295 148
sheep 0.0017 172 0 314 130
sheep 0.0012 56 83 226 186
sheep 0.0011 31 17 412 327
bottle 0.0015 152 1 202 75
chair 0.0069 64 4 441 340
pottedplant 0.0067 64 4 441 340
diningtable 0.0959 64 4 441 340
diningtable 0.0047 390 3 500 329
diningtable 0.0031 74 99 366 312
diningtable 0.0013 -3 -13 97 337
