person 0.9979 -11 26 299 376
person 0.9527 295 49 502 377
person 0.3549 0 122 31 345
person 0.1347 0 137 33 212
person 0.0798 0 15 54 261
person 0.0648 73 72 501 368
person 0.0505 227 76 433 361
person 0.0442 0 -31 30 272
person 0.0307 0 6 26 156
person 0.0301 98 85 326 359
person 0.0256 0 1 29 75
person 0.0242 198 12 387 295
person 0.0227 1 96 46 302
person 0.0139 1 35 19 203
person 0.0136 269 22 437 277
person 0.0080 208 3 365 112
person 0.0036 201 3 277 118
person 0.0032 331 5 477 121
person 0.0032 4 145 40 244
person 0.0031 -4 3 105 223
person 0.0031 2 157 46 389
person 0.0029 306 9 401 153
person 0.0028 1 189 20 357
person 0.0027 1 139 9 205
person 0.0024 12 65 76 251
person 0.0023 1 -8 54 141
person 0.0021 0 117 6 209
person 0.0021 7 119 79 314
person 0.0020 52 3 216 125
person 0.0020 21 8 251 203
person 0.0018 0 87 4 201
person 0.0018 481 116 499 235
person 0.0017 17 264 94 373
person 0.0013 475 59 500 134
person 0.0013 227 107 348 274
person 0.0012 479 48 498 194
person 0.0011 7 177 37 293
person 0.0011 0 141 25 186
person 0.0010 272 94 314 113
person 0.0010 316 1 490 218
person 0.0010 472 54 499 376
person 0.0010 240 94 321 156
cow 0.0010 14 66 398 369
bottle 0.0049 17 264 94 373
bottle 0.0037 6 288 33 374
bottle 0.0036 0 336 26 377
chair 0.0364 14 66 398 369
chair 0.0145 479 111 499 210
chair 0.0112 11 192 83 244
chair 0.0062 475 59 500 134
chair 0.0047 1 159 22 345
chair 0.0038 51 171 294 370
chair 0.0035 242 57 499 371
chair 0.0029 491 113 498 212
chair 0.0029 30 354 88 374
chair 0.0029 479 48 498 194
chair 0.0025 7 177 37 293
chair 0.0025 15 197 38 226
chair 0.0020 17 264 94 373
chair 0.0015 484 108 499 284
chair 0.0015 255 131 331 295
chair 0.0012 227 107 348 274
chair 0.0010 293 160 371 313
sofa 0.5023 14 66 398 369
sofa 0.0428 154 63 504 367
sofa 0.0086 51 171 294 370
sofa 0.0072 202 87 377 356
sofa 0.0055 103 58 320 321
sofa 0.0038 227 107 348 274
sofa 0.0016 -21 -1 304 316
sofa 0.0013 479 111 499 210
diningtable 0.0521 11 276 108 377
diningtable 0.0106 82 335 207 372
diningtable 0.0061 36 301 239 373
diningtable 0.0030 95 299 193 361
diningtable 0.0018 111 298 318 369
diningtable 0.0014 49 351 204 374
diningtable 0.0013 20 256 155 369
diningtable 0.0010 10 333 93 372
