person 0.0025 125 234 177 267
car 0.0022 119 232 177 266
boat 0.0141 36 179 46 182
boat 0.0091 153 182 161 185
boat 0.0054 216 185 231 189
boat 0.0026 222 185 236 189
boat 0.0023 156 183 167 186
boat 0.0018 99 178 113 182
boat 0.0012 40 179 52 182
boat 0.0010 35 181 46 184
bird 0.0025 119 232 177 266
dog 0.2565 126 233 176 262
dog 0.0073 120 236 158 267
dog 0.0031 159 233 175 252
horse 0.3851 120 233 174 269
horse 0.0019 120 235 157 261
sheep 0.0087 119 232 177 266
cow 0.8127 120 233 174 269
cow 0.0036 159 233 175 252
cow 0.0019 120 235 157 261
