person 0.9968 388 5 501 241
person 0.0027 157 169 260 348
person 0.0015 0 116 28 390
bird 0.0131 166 183 261 350
cat 0.3420 166 183 261 350
cat 0.1034 211 153 268 206
cat 0.0162 127 128 278 352
dog 0.8898 165 177 264 337
dog 0.4772 120 152 258 369
dog 0.1920 211 153 268 206
dog 0.0012 189 133 259 172
horse 0.0014 166 183 261 350
sheep 0.0010 166 183 261 350
bottle 0.0117 91 253 107 266
bottle 0.0072 94 240 110 254
bottle 0.0068 133 77 148 112
bottle 0.0053 91 241 109 276
bottle 0.0038 91 262 105 276
bottle 0.0019 135 86 148 103
bottle 0.0018 208 137 221 152
bottle 0.0015 132 33 154 131
bottle 0.0015 205 129 224 157
bottle 0.0012 120 152 258 369
bottle 0.0010 168 115 175 129
bottle 0.0010 93 125 109 160
chair 0.1056 120 152 258 369
chair 0.0062 379 56 433 111
chair 0.0016 148 117 212 163
chair 0.0012 376 7 440 113
sofa 0.0048 163 130 354 227
sofa 0.0029 127 128 278 352
sofa 0.0025 383 1 513 357
sofa 0.0011 384 22 499 203
sofa 0.0010 379 56 433 111
sofa 0.0010 148 117 212 163
pottedplant 0.0113 131 2 361 157
pottedplant 0.0091 302 60 366 112
pottedplant 0.0040 141 5 343 79
pottedplant 0.0031 319 64 364 93
pottedplant 0.0027 280 66 359 136
pottedplant 0.0026 205 129 224 157
pottedplant 0.0024 208 128 224 142
pottedplant 0.0020 300 4 370 121
pottedplant 0.0018 120 152 258 369
pottedplant 0.0017 148 81 168 128
pottedplant 0.0016 147 48 213 117
pottedplant 0.0015 208 137 221 152
pottedplant 0.0011 189 123 260 168
pottedplant 0.0010 403 51 425 79
diningtable 0.0077 1 215 86 377
diningtable 0.0032 163 130 354 227
diningtable 0.0011 383 1 513 357
tvmonitor 0.0135 70 110 125 168
tvmonitor 0.0036 49 12 81 73
tvmonitor 0.0024 0 12 23 81
tvmonitor 0.0015 130 81 157 200
tvmonitor 0.0010 133 114 159 237
