person 0.9997 221 82 350 274
person 0.9994 324 103 467 333
person 0.9936 0 62 96 251
person 0.5988 464 92 502 377
person 0.0184 447 24 501 294
person 0.0125 383 84 498 365
person 0.0089 480 77 498 204
person 0.0068 59 184 500 370
person 0.0062 473 -19 500 298
person 0.0033 254 107 376 255
person 0.0032 477 112 498 319
person 0.0026 -1 195 58 350
person 0.0025 0 247 10 291
person 0.0023 0 251 7 271
person 0.0022 -12 28 84 336
person 0.0021 450 192 501 386
person 0.0020 0 225 22 321
person 0.0016 0 250 19 375
person 0.0015 433 84 460 155
person 0.0014 1 103 63 288
person 0.0014 0 257 6 278
person 0.0013 417 173 489 373
person 0.0012 152 254 418 367
person 0.0011 170 207 186 219
person 0.0011 285 151 460 289
person 0.0010 227 118 443 330
bird 0.0020 145 311 159 320
bottle 0.8871 433 84 460 155
bottle 0.2736 398 83 415 130
bottle 0.0550 388 96 412 133
bottle 0.0454 383 89 417 145
bottle 0.0394 100 294 113 336
bottle 0.0236 224 239 240 297
bottle 0.0232 447 87 463 141
bottle 0.0140 405 80 414 95
bottle 0.0107 388 10 480 180
bottle 0.0087 336 2 491 145
bottle 0.0081 456 100 473 133
bottle 0.0081 480 77 498 204
bottle 0.0063 455 109 497 170
bottle 0.0050 348 84 376 111
bottle 0.0043 403 83 414 105
bottle 0.0036 459 104 471 127
bottle 0.0035 478 126 499 182
bottle 0.0034 400 85 468 153
bottle 0.0032 413 128 436 155
bottle 0.0029 489 97 498 154
bottle 0.0024 487 118 498 189
bottle 0.0022 300 7 436 126
bottle 0.0021 394 96 415 150
bottle 0.0020 351 70 374 107
bottle 0.0019 495 101 499 128
bottle 0.0016 495 95 499 118
bottle 0.0015 476 86 494 124
bottle 0.0014 443 94 498 152
bottle 0.0014 400 133 414 151
bottle 0.0013 495 118 499 150
bottle 0.0012 298 89 456 312
bottle 0.0012 390 98 404 112
bottle 0.0011 496 105 499 144
bottle 0.0011 492 37 499 115
bottle 0.0010 478 107 499 143
chair 0.0364 343 193 352 213
chair 0.0173 342 194 353 249
chair 0.0145 333 185 352 218
chair 0.0095 455 109 497 170
chair 0.0072 325 182 353 251
chair 0.0059 458 251 476 283
chair 0.0044 1 68 93 276
chair 0.0044 412 185 481 248
chair 0.0038 298 130 330 155
chair 0.0035 202 95 330 256
chair 0.0028 480 77 498 204
chair 0.0020 456 100 473 133
chair 0.0020 338 183 364 254
chair 0.0017 338 190 350 212
chair 0.0014 477 115 500 154
chair 0.0013 314 135 329 152
chair 0.0013 414 113 490 169
chair 0.0013 338 204 351 254
chair 0.0010 237 149 323 207
chair 0.0010 0 278 22 379
chair 0.0010 217 206 231 219
chair 0.0010 478 126 499 182
diningtable 0.9857 -6 213 449 367
diningtable 0.0050 395 136 479 183
diningtable 0.0044 232 276 276 371
diningtable 0.0038 326 127 473 260
diningtable 0.0018 213 224 502 371
diningtable 0.0016 373 293 488 374
diningtable 0.0013 407 150 490 195
diningtable 0.0013 246 303 476 370
diningtable 0.0012 152 254 418 367
diningtable 0.0012 386 306 470 362
