person 0.0092 380 32 412 66
person 0.0043 373 26 413 92
person 0.0015 155 218 177 260
person 0.0012 165 116 171 133
bottle 0.0550 343 52 362 94
bottle 0.0205 332 338 353 375
bottle 0.0053 301 328 320 362
bottle 0.0013 239 82 263 127
chair 0.3518 340 225 501 367
chair 0.2854 42 234 209 368
chair 0.2248 148 206 189 291
chair 0.1092 235 270 348 364
chair 0.0087 367 291 497 371
chair 0.0028 242 359 328 376
chair 0.0027 242 330 325 374
chair 0.0016 14 191 52 271
chair 0.0010 400 324 497 372
sofa 0.9177 42 234 209 368
sofa 0.8879 349 224 500 369
sofa 0.0133 235 270 348 364
sofa 0.0034 367 291 497 371
pottedplant 0.7134 428 25 459 93
pottedplant 0.0028 430 48 451 92
pottedplant 0.0020 418 29 478 91
pottedplant 0.0020 14 191 52 271
pottedplant 0.0010 342 50 364 93
diningtable 0.0904 235 270 348 364
diningtable 0.0020 238 273 325 319
