person 0.9927 208 115 279 224
person 0.9923 288 140 353 317
person 0.9839 336 151 389 310
person 0.0336 68 187 263 319
person 0.0281 262 122 293 192
person 0.0162 0 168 4 252
person 0.0148 0 170 3 193
person 0.0141 457 267 480 307
person 0.0134 130 108 147 154
person 0.0116 118 124 138 158
person 0.0078 419 143 433 159
person 0.0075 0 182 2 218
person 0.0060 219 107 236 144
person 0.0059 160 123 336 218
person 0.0056 402 145 415 160
person 0.0053 413 143 426 158
person 0.0044 315 115 331 147
person 0.0044 171 109 184 123
person 0.0043 266 106 284 138
person 0.0036 371 143 387 178
person 0.0035 249 105 265 142
person 0.0034 399 163 413 177
person 0.0032 187 100 206 128
person 0.0032 374 146 384 160
person 0.0031 0 189 2 250
person 0.0031 296 151 303 168
person 0.0030 318 124 327 139
person 0.0026 382 165 394 178
person 0.0026 375 152 385 167
person 0.0025 204 128 284 298
person 0.0023 274 105 291 138
person 0.0022 0 198 6 258
person 0.0022 172 114 184 127
person 0.0021 319 116 328 129
person 0.0020 211 123 225 159
person 0.0020 377 163 398 197
person 0.0019 336 155 344 170
person 0.0019 203 103 224 142
person 0.0018 396 162 416 197
person 0.0018 190 106 203 124
person 0.0018 27 174 36 187
person 0.0017 128 101 148 128
person 0.0017 415 138 436 163
person 0.0016 168 108 187 139
person 0.0016 153 114 163 126
person 0.0016 299 133 323 168
person 0.0016 398 145 416 177
person 0.0016 324 115 336 169
person 0.0015 253 114 261 132
person 0.0015 248 87 265 117
person 0.0015 400 155 414 167
person 0.0015 213 130 222 151
person 0.0014 240 106 252 117
person 0.0013 0 159 1 186
person 0.0013 421 163 437 178
person 0.0012 371 152 390 188
person 0.0012 416 146 439 177
person 0.0012 412 163 424 177
person 0.0011 357 167 391 232
person 0.0011 0 216 3 259
person 0.0011 401 126 413 142
person 0.0011 395 163 406 176
person 0.0011 153 109 165 124
person 0.0011 385 152 395 167
person 0.0011 336 141 343 158
person 0.0011 340 156 384 237
person 0.0011 84 171 100 209
person 0.0010 253 111 269 150
person 0.0010 377 180 395 223
person 0.0010 123 149 303 254
person 0.0010 203 106 236 166
person 0.0010 381 144 398 177
bicycle 0.4650 438 202 498 255
bicycle 0.4452 477 205 498 253
bicycle 0.1218 12 196 74 300
bicycle 0.0871 0 198 6 258
bicycle 0.0604 447 211 486 250
bicycle 0.0570 487 193 498 248
bicycle 0.0346 0 204 2 255
bicycle 0.0215 10 195 53 269
bicycle 0.0186 486 211 498 261
bicycle 0.0164 455 220 479 256
bicycle 0.0150 445 220 466 255
bicycle 0.0146 434 193 474 248
bicycle 0.0124 0 183 24 254
bicycle 0.0118 496 203 498 254
bicycle 0.0110 466 207 488 251
bicycle 0.0099 439 219 457 257
bicycle 0.0080 454 203 497 237
bicycle 0.0063 0 168 4 252
bicycle 0.0060 479 194 501 312
bicycle 0.0057 434 198 477 221
bicycle 0.0050 434 204 478 233
bicycle 0.0048 383 191 502 300
bicycle 0.0039 452 198 498 222
bicycle 0.0038 11 206 32 251
bicycle 0.0036 430 210 447 246
bicycle 0.0034 0 187 2 231
bicycle 0.0029 494 196 499 223
bicycle 0.0025 13 191 76 247
bicycle 0.0024 12 237 50 302
bicycle 0.0024 429 211 467 247
bicycle 0.0024 0 224 2 268
bicycle 0.0023 3 216 23 257
bicycle 0.0023 20 179 276 330
bicycle 0.0021 0 195 5 298
bicycle 0.0021 412 225 441 252
bicycle 0.0020 493 191 498 210
bicycle 0.0019 416 214 440 243
bicycle 0.0018 432 219 443 239
bicycle 0.0016 493 238 499 257
bicycle 0.0016 476 195 498 226
bicycle 0.0016 0 199 23 302
bicycle 0.0014 435 201 457 238
bicycle 0.0014 417 223 438 235
bicycle 0.0014 449 229 462 248
bicycle 0.0014 410 207 443 232
bicycle 0.0014 416 205 452 261
bicycle 0.0013 449 232 483 258
bicycle 0.0013 461 237 475 255
bicycle 0.0012 433 209 444 228
bicycle 0.0011 440 212 451 225
bicycle 0.0011 440 221 452 237
bicycle 0.0011 397 217 438 237
bicycle 0.0011 26 191 46 205
bicycle 0.0010 416 212 436 225
bicycle 0.0010 469 228 482 248
bicycle 0.0010 477 201 496 215
bicycle 0.0010 442 229 452 249
car 0.0136 0 183 5 255
car 0.0133 0 176 3 202
car 0.0083 0 182 2 218
car 0.0037 0 189 2 250
car 0.0033 26 191 46 205
car 0.0022 25 187 57 210
car 0.0018 0 158 5 224
car 0.0017 0 159 1 186
car 0.0016 26 185 43 198
car 0.0011 25 178 46 205
motorbike 0.9957 20 179 276 330
motorbike 0.6682 12 196 74 300
motorbike 0.0537 10 195 53 269
motorbike 0.0227 13 191 76 247
motorbike 0.0180 0 183 5 255
motorbike 0.0083 0 183 24 254
motorbike 0.0057 24 185 157 300
motorbike 0.0042 73 182 139 243
motorbike 0.0041 31 189 101 243
motorbike 0.0037 0 189 2 250
motorbike 0.0024 0 209 6 263
motorbike 0.0022 20 216 106 292
motorbike 0.0015 0 216 3 259
motorbike 0.0014 11 206 32 251
motorbike 0.0013 29 205 52 251
motorbike 0.0013 63 182 105 242
motorbike 0.0012 52 203 118 260
motorbike 0.0012 61 202 83 234
motorbike 0.0012 0 182 2 218
motorbike 0.0010 12 237 50 302
bottle 0.0069 163 153 176 170
bottle 0.0036 188 198 202 215
bottle 0.0034 168 203 190 234
bottle 0.0032 366 114 372 126
bottle 0.0028 355 114 366 126
bottle 0.0026 186 185 205 217
bottle 0.0026 345 110 353 124
bottle 0.0024 84 171 100 209
bottle 0.0022 338 136 344 148
bottle 0.0021 127 145 134 158
bottle 0.0021 153 219 165 233
bottle 0.0018 213 130 222 151
bottle 0.0017 160 123 336 218
bottle 0.0016 161 147 179 175
bottle 0.0014 315 243 326 294
bottle 0.0014 201 135 208 148
bottle 0.0013 402 92 411 111
bottle 0.0013 169 220 187 234
bottle 0.0013 160 220 171 234
bottle 0.0012 356 110 364 122
bottle 0.0012 357 95 366 108
bottle 0.0012 396 94 405 111
bottle 0.0011 345 136 356 148
bottle 0.0011 376 108 384 119
bottle 0.0011 366 109 373 123
bottle 0.0010 106 238 149 273
bottle 0.0010 366 133 372 146
pottedplant 0.0051 50 2 121 73
pottedplant 0.0032 37 -2 162 99
pottedplant 0.0013 421 163 437 178
