person 0.9952 211 19 454 321
person 0.9630 173 89 305 231
person 0.8514 449 50 498 306
person 0.7497 80 160 141 261
person 0.6370 259 58 330 214
person 0.5584 3 76 125 319
person 0.1788 406 122 445 228
person 0.1404 2 63 60 107
person 0.1120 1 66 61 324
person 0.0622 327 22 464 322
person 0.0603 46 148 119 285
person 0.0568 1 66 125 201
person 0.0447 92 114 155 247
person 0.0272 52 86 121 228
person 0.0255 49 195 91 275
person 0.0227 147 141 287 245
person 0.0206 127 142 159 245
person 0.0195 263 112 295 201
person 0.0180 78 149 193 244
person 0.0136 34 79 102 271
person 0.0127 199 90 284 199
person 0.0113 183 165 215 195
person 0.0113 71 116 108 196
person 0.0110 176 37 399 232
person 0.0098 163 102 246 244
person 0.0090 282 144 317 205
person 0.0087 273 94 350 217
person 0.0085 157 81 325 308
person 0.0078 402 109 455 276
person 0.0076 71 157 109 225
person 0.0066 199 109 280 275
person 0.0065 271 125 294 157
person 0.0065 1 48 62 184
person 0.0065 148 152 183 244
person 0.0063 111 127 144 230
person 0.0061 294 123 334 193
person 0.0060 54 108 122 170
person 0.0059 116 112 169 245
person 0.0059 26 166 144 307
person 0.0052 1 42 29 346
person 0.0051 82 141 118 212
person 0.0051 0 -2 60 117
person 0.0048 407 141 488 327
person 0.0046 38 181 105 320
person 0.0044 268 62 316 144
person 0.0044 154 154 188 184
person 0.0040 184 167 220 231
person 0.0040 388 80 446 236
person 0.0038 2 54 12 336
person 0.0038 146 182 218 244
person 0.0036 3 65 82 127
person 0.0035 7 241 132 329
person 0.0035 96 107 120 141
person 0.0032 64 196 106 270
person 0.0031 262 105 283 143
person 0.0030 173 168 267 224
person 0.0029 134 181 161 247
person 0.0027 0 258 31 327
person 0.0027 452 175 466 226
person 0.0026 278 94 317 181
person 0.0023 456 84 493 190
person 0.0023 86 108 118 170
person 0.0020 262 76 302 163
person 0.0020 82 191 127 264
person 0.0019 245 144 281 209
person 0.0019 163 179 196 246
person 0.0019 467 -2 499 280
person 0.0018 202 110 240 201
person 0.0018 205 162 237 234
person 0.0018 138 148 155 188
person 0.0018 271 140 293 182
person 0.0017 183 174 192 190
person 0.0017 -1 262 60 328
person 0.0016 3 162 86 337
person 0.0016 132 151 149 189
person 0.0016 218 112 261 198
person 0.0014 53 129 80 222
person 0.0014 445 170 468 258
person 0.0013 268 124 281 142
person 0.0013 130 180 145 224
person 0.0013 407 124 442 162
person 0.0012 281 140 347 208
person 0.0012 152 153 213 200
person 0.0012 425 74 490 279
person 0.0011 20 6 147 265
person 0.0010 234 114 416 213
person 0.0010 225 159 244 199
person 0.0010 122 35 314 233
person 0.0010 87 151 152 309
person 0.0010 79 207 103 251
person 0.0010 447 152 497 346
bottle 0.0360 126 121 157 236
bottle 0.0294 105 141 114 164
bottle 0.0255 139 142 157 183
bottle 0.0244 115 142 123 161
bottle 0.0229 125 119 138 164
bottle 0.0227 148 178 178 247
bottle 0.0213 72 142 109 211
bottle 0.0169 140 191 157 247
bottle 0.0161 128 118 136 146
bottle 0.0127 133 138 149 185
bottle 0.0106 114 117 145 190
bottle 0.0097 92 114 155 247
bottle 0.0083 124 142 133 161
bottle 0.0079 127 133 134 149
bottle 0.0074 124 113 156 176
bottle 0.0071 103 142 116 178
bottle 0.0068 104 151 114 169
bottle 0.0056 130 180 145 224
bottle 0.0051 135 142 143 160
bottle 0.0051 163 179 196 246
bottle 0.0050 83 115 117 197
bottle 0.0049 131 126 145 177
bottle 0.0047 134 135 140 149
bottle 0.0041 108 136 116 152
bottle 0.0041 79 160 104 202
bottle 0.0038 184 176 218 245
bottle 0.0037 111 136 126 170
bottle 0.0036 114 152 123 168
bottle 0.0035 151 186 169 233
bottle 0.0035 144 145 152 159
bottle 0.0034 92 147 111 178
bottle 0.0033 88 156 111 186
bottle 0.0033 150 147 184 209
bottle 0.0032 93 253 107 287
bottle 0.0031 78 254 91 297
bottle 0.0031 45 268 78 321
bottle 0.0031 143 151 151 171
bottle 0.0029 114 137 122 150
bottle 0.0028 95 154 107 169
bottle 0.0028 76 127 188 230
bottle 0.0023 136 153 144 169
bottle 0.0022 180 213 199 246
bottle 0.0022 125 152 133 167
bottle 0.0022 103 252 117 285
bottle 0.0022 73 163 93 199
bottle 0.0021 83 252 99 289
bottle 0.0021 128 115 142 151
bottle 0.0019 135 160 147 182
bottle 0.0018 142 161 151 179
bottle 0.0018 132 177 144 189
bottle 0.0017 112 126 173 183
bottle 0.0017 119 133 171 251
bottle 0.0016 133 189 148 246
bottle 0.0015 92 161 107 178
bottle 0.0015 282 144 317 205
bottle 0.0014 77 164 89 178
bottle 0.0014 101 154 117 185
bottle 0.0013 151 209 168 247
bottle 0.0013 82 161 99 177
bottle 0.0013 43 273 63 318
bottle 0.0013 159 182 244 241
bottle 0.0012 133 182 145 193
bottle 0.0012 131 163 149 196
bottle 0.0012 93 111 158 171
bottle 0.0012 99 145 109 162
bottle 0.0011 105 160 117 179
bottle 0.0010 111 250 129 283
bottle 0.0010 121 141 138 180
chair 0.0705 74 249 267 331
chair 0.0030 28 246 143 329
chair 0.0027 45 268 78 321
chair 0.0014 154 154 188 184
sofa 0.0016 74 249 267 331
sofa 0.0012 450 73 498 352
pottedplant 0.0019 92 114 155 247
pottedplant 0.0015 116 112 169 245
diningtable 0.1101 74 249 267 331
diningtable 0.0167 108 240 259 266
diningtable 0.0075 129 241 226 254
diningtable 0.0028 132 217 231 254
diningtable 0.0019 28 246 143 329
diningtable 0.0015 105 163 230 243
diningtable 0.0013 111 247 256 288
tvmonitor 0.0684 154 154 188 184
