person 0.9915 259 132 346 262
person 0.9690 453 111 492 221
person 0.9594 390 104 427 225
person 0.9571 124 114 199 269
person 0.9093 11 121 74 228
person 0.8864 367 110 395 153
person 0.8722 1 95 30 154
person 0.7565 335 111 365 161
person 0.7120 476 113 498 213
person 0.6331 420 112 451 216
person 0.6289 87 127 124 221
person 0.6108 29 97 65 152
person 0.5811 55 102 91 152
person 0.5719 228 129 289 197
person 0.5106 30 96 61 128
person 0.3871 157 121 204 261
person 0.3027 81 106 104 144
person 0.3006 83 104 103 128
person 0.2321 62 98 87 129
person 0.2316 340 110 363 138
person 0.2149 424 115 448 156
person 0.1526 491 115 500 136
person 0.1279 367 107 393 205
person 0.1275 0 98 8 170
person 0.1021 169 115 187 129
person 0.1021 168 116 191 148
person 0.0851 489 112 499 155
person 0.0845 102 125 140 193
person 0.0817 226 129 294 255
person 0.0789 0 95 5 117
person 0.0787 0 122 9 183
person 0.0710 163 114 197 165
person 0.0664 51 104 445 184
person 0.0639 174 131 196 155
person 0.0618 200 132 215 149
person 0.0544 392 104 425 151
person 0.0540 492 119 499 210
person 0.0492 0 100 4 127
person 0.0487 63 107 100 165
person 0.0437 48 123 85 187
person 0.0405 80 133 97 148
person 0.0394 415 113 426 133
person 0.0383 68 123 106 192
person 0.0295 358 152 389 210
person 0.0293 167 123 199 189
person 0.0293 95 128 127 158
person 0.0280 265 136 287 167
person 0.0280 412 116 427 154
person 0.0272 458 118 495 152
person 0.0244 229 156 318 278
person 0.0238 30 75 454 233
person 0.0226 344 116 358 129
person 0.0218 494 118 499 147
person 0.0214 422 116 432 133
person 0.0201 89 108 105 125
person 0.0201 78 133 101 172
person 0.0200 0 85 8 128
person 0.0186 257 131 294 191
person 0.0179 1 102 21 210
person 0.0172 12 120 56 151
person 0.0162 410 107 427 141
person 0.0157 3 101 120 202
person 0.0155 177 129 194 145
person 0.0150 75 105 89 123
person 0.0150 84 103 117 150
person 0.0147 107 109 181 218
person 0.0143 53 129 117 230
person 0.0133 1 118 5 152
person 0.0126 11 122 31 150
person 0.0123 77 129 133 186
person 0.0123 167 128 191 160
person 0.0122 88 112 121 167
person 0.0122 3 94 26 121
person 0.0121 64 120 99 148
person 0.0118 417 114 437 153
person 0.0106 1 96 3 153
person 0.0104 119 120 161 193
person 0.0103 40 103 63 144
person 0.0103 45 133 57 149
person 0.0102 97 125 121 148
person 0.0102 2 95 60 152
person 0.0098 96 122 154 232
person 0.0097 0 142 8 220
person 0.0094 242 111 486 186
person 0.0093 65 130 99 157
person 0.0093 375 110 408 211
person 0.0087 177 129 327 240
person 0.0086 23 94 473 150
person 0.0084 483 120 490 130
person 0.0083 421 117 487 224
person 0.0081 12 113 80 166
person 0.0080 414 109 424 126
person 0.0079 189 134 202 149
person 0.0078 46 128 60 144
person 0.0077 186 125 217 192
person 0.0077 199 130 217 174
person 0.0076 307 125 320 143
person 0.0071 44 120 64 149
person 0.0069 362 137 375 152
person 0.0065 44 130 62 176
bicycle 0.9871 101 191 223 283
bicycle 0.9613 255 197 372 302
bicycle 0.7361 46 152 118 248
bicycle 0.6788 225 182 295 275
bicycle 0.2082 39 166 151 263
bicycle 0.1766 351 166 389 216
bicycle 0.0625 267 135 354 286
bicycle 0.0389 222 180 264 261
bicycle 0.0295 188 204 210 240
bicycle 0.0243 183 187 216 252
bicycle 0.0241 280 203 355 269
bicycle 0.0198 382 166 448 226
bicycle 0.0191 360 165 383 203
bicycle 0.0152 121 183 303 276
bicycle 0.0098 0 175 93 250
bicycle 0.0077 226 172 290 222
bicycle 0.0075 329 155 390 209
bicycle 0.0073 350 172 372 208
bicycle 0.0069 183 186 258 251
bicycle 0.0066 113 188 211 247
bicycle 0.0059 416 164 446 225
bicycle 0.0055 42 89 450 275
bicycle 0.0051 341 174 361 207
bicycle 0.0051 343 166 380 204
bicycle 0.0047 177 129 327 240
bicycle 0.0046 107 111 193 273
bicycle 0.0045 187 198 221 226
bicycle 0.0038 226 180 264 204
bicycle 0.0037 84 155 122 233
bicycle 0.0036 238 157 279 232
bicycle 0.0030 420 171 438 216
bicycle 0.0030 226 129 294 255
bicycle 0.0029 150 200 214 266
bicycle 0.0027 65 164 143 231
bicycle 0.0024 67 135 107 220
bicycle 0.0024 170 179 205 255
bicycle 0.0024 266 199 302 226
bicycle 0.0023 277 196 315 266
bicycle 0.0020 157 121 204 261
bicycle 0.0018 231 186 320 312
bicycle 0.0016 193 181 202 200
bicycle 0.0016 166 199 341 298
bicycle 0.0016 104 182 146 248
bicycle 0.0015 105 198 181 271
bicycle 0.0015 257 197 298 266
bicycle 0.0015 329 170 351 209
bicycle 0.0015 262 185 334 249
bicycle 0.0015 163 205 212 238
bicycle 0.0015 -20 100 221 261
bicycle 0.0015 255 217 344 283
bicycle 0.0014 149 179 181 252
bicycle 0.0014 205 138 386 306
bicycle 0.0013 184 137 217 218
bicycle 0.0013 418 118 449 224
bicycle 0.0013 103 179 140 206
bicycle 0.0013 123 176 162 250
bicycle 0.0012 359 184 394 215
bicycle 0.0012 362 137 375 152
bicycle 0.0012 98 176 161 288
bicycle 0.0011 192 210 215 245
bicycle 0.0011 299 200 337 264
bicycle 0.0010 190 175 206 207
bicycle 0.0010 327 135 481 229
bicycle 0.0010 190 211 206 231
car 0.0232 3 121 64 232
car 0.0042 8 141 112 243
car 0.0023 0 118 19 237
car 0.0022 0 98 8 170
car 0.0020 -1 169 59 232
car 0.0015 1 118 5 152
motorbike 0.0014 40 151 106 249
bus 0.0014 6 109 64 216
bus 0.0012 3 101 120 202
bus 0.0011 -5 78 141 154
bottle 0.0025 309 213 316 224
bottle 0.0019 229 193 238 206
bottle 0.0015 223 193 232 207
bottle 0.0013 298 198 307 206
bottle 0.0013 286 205 295 219
bottle 0.0012 307 205 316 219
bottle 0.0012 45 133 57 149
bottle 0.0011 164 191 174 210
chair 0.0086 103 205 230 289
chair 0.0032 0 164 49 234
chair 0.0020 240 197 363 301
chair 0.0018 11 129 57 220
chair 0.0010 0 142 8 220
diningtable 0.0029 82 180 211 276
diningtable 0.0012 39 166 151 263
