person 0.0088 468 2 499 34
person 0.0070 229 84 256 150
person 0.0024 473 1 499 81
bird 0.1466 239 87 256 145
bird 0.1303 222 116 242 150
bird 0.0455 147 200 211 245
bird 0.0039 149 149 168 190
bird 0.0025 171 127 206 178
bird 0.0019 299 99 361 152
bird 0.0013 183 138 203 172
bird 0.0012 226 122 240 144
bird 0.0010 294 103 336 165
bottle 0.3348 239 87 256 145
pottedplant 0.1084 288 12 452 351
pottedplant 0.0682 54 24 452 353
pottedplant 0.0227 311 284 396 349
pottedplant 0.0191 434 83 498 233
pottedplant 0.0187 381 12 501 347
pottedplant 0.0093 385 284 501 378
pottedplant 0.0068 434 110 496 174
pottedplant 0.0047 98 15 395 202
pottedplant 0.0047 453 193 499 233
pottedplant 0.0046 314 197 398 354
pottedplant 0.0045 318 9 496 214
pottedplant 0.0033 87 88 261 363
pottedplant 0.0029 -17 12 294 367
pottedplant 0.0024 145 256 363 366
pottedplant 0.0022 438 116 499 315
pottedplant 0.0022 189 52 387 318
pottedplant 0.0016 307 336 446 374
pottedplant 0.0016 226 159 435 361
pottedplant 0.0013 316 253 493 362
pottedplant 0.0013 435 10 499 194
pottedplant 0.0012 59 39 289 254
pottedplant 0.0012 253 252 417 356
pottedplant 0.0011 379 34 496 188
pottedplant 0.0010 231 74 258 143
pottedplant 0.0010 440 167 499 232
