person 0.9227 111 146 183 213
person 0.7929 380 90 497 259
person 0.4036 184 157 261 226
person 0.0074 1 141 12 188
person 0.0072 -1 139 22 215
person 0.0051 194 159 273 266
person 0.0048 0 150 22 189
person 0.0037 7 219 488 365
person 0.0035 441 92 499 255
person 0.0035 55 144 211 230
person 0.0033 375 93 453 231
person 0.0025 0 149 9 213
person 0.0023 0 148 17 284
person 0.0022 483 92 499 262
person 0.0022 -2 149 67 209
person 0.0021 120 180 367 272
person 0.0020 0 144 3 198
person 0.0018 152 147 281 238
person 0.0014 493 170 499 270
person 0.0012 195 154 241 214
person 0.0012 28 117 463 347
person 0.0011 116 136 195 252
person 0.0010 263 266 338 310
car 0.0017 11 170 483 368
train 0.0133 28 117 463 347
train 0.0022 7 219 488 365
bottle 0.0361 208 247 272 291
bottle 0.0309 492 25 500 70
bottle 0.0252 11 170 483 368
bottle 0.0204 121 237 204 268
bottle 0.0147 279 268 355 316
bottle 0.0091 19 335 109 375
bottle 0.0076 162 241 240 279
bottle 0.0066 226 274 260 350
bottle 0.0058 234 262 272 295
bottle 0.0055 182 252 230 281
bottle 0.0050 191 231 254 353
bottle 0.0049 242 275 275 355
bottle 0.0049 54 258 442 354
bottle 0.0045 340 285 406 332
bottle 0.0037 164 245 209 274
bottle 0.0036 243 254 316 302
bottle 0.0029 62 221 428 309
bottle 0.0025 27 196 144 234
bottle 0.0024 317 270 391 322
bottle 0.0024 205 266 248 288
bottle 0.0022 269 272 318 301
bottle 0.0022 220 232 258 286
bottle 0.0022 206 243 246 275
bottle 0.0022 162 203 179 236
bottle 0.0019 203 247 244 338
bottle 0.0018 241 251 265 286
bottle 0.0018 181 249 225 332
bottle 0.0016 263 263 306 298
bottle 0.0016 261 266 296 358
bottle 0.0014 5 298 87 366
bottle 0.0012 1 188 91 235
bottle 0.0011 141 249 228 288
bottle 0.0011 1 324 60 375
chair 0.0377 378 88 500 240
chair 0.0011 108 157 187 221
sofa 0.0152 11 170 483 368
sofa 0.0075 378 88 500 240
pottedplant 0.0011 492 25 500 70
diningtable 0.0062 7 219 488 365
diningtable 0.0020 58 295 439 373
