person 0.9966 109 70 350 296
person 0.0032 48 190 272 485
person 0.0015 99 53 391 448
cat 0.0016 166 398 458 495
bottle 0.5508 372 235 405 307
bottle 0.1439 357 263 376 303
bottle 0.0160 339 267 358 302
bottle 0.0118 346 249 381 306
bottle 0.0093 350 245 411 305
bottle 0.0086 433 212 466 276
bottle 0.0058 384 227 410 302
bottle 0.0050 434 149 479 202
bottle 0.0036 437 237 463 274
bottle 0.0035 410 163 437 277
bottle 0.0031 369 239 408 273
bottle 0.0029 392 147 452 292
bottle 0.0028 170 225 246 316
bottle 0.0022 360 264 375 278
bottle 0.0021 433 233 446 276
bottle 0.0020 392 241 408 303
bottle 0.0018 372 245 386 301
bottle 0.0014 337 252 368 306
bottle 0.0014 344 273 357 297
bottle 0.0010 292 196 406 298
chair 0.5070 26 182 221 494
chair 0.1370 44 206 364 513
chair 0.1210 106 401 457 497
chair 0.1073 63 442 352 496
chair 0.0242 10 190 108 480
chair 0.0238 292 196 406 298
chair 0.0161 146 73 398 293
chair 0.0114 76 314 407 498
chair 0.0033 108 449 513 499
chair 0.0025 299 274 344 299
chair 0.0022 295 228 369 294
chair 0.0021 264 155 384 284
chair 0.0017 288 393 491 496
chair 0.0017 243 324 477 496
chair 0.0014 39 406 298 496
sofa 0.0085 63 442 352 496
sofa 0.0011 106 401 457 497
sofa 0.0010 40 212 282 503
pottedplant 0.0142 432 214 478 275
pottedplant 0.0090 432 150 478 200
pottedplant 0.0025 431 152 480 279
pottedplant 0.0010 360 106 482 229
diningtable 0.2468 81 228 482 504
diningtable 0.0281 104 310 460 402
diningtable 0.0065 48 190 272 485
diningtable 0.0043 97 363 466 494
diningtable 0.0038 76 444 479 497
diningtable 0.0037 116 82 317 316
diningtable 0.0025 103 292 398 373
diningtable 0.0024 95 107 398 470
diningtable 0.0023 438 292 480 340
