person 0.2140 90 29 467 360
person 0.0025 230 86 487 375
car 0.0449 30 27 466 362
motorbike 0.0053 -12 8 454 372
boat 0.0109 90 29 467 360
cat 0.0184 -12 8 454 372
cat 0.0032 142 76 425 359
cat 0.0014 2 10 191 370
dog 0.9320 48 60 455 368
dog 0.0073 213 57 440 321
dog 0.0051 -1 -3 280 384
cow 0.0010 -11 3 370 377
chair 0.2710 165 78 492 367
chair 0.0221 -12 8 454 372
chair 0.0022 444 139 499 370
sofa 0.2660 165 78 492 367
sofa 0.0632 17 9 470 313
sofa 0.0033 444 139 499 370
sofa 0.0014 395 93 500 376
sofa 0.0013 264 38 455 344
diningtable 0.0071 444 139 499 370
