person 0.0356 283 94 492 280
person 0.0088 248 86 408 154
person 0.0082 285 95 385 137
person 0.0072 2 8 83 183
person 0.0053 47 102 233 176
person 0.0038 280 90 362 124
person 0.0032 151 106 425 175
person 0.0029 66 91 488 353
person 0.0026 441 214 499 373
person 0.0021 220 131 450 292
person 0.0020 317 94 431 134
person 0.0016 249 101 483 182
person 0.0011 494 32 499 46
person 0.0011 471 115 499 392
bird 0.0047 88 105 255 181
bird 0.0045 48 92 163 150
bird 0.0035 203 110 282 162
bird 0.0022 52 109 115 152
bird 0.0022 212 112 235 139
cat 0.1644 88 105 255 181
cat 0.0183 48 92 163 150
cat 0.0164 224 105 449 277
cat 0.0147 112 108 388 179
cat 0.0054 288 89 382 123
cat 0.0054 49 104 120 149
cat 0.0047 247 159 406 272
cat 0.0030 291 95 417 135
cat 0.0020 351 94 429 136
cat 0.0015 203 110 282 162
cat 0.0013 290 98 352 125
cat 0.0010 271 95 369 139
dog 0.9929 237 99 498 280
dog 0.0573 88 105 255 181
dog 0.0372 247 159 406 272
dog 0.0086 48 92 163 150
dog 0.0073 33 97 473 360
dog 0.0054 285 95 385 137
dog 0.0053 151 106 425 175
dog 0.0048 249 101 483 182
dog 0.0031 49 104 120 149
dog 0.0028 280 90 362 124
dog 0.0020 317 94 431 134
dog 0.0019 67 111 438 265
dog 0.0017 299 132 492 243
dog 0.0010 222 142 512 367
sheep 0.0081 88 105 255 181
sheep 0.0013 33 97 473 360
cow 0.0127 88 105 255 181
cow 0.0010 33 97 473 360
bottle 0.0037 478 71 499 104
bottle 0.0012 492 40 499 55
chair 0.1694 1 7 82 153
chair 0.0061 441 214 499 373
chair 0.0047 283 94 492 280
chair 0.0045 302 55 397 97
chair 0.0044 183 27 301 118
chair 0.0027 33 97 473 360
chair 0.0014 6 43 80 116
chair 0.0010 468 78 499 156
sofa 0.7700 1 7 82 153
sofa 0.0491 33 97 473 360
sofa 0.0201 441 214 499 373
sofa 0.0045 -2 -9 104 222
sofa 0.0045 283 94 492 280
sofa 0.0033 -3 44 116 166
sofa 0.0023 6 43 80 116
sofa 0.0012 222 142 512 367
sofa 0.0011 471 115 499 392
sofa 0.0011 151 106 425 175
diningtable 0.0656 33 97 473 360
diningtable 0.0035 441 240 499 373
diningtable 0.0019 151 106 425 175
diningtable 0.0010 283 94 492 280
tvmonitor 0.0144 474 3 498 84
tvmonitor 0.0057 313 11 346 34
tvmonitor 0.0047 486 14 499 61
tvmonitor 0.0045 299 2 400 47
tvmonitor 0.0026 297 42 401 91
tvmonitor 0.0017 494 21 500 36
tvmonitor 0.0015 295 3 409 85
tvmonitor 0.0011 494 32 499 46
