person 0.9413 384 105 432 279
person 0.8240 481 112 498 217
person 0.0959 490 114 499 210
person 0.0718 382 128 479 274
person 0.0502 459 152 470 167
person 0.0339 0 151 72 262
person 0.0138 477 123 493 183
person 0.0130 228 117 236 129
person 0.0113 0 161 4 182
person 0.0102 0 154 3 174
person 0.0097 496 103 500 128
person 0.0093 490 105 499 163
person 0.0056 394 117 427 218
person 0.0046 455 141 473 167
person 0.0044 0 154 8 211
person 0.0041 495 122 499 146
person 0.0039 249 119 254 129
person 0.0038 0 154 22 255
person 0.0037 493 71 499 136
person 0.0033 224 117 233 129
person 0.0032 180 145 389 281
person 0.0029 456 149 484 220
person 0.0029 196 120 211 129
person 0.0027 497 85 499 124
person 0.0026 480 88 500 178
person 0.0023 388 108 407 155
person 0.0021 492 130 499 155
person 0.0016 13 154 34 166
person 0.0016 497 138 499 204
person 0.0016 487 110 500 293
person 0.0015 465 125 489 214
person 0.0014 420 145 484 262
person 0.0013 305 140 367 275
person 0.0013 478 110 494 160
person 0.0013 492 151 499 229
person 0.0012 454 153 464 168
person 0.0012 0 130 6 196
person 0.0011 0 165 4 197
person 0.0011 478 95 491 132
person 0.0011 495 138 498 167
person 0.0011 473 131 486 173
person 0.0010 0 135 1 172
car 0.0176 53 155 170 262
car 0.0157 4 152 95 262
car 0.0152 189 119 210 129
car 0.0036 332 144 485 262
car 0.0014 0 154 8 211
car 0.0011 361 145 462 188
car 0.0010 0 161 4 182
motorbike 0.0046 0 161 4 182
motorbike 0.0025 0 154 8 211
motorbike 0.0019 189 152 380 289
motorbike 0.0013 332 144 485 262
bus 0.0022 194 83 472 153
train 0.0013 367 74 502 150
dog 0.0023 310 231 352 269
dog 0.0012 0 151 72 262
dog 0.0011 75 146 167 268
horse 0.0529 377 142 481 260
horse 0.0475 481 112 498 217
horse 0.0391 0 151 72 262
horse 0.0099 491 144 500 216
horse 0.0051 0 159 9 222
horse 0.0038 0 154 22 255
horse 0.0033 75 146 167 268
horse 0.0016 0 161 4 182
horse 0.0013 434 150 474 223
horse 0.0010 0 154 3 174
sheep 0.0048 3 164 82 269
sheep 0.0013 75 146 167 268
sheep 0.0011 332 144 485 262
sheep 0.0010 310 231 352 269
cow 0.9891 70 151 183 266
cow 0.9857 184 148 386 296
cow 0.8920 4 154 81 265
cow 0.6464 332 144 485 262
cow 0.1584 131 140 195 268
cow 0.0246 52 157 86 259
cow 0.0229 65 154 101 255
cow 0.0218 420 145 484 262
cow 0.0217 0 159 9 222
cow 0.0197 483 125 500 239
cow 0.0189 351 148 392 222
cow 0.0121 4 157 46 254
cow 0.0114 0 154 22 255
cow 0.0093 374 104 428 278
cow 0.0074 33 156 97 264
cow 0.0071 434 150 474 223
cow 0.0064 0 165 4 197
cow 0.0057 198 150 237 174
cow 0.0055 310 231 352 269
cow 0.0049 0 157 67 218
cow 0.0048 70 166 145 246
cow 0.0038 73 196 139 255
cow 0.0037 0 161 6 258
cow 0.0036 324 141 389 277
cow 0.0033 0 161 4 182
cow 0.0032 187 151 251 212
cow 0.0030 98 192 187 257
cow 0.0029 338 147 402 194
cow 0.0029 456 149 484 220
cow 0.0027 144 180 182 262
cow 0.0022 195 165 215 197
cow 0.0017 491 144 500 216
cow 0.0016 162 160 191 247
cow 0.0013 178 180 196 224
cow 0.0012 99 215 140 248
cow 0.0011 0 172 2 229
cow 0.0010 129 156 162 259
cow 0.0010 270 168 464 272
chair 0.0083 491 144 500 216
