person 0.1059 174 123 206 156
person 0.0079 172 123 188 153
person 0.0020 144 128 153 156
person 0.0018 387 218 501 278
person 0.0015 182 130 193 142
car 0.0059 174 126 205 157
car 0.0026 67 130 79 138
car 0.0016 173 139 185 152
car 0.0012 177 149 194 157
bird 0.0011 219 0 230 4
bottle 0.0464 1 210 12 251
bottle 0.0111 433 212 443 234
bottle 0.0095 0 217 6 245
bottle 0.0061 437 209 454 241
bottle 0.0047 431 210 448 239
bottle 0.0041 4 211 18 247
bottle 0.0033 447 221 459 242
bottle 0.0031 189 214 198 233
bottle 0.0029 441 210 451 234
bottle 0.0026 443 220 455 242
bottle 0.0026 9 219 18 242
bottle 0.0026 0 226 5 255
chair 0.9879 335 164 442 260
chair 0.9065 382 202 500 284
chair 0.0530 384 237 494 280
chair 0.0057 471 184 500 272
chair 0.0039 382 218 454 273
chair 0.0020 390 260 485 280
chair 0.0015 67 150 114 183
chair 0.0014 408 202 491 260
sofa 0.9985 128 160 324 253
sofa 0.2797 382 202 500 284
sofa 0.0828 328 163 436 259
sofa 0.0185 384 237 494 280
diningtable 0.0291 377 218 498 277
diningtable 0.0105 179 212 302 246
diningtable 0.0057 167 218 327 278
diningtable 0.0020 185 221 230 239
