bird 0.0017 77 493 99 499
bird 0.0010 71 493 91 499
cat 0.0055 134 262 231 424
cat 0.0021 19 314 139 446
cat 0.0011 386 269 446 418
dog 0.2512 135 292 232 422
dog 0.0411 386 269 446 418
dog 0.0252 19 314 139 446
dog 0.0010 101 330 135 416
horse 0.0103 136 304 232 429
horse 0.0030 386 269 446 418
sheep 0.9714 388 276 446 421
sheep 0.9695 129 302 231 418
sheep 0.9492 16 332 137 455
sheep 0.0036 7 267 158 475
sheep 0.0017 101 330 135 416
sheep 0.0015 389 271 441 360
cow 0.0657 129 302 231 418
cow 0.0357 16 332 137 455
cow 0.0025 386 269 446 418
