person 0.9513 270 188 376 275
person 0.7152 388 168 496 280
person 0.1370 415 203 494 274
person 0.1365 353 201 386 272
person 0.1263 358 201 376 242
person 0.0288 353 206 373 252
person 0.0244 416 199 456 277
person 0.0224 346 204 414 273
person 0.0162 279 220 299 264
person 0.0158 169 109 211 197
person 0.0130 469 204 499 273
person 0.0120 455 216 498 285
person 0.0119 426 219 466 281
person 0.0106 411 173 452 261
person 0.0076 376 229 414 283
person 0.0072 400 150 473 256
person 0.0044 344 215 372 280
person 0.0044 241 211 270 268
person 0.0041 436 199 500 312
person 0.0035 493 193 499 268
person 0.0031 233 219 260 278
person 0.0031 456 215 497 247
person 0.0030 480 163 498 274
person 0.0025 283 221 295 237
person 0.0024 357 211 368 229
person 0.0023 399 178 431 256
person 0.0023 497 210 499 251
person 0.0022 473 228 498 318
person 0.0020 248 214 406 290
person 0.0020 418 201 440 244
person 0.0019 239 222 257 264
person 0.0018 459 214 474 228
person 0.0017 379 227 446 282
person 0.0016 380 212 501 298
person 0.0016 466 224 498 255
person 0.0015 497 199 499 243
person 0.0014 475 228 499 269
person 0.0014 419 243 495 298
person 0.0014 349 198 405 246
person 0.0014 169 105 226 280
person 0.0014 455 211 493 234
person 0.0013 377 178 453 286
person 0.0012 295 197 345 264
person 0.0010 490 221 499 278
person 0.0010 361 202 373 223
bicycle 0.0012 282 196 364 264
car 0.0042 282 196 364 264
car 0.0014 388 168 496 280
car 0.0012 356 201 424 275
bus 0.0010 384 146 498 254
bird 0.1872 176 110 213 180
bird 0.0090 155 105 214 210
bird 0.0057 144 150 176 181
bird 0.0015 170 124 183 163
bird 0.0013 160 125 176 164
cat 0.0012 176 110 213 180
dog 0.0064 176 110 213 180
horse 0.0015 388 168 496 280
sheep 0.0036 176 110 213 180
cow 0.0017 176 110 213 180
bottle 0.7127 239 225 258 270
bottle 0.0318 279 224 294 269
bottle 0.0122 240 218 268 280
bottle 0.0120 255 226 268 274
bottle 0.0065 227 252 238 266
bottle 0.0036 313 234 330 268
bottle 0.0029 243 235 260 278
bottle 0.0023 376 229 414 283
bottle 0.0018 242 224 251 238
bottle 0.0017 240 230 253 248
bottle 0.0015 225 255 234 264
bottle 0.0012 224 252 241 284
bottle 0.0011 407 254 429 284
bottle 0.0010 229 229 264 266
bottle 0.0010 238 216 257 251
bottle 0.0010 280 235 289 262
chair 0.0936 282 196 364 264
chair 0.0191 419 218 491 283
chair 0.0159 455 216 498 285
chair 0.0114 419 222 456 278
chair 0.0049 415 244 438 277
chair 0.0046 265 235 375 270
chair 0.0038 425 243 466 278
chair 0.0030 427 241 446 280
chair 0.0027 475 228 499 269
chair 0.0026 457 222 499 257
chair 0.0020 469 204 499 273
chair 0.0016 473 228 498 318
chair 0.0015 393 204 476 270
chair 0.0013 407 232 430 267
chair 0.0012 457 217 477 262
chair 0.0011 379 227 446 282
chair 0.0011 473 293 499 371
chair 0.0010 435 243 500 300
chair 0.0010 455 243 499 276
pottedplant 0.0011 217 283 325 317
diningtable 0.0067 50 286 459 373
diningtable 0.0034 130 275 425 334
diningtable 0.0012 475 242 498 340
