person 0.0238 382 110 400 204
person 0.0121 391 114 399 162
person 0.0119 353 109 397 202
person 0.0083 379 95 399 159
person 0.0051 390 100 398 146
person 0.0033 383 48 398 142
person 0.0030 375 55 399 232
person 0.0027 391 133 399 173
person 0.0024 395 130 399 145
person 0.0011 353 51 401 169
bottle 0.0039 395 130 399 145
bottle 0.0018 397 93 400 108
bottle 0.0015 120 83 129 99
chair 0.9862 163 244 275 297
chair 0.9847 226 128 289 216
chair 0.9617 259 179 343 299
chair 0.8737 305 99 343 150
chair 0.7298 355 119 391 190
chair 0.3819 361 104 397 152
chair 0.2914 271 113 297 177
chair 0.1026 377 151 400 224
chair 0.0759 241 115 292 171
chair 0.0321 367 104 394 126
chair 0.0290 363 145 392 201
chair 0.0237 390 108 398 151
chair 0.0223 0 114 22 173
chair 0.0210 356 120 390 154
chair 0.0210 395 130 399 145
chair 0.0186 382 110 399 147
chair 0.0175 391 133 399 173
chair 0.0174 379 95 399 159
chair 0.0170 253 94 272 110
chair 0.0160 317 102 372 151
chair 0.0144 355 78 402 181
chair 0.0144 299 93 357 135
chair 0.0140 382 110 400 204
chair 0.0110 397 118 399 144
chair 0.0100 212 117 309 195
chair 0.0096 362 88 400 139
chair 0.0093 391 141 398 197
chair 0.0089 244 110 293 146
chair 0.0089 225 107 259 126
chair 0.0089 374 176 389 208
chair 0.0088 3 111 36 175
chair 0.0084 351 115 383 171
chair 0.0081 394 142 398 164
chair 0.0079 266 116 294 145
chair 0.0079 282 117 293 175
chair 0.0075 243 133 273 158
chair 0.0073 349 154 380 215
chair 0.0071 260 88 383 156
chair 0.0066 394 138 398 152
chair 0.0059 369 106 390 142
chair 0.0058 392 87 399 144
chair 0.0053 242 230 348 298
chair 0.0051 396 109 398 137
chair 0.0043 357 154 386 185
chair 0.0041 249 130 278 149
chair 0.0037 310 97 339 119
chair 0.0036 395 146 398 174
chair 0.0034 396 99 400 113
chair 0.0031 241 109 275 127
chair 0.0031 0 122 7 170
chair 0.0030 395 106 398 123
chair 0.0030 153 76 366 223
chair 0.0026 0 67 18 87
chair 0.0025 280 116 295 144
chair 0.0024 345 103 377 154
chair 0.0022 183 103 339 264
chair 0.0022 186 72 217 82
chair 0.0020 185 119 234 141
chair 0.0020 304 70 354 154
chair 0.0020 176 74 215 92
chair 0.0020 1 72 8 84
chair 0.0019 357 133 399 240
chair 0.0019 375 100 400 246
chair 0.0019 242 95 295 130
chair 0.0018 373 163 390 192
chair 0.0018 180 85 212 119
chair 0.0017 256 97 290 116
chair 0.0016 359 142 390 165
chair 0.0016 222 141 258 209
chair 0.0016 156 250 229 297
chair 0.0015 378 173 398 211
chair 0.0015 281 108 304 174
chair 0.0015 215 172 375 305
chair 0.0014 0 70 26 118
chair 0.0014 381 102 399 130
chair 0.0013 252 113 290 129
chair 0.0013 254 124 290 148
chair 0.0012 244 95 273 114
chair 0.0012 272 96 332 150
chair 0.0012 107 62 413 299
chair 0.0012 397 93 400 108
chair 0.0011 370 165 395 236
chair 0.0011 355 119 374 145
chair 0.0010 396 149 398 188
chair 0.0010 240 93 402 274
chair 0.0010 0 71 20 99
chair 0.0010 243 109 258 119
chair 0.0010 394 79 400 135
sofa 0.0129 378 133 399 217
sofa 0.0100 164 253 270 298
sofa 0.0027 353 109 397 202
sofa 0.0017 252 187 345 293
sofa 0.0011 391 133 399 173
sofa 0.0010 390 149 399 205
pottedplant 0.0010 0 80 44 176
pottedplant 0.0010 382 110 400 204
diningtable 0.2395 266 194 376 298
diningtable 0.1476 299 222 393 301
diningtable 0.0227 377 151 400 224
diningtable 0.0090 395 130 399 145
diningtable 0.0064 285 168 406 309
diningtable 0.0059 394 138 398 152
diningtable 0.0044 326 184 399 289
diningtable 0.0042 242 230 348 298
diningtable 0.0036 391 125 399 167
diningtable 0.0033 378 173 398 261
diningtable 0.0032 382 110 400 204
diningtable 0.0030 267 92 336 135
diningtable 0.0022 390 100 398 146
diningtable 0.0022 260 88 383 156
diningtable 0.0017 299 93 357 135
diningtable 0.0017 286 257 349 301
diningtable 0.0015 397 118 399 144
diningtable 0.0014 317 102 372 151
diningtable 0.0013 358 140 399 297
diningtable 0.0012 354 93 400 135
diningtable 0.0012 396 109 398 137
diningtable 0.0011 382 110 399 147
diningtable 0.0010 277 87 379 108
diningtable 0.0010 370 165 395 236
tvmonitor 0.9194 43 106 128 165
tvmonitor 0.9088 365 64 397 93
tvmonitor 0.8884 179 79 229 120
tvmonitor 0.8867 226 76 254 109
tvmonitor 0.8846 310 63 339 88
tvmonitor 0.8796 129 92 184 134
tvmonitor 0.8584 166 57 190 78
tvmonitor 0.7558 255 60 286 88
tvmonitor 0.5507 151 2 188 33
tvmonitor 0.5019 209 60 240 81
tvmonitor 0.2530 212 84 230 115
tvmonitor 0.1819 128 72 160 96
tvmonitor 0.1556 151 90 198 133
tvmonitor 0.0788 181 88 212 121
tvmonitor 0.0537 198 77 247 118
tvmonitor 0.0497 163 96 183 131
tvmonitor 0.0456 124 132 190 162
tvmonitor 0.0408 147 71 163 94
tvmonitor 0.0394 151 1 169 29
tvmonitor 0.0369 85 69 120 95
tvmonitor 0.0354 186 72 217 82
tvmonitor 0.0342 37 71 79 102
tvmonitor 0.0273 176 74 215 92
tvmonitor 0.0264 393 58 399 109
tvmonitor 0.0163 181 114 236 145
tvmonitor 0.0158 169 59 186 75
tvmonitor 0.0120 377 151 400 224
tvmonitor 0.0116 106 94 160 134
tvmonitor 0.0098 134 57 150 70
tvmonitor 0.0096 125 66 171 100
tvmonitor 0.0090 14 12 51 85
tvmonitor 0.0082 377 52 398 106
tvmonitor 0.0071 80 108 124 157
tvmonitor 0.0066 298 61 340 97
tvmonitor 0.0062 130 57 156 77
tvmonitor 0.0058 116 81 216 152
tvmonitor 0.0045 397 54 398 99
tvmonitor 0.0044 241 78 254 105
tvmonitor 0.0038 246 82 253 100
tvmonitor 0.0036 121 99 150 133
tvmonitor 0.0029 112 68 130 88
tvmonitor 0.0028 192 60 231 80
tvmonitor 0.0025 164 50 216 84
tvmonitor 0.0025 165 59 184 89
tvmonitor 0.0025 131 17 155 75
tvmonitor 0.0024 213 64 258 106
tvmonitor 0.0023 147 3 175 64
tvmonitor 0.0022 0 199 38 297
tvmonitor 0.0017 211 63 230 76
tvmonitor 0.0017 225 107 259 126
tvmonitor 0.0016 397 83 399 103
tvmonitor 0.0016 223 81 258 131
tvmonitor 0.0016 208 61 239 104
tvmonitor 0.0016 40 159 127 193
tvmonitor 0.0016 397 93 400 108
tvmonitor 0.0015 204 83 237 127
tvmonitor 0.0015 116 68 132 99
tvmonitor 0.0014 166 82 178 90
tvmonitor 0.0014 175 73 236 146
tvmonitor 0.0013 253 94 272 110
tvmonitor 0.0013 204 79 232 109
tvmonitor 0.0013 133 29 146 58
tvmonitor 0.0013 379 64 399 91
tvmonitor 0.0012 127 74 145 96
tvmonitor 0.0011 120 17 145 78
tvmonitor 0.0010 176 59 215 80
tvmonitor 0.0010 103 65 235 129
tvmonitor 0.0010 84 67 142 100
