person 0.9958 307 118 370 321
person 0.9121 72 200 143 305
person 0.5901 255 124 297 184
person 0.0762 73 157 170 312
person 0.0410 355 153 385 245
person 0.0335 0 186 16 362
person 0.0283 241 129 313 271
person 0.0247 340 134 362 169
person 0.0224 334 125 370 193
person 0.0185 358 157 380 192
person 0.0143 329 126 382 278
person 0.0130 346 152 375 242
person 0.0128 263 130 395 313
person 0.0100 233 122 292 171
person 0.0098 228 126 295 232
person 0.0096 270 122 294 167
person 0.0087 256 122 291 151
person 0.0077 273 127 309 182
person 0.0074 0 113 26 395
person 0.0068 347 149 392 280
person 0.0064 154 139 249 304
person 0.0064 220 134 263 214
person 0.0059 225 132 261 182
person 0.0050 289 160 346 308
person 0.0044 321 175 383 325
person 0.0040 1 90 12 343
person 0.0038 0 280 18 377
person 0.0037 345 138 351 146
person 0.0032 246 127 287 160
person 0.0025 261 131 287 174
person 0.0023 278 123 303 168
person 0.0022 0 196 5 322
person 0.0020 302 167 333 268
person 0.0020 0 144 52 366
person 0.0019 0 284 10 370
person 0.0017 240 137 286 213
person 0.0015 294 146 314 179
person 0.0013 86 136 191 250
person 0.0012 324 117 362 174
person 0.0011 341 175 371 290
person 0.0010 0 239 6 376
bicycle 0.0270 0 244 18 378
bicycle 0.0111 150 189 254 310
bicycle 0.0055 254 172 398 286
bicycle 0.0015 0 217 52 368
bicycle 0.0015 224 159 339 285
bicycle 0.0014 0 162 15 350
bicycle 0.0014 311 198 394 272
bicycle 0.0013 303 174 376 327
bicycle 0.0013 357 199 394 272
bicycle 0.0010 64 199 153 305
bicycle 0.0010 78 138 174 299
car 0.0217 0 244 18 378
car 0.0032 254 172 398 286
car 0.0020 0 162 15 350
car 0.0014 154 139 249 304
car 0.0011 224 159 339 285
motorbike 0.9906 142 151 260 313
motorbike 0.7759 234 146 319 287
motorbike 0.2790 254 172 398 286
motorbike 0.1783 73 157 170 312
motorbike 0.0855 321 137 380 326
motorbike 0.0843 357 199 394 272
motorbike 0.0319 311 198 394 272
motorbike 0.0296 0 215 18 371
motorbike 0.0272 107 148 179 282
motorbike 0.0206 347 149 392 280
motorbike 0.0200 241 180 314 250
motorbike 0.0186 301 201 335 279
motorbike 0.0154 194 146 312 241
motorbike 0.0133 122 184 168 251
motorbike 0.0081 158 141 260 239
motorbike 0.0055 119 139 230 243
motorbike 0.0049 -1 172 51 373
motorbike 0.0048 111 143 180 188
motorbike 0.0045 170 142 233 187
motorbike 0.0034 289 160 346 308
motorbike 0.0034 198 143 380 301
motorbike 0.0025 72 200 143 305
motorbike 0.0024 280 189 317 280
motorbike 0.0020 229 194 301 274
motorbike 0.0020 255 154 299 237
motorbike 0.0020 223 165 302 230
motorbike 0.0018 290 218 384 280
motorbike 0.0017 208 142 271 293
motorbike 0.0016 0 152 27 392
motorbike 0.0016 6 236 45 311
motorbike 0.0014 0 126 13 345
motorbike 0.0010 243 217 312 279
motorbike 0.0010 355 153 385 245
dog 0.0082 225 132 261 182
dog 0.0066 70 179 148 302
dog 0.0031 111 143 180 188
dog 0.0028 229 128 292 183
dog 0.0027 170 142 233 187
dog 0.0012 0 295 11 378
horse 0.0127 0 244 18 378
horse 0.0022 0 162 15 350
horse 0.0017 0 113 26 395
horse 0.0017 64 199 153 305
horse 0.0013 150 189 254 310
horse 0.0010 0 295 11 378
cow 0.0011 0 244 18 378
