person 0.9990 21 75 409 374
person 0.9917 269 78 449 357
person 0.9521 447 119 500 350
person 0.8820 -4 87 148 363
person 0.8188 156 81 346 365
person 0.6361 202 67 275 174
person 0.1430 252 66 315 179
person 0.1279 140 84 217 196
person 0.1072 2 100 64 174
person 0.0551 47 143 299 367
person 0.0463 189 79 307 191
person 0.0264 441 57 497 263
person 0.0248 0 146 32 215
person 0.0243 202 32 276 285
person 0.0243 133 37 169 95
person 0.0208 222 84 350 203
person 0.0183 217 129 265 336
person 0.0161 0 155 56 207
person 0.0147 269 66 311 143
person 0.0137 116 50 174 100
person 0.0130 134 90 205 150
person 0.0126 242 61 320 256
person 0.0114 227 115 285 316
person 0.0103 403 130 434 155
person 0.0084 243 73 277 163
person 0.0082 436 115 473 201
person 0.0077 407 116 432 150
person 0.0075 14 20 167 113
person 0.0075 225 119 351 250
person 0.0071 199 100 219 148
person 0.0069 196 121 252 345
person 0.0067 79 79 268 305
person 0.0062 451 110 490 205
person 0.0062 202 78 236 160
person 0.0059 2 96 28 181
person 0.0059 399 109 432 141
person 0.0055 0 93 60 260
person 0.0055 420 136 433 150
person 0.0054 416 127 436 158
person 0.0052 114 75 236 166
person 0.0052 252 126 306 304
person 0.0052 188 65 381 243
person 0.0051 468 167 500 375
person 0.0049 147 19 494 366
person 0.0042 223 212 301 374
person 0.0041 2 115 47 196
person 0.0038 480 158 498 350
person 0.0032 121 60 161 93
person 0.0029 474 91 498 185
person 0.0029 386 87 496 209
person 0.0028 46 101 81 173
person 0.0027 140 51 177 82
person 0.0026 399 82 500 368
person 0.0025 0 112 7 175
person 0.0025 409 136 429 149
person 0.0024 85 37 172 93
person 0.0024 150 119 274 248
person 0.0022 421 128 433 141
person 0.0021 0 75 30 357
person 0.0021 0 146 61 359
person 0.0020 0 135 19 295
person 0.0020 467 30 500 326
person 0.0020 159 71 238 209
person 0.0020 237 68 408 164
person 0.0018 415 121 453 193
person 0.0018 41 137 63 172
person 0.0017 193 83 220 152
person 0.0015 209 104 219 120
person 0.0015 146 230 272 363
person 0.0015 0 157 11 208
person 0.0014 229 159 255 302
person 0.0014 0 111 2 158
person 0.0014 380 110 440 164
person 0.0012 154 95 204 179
person 0.0012 130 77 197 132
person 0.0012 479 96 497 259
person 0.0011 140 98 221 294
person 0.0010 182 154 318 285
person 0.0010 234 153 410 364
person 0.0010 206 110 223 155
person 0.0010 206 94 221 138
train 0.0012 61 32 435 359
bottle 0.9718 60 196 90 302
bottle 0.7910 262 218 298 285
bottle 0.7736 212 293 242 362
bottle 0.5967 232 137 253 183
bottle 0.4909 388 70 412 144
bottle 0.2350 216 291 234 326
bottle 0.2226 396 81 424 147
bottle 0.1677 220 286 256 347
bottle 0.0721 150 37 172 77
bottle 0.0448 395 109 416 141
bottle 0.0220 153 53 176 80
bottle 0.0194 141 35 172 90
bottle 0.0120 228 133 252 219
bottle 0.0081 408 109 430 141
bottle 0.0077 217 294 230 318
bottle 0.0068 57 262 89 294
bottle 0.0058 219 291 232 306
bottle 0.0050 158 59 176 76
bottle 0.0046 227 148 248 194
bottle 0.0045 222 312 242 361
bottle 0.0040 284 215 300 285
bottle 0.0040 22 284 62 342
bottle 0.0039 216 316 253 374
bottle 0.0030 268 237 293 283
bottle 0.0030 9 265 88 323
bottle 0.0029 153 39 166 58
bottle 0.0028 38 213 95 370
bottle 0.0028 223 212 301 374
bottle 0.0025 257 215 292 245
bottle 0.0025 214 297 224 318
bottle 0.0025 413 110 426 123
bottle 0.0022 395 76 415 119
bottle 0.0021 50 251 89 327
bottle 0.0019 232 289 258 328
bottle 0.0018 212 294 227 339
bottle 0.0017 367 69 394 141
bottle 0.0016 369 85 426 147
bottle 0.0015 271 193 311 284
bottle 0.0014 222 290 243 341
bottle 0.0013 251 164 304 305
bottle 0.0013 58 276 89 298
bottle 0.0012 211 297 243 332
bottle 0.0012 399 105 434 163
bottle 0.0011 63 279 86 292
bottle 0.0011 276 53 443 347
bottle 0.0011 235 277 271 349
bottle 0.0011 246 67 262 80
chair 0.0013 447 134 500 369
