person 0.9975 60 11 438 332
person 0.8896 -1 126 117 335
person 0.4937 166 108 281 219
person 0.1598 0 166 12 216
person 0.0887 0 145 14 286
person 0.0871 1 125 66 309
person 0.0417 185 106 263 178
person 0.0371 2 188 95 321
person 0.0249 0 181 19 320
person 0.0199 0 166 9 252
person 0.0165 198 122 278 191
person 0.0153 85 61 343 278
person 0.0087 218 108 262 170
person 0.0058 1 124 9 221
person 0.0041 184 137 262 211
person 0.0041 1 80 15 240
person 0.0033 0 124 27 344
person 0.0030 0 169 5 290
person 0.0027 1 169 5 212
person 0.0020 0 127 111 224
person 0.0019 34 158 452 326
person 0.0018 420 169 456 264
person 0.0017 225 111 265 140
person 0.0017 2 161 7 204
person 0.0016 1 177 4 223
person 0.0013 -9 253 437 324
person 0.0012 157 27 417 233
person 0.0011 1 175 22 224
person 0.0010 406 141 463 289
car 0.0028 27 19 416 319
motorbike 0.0070 60 59 434 327
bird 0.7303 183 105 263 213
bird 0.6371 277 252 393 303
bird 0.5426 1 167 119 321
bird 0.5292 352 212 403 287
bird 0.1723 287 224 413 321
bird 0.1091 25 67 413 323
bird 0.0697 4 215 92 326
bird 0.0440 198 122 278 191
bird 0.0090 54 245 443 324
bird 0.0060 243 125 283 186
bird 0.0050 23 195 108 273
bird 0.0036 184 140 223 212
bird 0.0034 315 210 400 304
bird 0.0027 21 233 109 307
bird 0.0026 71 187 106 238
bird 0.0017 4 227 175 330
bird 0.0016 1 115 175 319
bird 0.0014 37 215 459 292
bird 0.0013 215 110 293 173
bird 0.0012 117 148 310 248
bird 0.0012 195 138 247 210
cat 0.0018 183 105 263 213
cat 0.0016 1 167 119 321
cat 0.0010 198 122 278 191
dog 0.0104 1 167 119 321
dog 0.0038 183 105 263 213
dog 0.0023 198 122 278 191
horse 0.0012 2 188 95 321
bottle 0.0096 111 168 128 217
bottle 0.0012 107 163 135 233
bottle 0.0010 279 261 389 309
chair 0.0044 2 222 115 330
chair 0.0031 0 154 15 316
chair 0.0016 0 210 22 331
chair 0.0015 411 209 494 335
chair 0.0011 1 185 61 321
chair 0.0010 453 249 495 333
pottedplant 0.0066 341 7 476 315
pottedplant 0.0029 140 4 489 339
pottedplant 0.0022 347 67 461 188
