person 0.4644 81 115 125 151
person 0.1765 110 116 123 128
person 0.0783 82 117 124 187
person 0.0287 91 112 125 137
person 0.0157 106 113 127 135
person 0.0027 75 111 112 167
person 0.0024 132 165 167 190
person 0.0024 492 164 500 179
person 0.0022 82 125 103 157
person 0.0016 84 132 104 174
person 0.0014 468 148 500 208
person 0.0013 485 151 499 189
person 0.0011 130 64 143 80
bicycle 0.0136 10 147 60 180
bicycle 0.0083 84 140 104 184
bicycle 0.0013 82 117 124 187
bicycle 0.0011 10 125 55 188
bicycle 0.0011 216 145 329 200
car 0.9928 69 65 376 284
car 0.0198 101 109 335 206
car 0.0056 175 47 392 227
car 0.0050 468 148 500 208
car 0.0022 467 176 499 206
car 0.0012 82 189 277 284
motorbike 0.0018 468 148 500 208
motorbike 0.0014 84 140 104 184
bus 0.0252 75 58 374 222
train 0.0077 75 58 374 222
boat 0.0011 43 40 391 315
dog 0.0030 216 145 329 200
dog 0.0018 132 165 167 190
chair 0.0323 468 148 500 208
chair 0.0210 474 150 500 188
chair 0.0189 434 141 466 206
chair 0.0084 439 147 458 195
chair 0.0078 445 150 465 192
chair 0.0075 420 139 451 202
chair 0.0071 492 164 500 179
chair 0.0034 456 158 497 222
chair 0.0028 8 151 60 185
chair 0.0026 429 143 445 198
chair 0.0024 485 142 499 182
chair 0.0023 411 147 429 192
chair 0.0020 438 170 457 207
chair 0.0019 493 147 498 179
chair 0.0018 467 176 499 206
chair 0.0017 494 169 499 190
chair 0.0016 468 152 486 186
chair 0.0014 455 120 493 197
chair 0.0014 489 154 500 206
chair 0.0010 447 163 461 176
chair 0.0010 81 123 121 155
diningtable 0.0038 475 146 500 181
diningtable 0.0010 434 141 466 206
diningtable 0.0010 492 164 500 179
