person 0.0095 397 40 438 109
person 0.0047 325 68 360 118
person 0.0041 284 49 300 84
person 0.0015 287 54 296 79
person 0.0012 349 76 369 116
person 0.0010 341 70 362 103
car 0.0043 63 141 500 369
bird 0.0011 349 76 369 116
cat 0.0015 394 35 441 103
dog 0.0010 328 72 352 119
chair 0.6598 184 201 476 376
chair 0.0077 151 145 495 331
chair 0.0071 440 171 478 212
chair 0.0060 1 148 90 198
chair 0.0033 -3 154 186 367
chair 0.0033 0 188 92 249
chair 0.0017 310 154 481 234
chair 0.0013 0 189 8 252
chair 0.0012 311 152 437 208
sofa 0.9211 39 137 473 367
sofa 0.3269 184 201 476 376
sofa 0.0688 -3 154 186 367
sofa 0.0262 79 143 423 232
sofa 0.0024 310 154 481 234
sofa 0.0017 1 186 102 271
sofa 0.0013 102 157 404 278
sofa 0.0012 191 178 464 275
sofa 0.0012 231 144 498 317
pottedplant 0.0052 1 186 102 271
diningtable 0.1780 8 239 176 362
diningtable 0.0010 6 215 121 298
tvmonitor 0.0269 0 188 92 249
