person 0.9954 3 2 135 335
person 0.9536 359 1 424 72
person 0.9496 314 2 365 53
person 0.7744 115 0 239 89
person 0.6150 433 1 471 57
person 0.0994 142 1 226 57
person 0.0783 113 24 246 137
person 0.0551 63 54 226 270
person 0.0472 174 27 500 325
person 0.0417 449 0 487 55
person 0.0188 326 1 462 82
person 0.0157 453 2 477 45
person 0.0128 419 2 457 68
person 0.0067 434 3 499 66
person 0.0066 1 2 47 349
person 0.0050 478 -5 500 83
person 0.0047 429 4 449 47
person 0.0045 432 2 456 36
person 0.0045 477 31 500 127
person 0.0035 208 13 365 90
person 0.0029 103 8 185 69
person 0.0027 100 62 239 206
person 0.0027 118 1 129 16
person 0.0024 -11 -8 281 340
person 0.0023 487 10 498 302
person 0.0022 410 38 492 84
person 0.0020 474 12 498 336
person 0.0019 488 1 499 48
person 0.0018 8 3 127 104
person 0.0016 491 -8 499 79
person 0.0016 474 0 498 46
person 0.0016 354 0 370 50
person 0.0014 36 12 150 156
person 0.0014 442 0 498 117
person 0.0013 423 5 437 47
person 0.0013 70 24 201 140
person 0.0013 482 38 499 197
person 0.0013 105 5 144 74
person 0.0012 183 6 227 64
person 0.0012 371 2 503 86
person 0.0012 379 34 500 146
person 0.0012 454 23 499 95
person 0.0012 44 1 229 176
person 0.0011 207 43 365 123
person 0.0011 275 33 458 133
person 0.0010 495 -1 499 34
person 0.0010 455 1 498 37
bicycle 0.0025 212 147 502 328
car 0.0012 212 147 502 328
cat 0.0011 174 27 500 325
dog 0.0421 63 54 226 270
dog 0.0144 168 55 506 333
dog 0.0082 181 55 255 109
dog 0.0012 112 73 209 243
horse 0.0114 174 27 500 325
horse 0.0016 89 59 241 258
sheep 0.8977 89 59 241 258
sheep 0.7975 195 58 489 329
sheep 0.0116 192 111 237 171
sheep 0.0099 139 71 226 241
sheep 0.0020 150 180 216 238
sheep 0.0018 -11 -8 281 340
sheep 0.0018 113 24 246 137
sheep 0.0016 146 60 264 183
sheep 0.0015 185 63 255 122
sheep 0.0010 158 54 246 106
sheep 0.0010 246 186 476 301
cow 0.3741 207 46 503 341
cow 0.0049 479 38 499 156
cow 0.0028 485 25 499 248
cow 0.0017 408 49 499 102
cow 0.0016 63 54 226 270
cow 0.0012 473 0 499 276
cow 0.0012 444 18 498 177
cow 0.0011 454 40 501 115
cow 0.0010 491 62 500 124
bottle 0.3376 71 43 135 151
bottle 0.0224 105 5 144 74
bottle 0.0153 70 85 114 152
bottle 0.0070 107 42 131 81
bottle 0.0012 50 65 87 134
chair 0.0585 427 1 481 55
chair 0.0216 474 0 498 46
chair 0.0185 488 1 499 48
chair 0.0045 495 -1 499 34
chair 0.0037 115 0 239 89
chair 0.0027 429 4 449 47
chair 0.0026 423 5 437 47
chair 0.0021 421 3 457 55
chair 0.0020 464 2 487 44
chair 0.0017 453 2 477 45
chair 0.0017 448 0 488 70
chair 0.0016 478 -5 500 83
chair 0.0014 212 147 502 328
chair 0.0014 314 1 387 55
chair 0.0012 491 -8 499 79
chair 0.0012 411 44 464 71
chair 0.0011 455 1 498 37
sofa 0.0014 3 -1 135 276
diningtable 0.0046 212 147 502 328
diningtable 0.0023 195 50 486 298
