person 0.0413 483 136 500 169
person 0.0215 485 137 498 155
person 0.0161 8 127 26 144
person 0.0101 479 131 498 160
person 0.0083 4 126 28 158
person 0.0050 -22 60 479 372
person 0.0048 487 142 498 161
person 0.0036 0 121 4 146
person 0.0027 478 111 499 204
person 0.0026 487 112 499 159
person 0.0025 0 62 109 371
person 0.0018 1 110 24 205
person 0.0018 483 143 495 158
person 0.0015 496 120 499 149
person 0.0015 0 255 3 283
person 0.0014 484 127 499 304
person 0.0011 34 241 46 260
person 0.0011 0 241 3 278
person 0.0011 480 139 498 184
person 0.0010 488 134 499 210
bicycle 0.0022 486 255 499 303
bicycle 0.0011 477 260 500 299
car 0.1901 8 50 484 380
car 0.0124 0 62 109 371
car 0.0062 412 107 502 320
car 0.0048 484 127 499 304
car 0.0035 2 79 97 236
car 0.0016 384 98 504 207
car 0.0015 8 -9 474 245
car 0.0013 435 89 499 230
motorbike 0.0146 8 15 484 295
motorbike 0.0023 0 62 109 371
motorbike 0.0012 386 69 503 364
aeroplane 0.0780 8 15 484 295
bus 0.0210 8 50 484 380
bus 0.0133 0 57 109 326
bus 0.0039 0 85 114 213
bus 0.0033 414 114 501 281
train 0.0033 2 79 97 236
train 0.0011 0 62 109 371
train 0.0011 14 35 482 353
boat 0.0163 8 15 484 295
boat 0.0017 2 79 97 236
horse 0.0012 0 62 109 371
