person 0.9893 154 216 280 365
person 0.0104 188 200 358 380
person 0.0040 149 218 255 304
person 0.0015 209 213 255 250
person 0.0011 190 243 367 480
bird 0.2702 92 283 122 339
bird 0.0189 106 287 117 300
cat 0.0033 92 283 122 339
dog 0.0010 92 283 122 339
bottle 0.0012 92 283 122 339
chair 0.0512 217 231 365 361
chair 0.0433 210 298 379 499
chair 0.0024 237 193 361 325
chair 0.0019 159 220 246 363
chair 0.0012 215 234 298 293
pottedplant 0.0169 12 -1 192 183
pottedplant 0.0147 225 27 372 312
pottedplant 0.0083 237 193 361 325
pottedplant 0.0055 288 180 376 303
pottedplant 0.0034 238 117 305 252
pottedplant 0.0026 230 0 366 101
pottedplant 0.0020 211 204 371 384
pottedplant 0.0014 283 52 374 234
pottedplant 0.0012 4 6 156 327
pottedplant 0.0012 68 3 230 108
pottedplant 0.0012 237 21 362 167
pottedplant 0.0011 242 107 363 234
