person 0.0140 12 17 116 94
person 0.0093 0 -2 24 82
person 0.0025 0 0 16 31
person 0.0013 54 277 115 331
person 0.0012 0 20 24 135
person 0.0011 1 -52 30 174
car 0.0037 0 7 25 110
bird 0.9935 26 193 77 279
bird 0.8261 463 129 500 231
bird 0.2483 54 277 115 331
bird 0.0127 27 152 94 280
bird 0.0039 3 144 120 249
bird 0.0033 32 149 103 208
bird 0.0017 0 0 16 31
bird 0.0016 12 17 116 94
bird 0.0016 7 154 93 226
bird 0.0015 96 12 235 114
bird 0.0012 237 29 253 61
bird 0.0011 92 97 273 286
bird 0.0010 0 89 132 227
cat 0.2720 453 124 502 233
cat 0.2479 254 108 393 302
cat 0.0447 99 33 236 129
cat 0.0198 13 15 118 77
cat 0.0064 32 149 103 208
cat 0.0063 54 277 115 331
cat 0.0037 0 69 126 202
cat 0.0027 108 98 291 289
cat 0.0022 38 13 236 100
cat 0.0017 468 118 500 202
cat 0.0015 318 111 388 284
cat 0.0011 2 106 96 241
dog 0.7426 99 33 236 129
dog 0.6998 92 97 273 286
dog 0.4858 0 89 132 227
dog 0.0656 12 17 116 94
dog 0.0406 32 149 103 208
dog 0.0134 -4 31 194 233
dog 0.0122 453 124 502 233
dog 0.0091 38 13 236 100
dog 0.0071 254 108 393 302
dog 0.0061 0 47 56 226
dog 0.0036 0 35 118 130
dog 0.0020 -26 19 307 311
dog 0.0017 9 11 249 168
dog 0.0017 0 39 20 195
dog 0.0014 279 107 321 141
dog 0.0010 239 86 318 153
horse 0.0056 12 17 116 94
horse 0.0025 108 98 291 289
horse 0.0010 96 12 235 114
sheep 0.8884 13 15 118 77
sheep 0.6499 254 108 393 302
sheep 0.6250 92 97 273 286
sheep 0.3912 0 89 132 227
sheep 0.1621 99 33 236 129
sheep 0.0665 465 136 500 236
sheep 0.0446 32 149 103 208
sheep 0.0271 279 113 320 145
sheep 0.0269 0 47 56 226
sheep 0.0137 0 20 24 135
sheep 0.0120 266 93 323 148
sheep 0.0091 243 105 316 159
sheep 0.0085 0 -1 21 33
sheep 0.0081 0 -2 24 82
sheep 0.0077 140 101 357 291
sheep 0.0056 0 39 20 195
sheep 0.0049 0 5 31 232
sheep 0.0044 1 57 43 134
sheep 0.0042 4 5 133 45
sheep 0.0036 0 23 23 65
sheep 0.0032 38 13 236 100
sheep 0.0032 0 0 53 157
sheep 0.0027 2 18 44 99
sheep 0.0025 0 6 14 63
sheep 0.0023 0 35 118 130
sheep 0.0016 3 144 120 249
sheep 0.0016 229 87 293 152
sheep 0.0015 0 2 12 27
sheep 0.0015 28 67 463 332
sheep 0.0015 18 155 82 278
sheep 0.0013 240 101 281 161
sheep 0.0013 2 16 91 183
sheep 0.0012 -2 49 58 111
sheep 0.0012 1 106 22 240
sheep 0.0012 -4 31 194 233
sheep 0.0011 316 119 385 295
sheep 0.0011 267 98 300 123
sheep 0.0010 135 105 230 279
cow 0.0191 92 97 273 286
cow 0.0074 1 80 97 231
cow 0.0070 32 149 103 208
cow 0.0030 0 47 56 226
cow 0.0021 13 15 118 77
cow 0.0012 99 33 236 129
bottle 0.0032 54 277 115 331
chair 0.0061 25 154 108 220
chair 0.0032 1 80 97 231
chair 0.0029 -4 31 194 233
chair 0.0020 79 75 278 282
chair 0.0016 216 35 344 148
chair 0.0013 14 102 152 222
chair 0.0013 254 108 393 302
chair 0.0012 18 155 82 278
sofa 0.0014 99 33 236 129
diningtable 0.0026 226 54 333 95
diningtable 0.0015 216 35 344 148
