person 0.9100 393 176 416 259
person 0.0799 494 179 499 263
person 0.0455 381 195 415 269
person 0.0247 495 196 499 229
person 0.0246 169 155 186 165
person 0.0177 341 171 358 182
person 0.0167 492 191 498 211
person 0.0158 361 205 381 239
person 0.0149 497 198 499 239
person 0.0109 61 186 69 196
person 0.0050 370 181 390 222
person 0.0049 498 193 499 265
person 0.0043 63 186 80 196
person 0.0042 491 182 500 225
person 0.0038 364 218 378 238
person 0.0036 359 199 368 222
person 0.0035 396 183 416 222
person 0.0032 200 156 214 164
person 0.0030 358 209 395 269
person 0.0029 494 186 498 203
person 0.0025 365 213 378 232
person 0.0022 486 175 500 292
person 0.0019 339 177 369 254
person 0.0018 209 92 227 154
person 0.0018 361 186 395 249
person 0.0015 208 122 227 162
person 0.0014 205 156 225 164
person 0.0014 344 203 374 267
person 0.0014 393 185 406 238
person 0.0013 356 200 371 242
person 0.0013 163 155 179 166
person 0.0011 362 202 373 221
person 0.0011 176 157 191 164
person 0.0011 492 212 500 285
person 0.0010 139 143 305 171
person 0.0010 167 132 210 154
person 0.0010 342 243 494 373
bicycle 0.0467 355 221 396 289
bicycle 0.0169 345 213 404 329
bicycle 0.0070 369 220 409 285
bicycle 0.0047 381 195 415 269
bicycle 0.0038 341 229 377 318
bicycle 0.0034 356 239 401 277
bicycle 0.0025 61 68 503 369
bicycle 0.0024 352 211 407 267
bicycle 0.0024 351 252 393 327
bicycle 0.0021 399 219 414 258
bicycle 0.0020 381 241 402 274
bicycle 0.0016 330 225 391 360
bicycle 0.0012 358 240 421 303
car 0.0939 342 243 494 373
car 0.0842 60 186 101 196
car 0.0561 67 118 366 333
car 0.0203 492 184 499 239
car 0.0175 495 196 499 229
car 0.0079 63 186 80 196
car 0.0067 61 68 503 369
car 0.0064 55 216 517 376
car 0.0043 89 191 114 196
car 0.0039 80 190 100 196
car 0.0033 492 191 498 211
car 0.0033 497 198 499 239
car 0.0023 70 188 129 197
car 0.0021 494 190 500 269
car 0.0017 365 204 498 338
car 0.0015 96 189 121 195
motorbike 0.0070 61 68 503 369
motorbike 0.0045 336 163 494 381
motorbike 0.0031 55 216 517 376
motorbike 0.0028 495 196 499 229
motorbike 0.0026 494 179 499 263
motorbike 0.0022 355 221 396 289
motorbike 0.0017 381 195 415 269
motorbike 0.0013 497 198 499 239
motorbike 0.0011 361 205 381 239
aeroplane 0.0013 50 21 439 364
bus 0.0541 51 24 395 362
bus 0.0022 78 158 360 359
boat 0.6538 51 24 395 362
boat 0.0091 78 158 360 359
boat 0.0018 75 52 365 247
horse 0.0011 369 220 409 285
horse 0.0011 345 213 404 329
horse 0.0010 494 179 499 263
chair 0.0053 381 195 415 269
chair 0.0019 369 220 409 285
pottedplant 0.0018 58 10 505 369
pottedplant 0.0014 370 181 390 222
