person 0.0771 0 158 29 235
person 0.0271 0 159 35 355
person 0.0209 0 150 8 198
person 0.0134 0 159 4 187
person 0.0045 0 158 9 225
person 0.0036 0 154 3 175
person 0.0027 0 120 6 207
person 0.0025 0 173 27 298
person 0.0013 0 62 30 297
person 0.0012 0 168 5 194
person 0.0011 0 106 22 213
bottle 0.9899 260 253 288 341
bottle 0.9660 69 163 80 197
bottle 0.8580 299 322 318 375
bottle 0.7115 273 316 292 376
bottle 0.0881 334 334 360 374
bottle 0.0567 215 145 221 160
bottle 0.0503 287 319 303 375
bottle 0.0452 95 178 104 192
bottle 0.0345 249 146 254 162
bottle 0.0207 264 288 290 378
bottle 0.0185 91 182 97 197
bottle 0.0101 213 339 226 364
bottle 0.0082 103 177 113 191
bottle 0.0067 226 149 237 160
bottle 0.0056 443 149 454 162
bottle 0.0055 94 182 101 196
bottle 0.0054 254 251 299 372
bottle 0.0051 293 320 311 354
bottle 0.0044 285 351 297 374
bottle 0.0043 266 318 284 373
bottle 0.0038 169 162 404 234
bottle 0.0035 296 325 307 346
bottle 0.0029 69 180 79 199
bottle 0.0027 374 149 382 159
bottle 0.0026 291 303 314 373
bottle 0.0021 230 312 272 375
bottle 0.0018 254 324 339 375
bottle 0.0017 440 160 455 167
bottle 0.0016 295 346 314 377
bottle 0.0015 363 150 376 160
bottle 0.0015 68 170 81 208
bottle 0.0012 492 157 499 169
bottle 0.0011 279 314 290 333
bottle 0.0011 262 256 286 303
bottle 0.0011 283 339 322 370
bottle 0.0010 359 150 366 160
bottle 0.0010 303 323 316 348
bottle 0.0010 345 155 357 165
chair 0.9980 135 267 227 328
chair 0.9929 389 282 492 372
chair 0.9880 279 232 390 319
chair 0.9091 89 184 152 283
chair 0.8658 0 188 36 360
chair 0.6880 19 180 83 290
chair 0.5500 127 173 159 260
chair 0.3393 110 163 132 186
chair 0.0877 31 214 76 286
chair 0.0764 0 161 59 313
chair 0.0759 112 178 131 189
chair 0.0735 472 289 499 372
chair 0.0688 4 166 42 231
chair 0.0671 38 166 48 183
chair 0.0535 2 169 45 199
chair 0.0489 103 170 136 191
chair 0.0431 103 177 113 191
chair 0.0359 106 176 146 261
chair 0.0271 451 197 494 272
chair 0.0270 142 194 157 264
chair 0.0241 358 202 394 261
chair 0.0227 279 207 348 255
chair 0.0205 133 167 149 182
chair 0.0204 443 177 499 298
chair 0.0202 0 159 4 187
chair 0.0196 474 228 498 359
chair 0.0185 0 168 5 194
chair 0.0163 266 235 442 347
chair 0.0160 134 170 157 197
chair 0.0156 0 156 9 207
chair 0.0139 478 316 499 375
chair 0.0132 138 178 156 225
chair 0.0128 28 169 64 233
chair 0.0114 450 207 482 235
chair 0.0113 0 165 28 266
chair 0.0111 90 183 130 253
chair 0.0106 9 180 42 291
chair 0.0101 477 186 497 322
chair 0.0100 7 170 80 232
chair 0.0094 77 174 124 193
chair 0.0091 132 171 145 189
chair 0.0091 2 186 26 220
chair 0.0090 317 208 396 257
chair 0.0081 95 178 104 192
chair 0.0078 492 188 499 271
chair 0.0078 487 304 498 369
chair 0.0073 341 205 448 258
chair 0.0071 37 165 51 198
chair 0.0067 313 199 335 241
chair 0.0064 120 174 134 190
chair 0.0064 43 183 89 255
chair 0.0064 451 217 498 366
chair 0.0061 63 196 99 277
chair 0.0057 105 263 306 347
chair 0.0055 144 174 167 258
chair 0.0051 87 270 428 365
chair 0.0040 40 185 161 276
chair 0.0040 14 194 32 228
chair 0.0037 478 348 499 378
chair 0.0036 107 170 170 233
chair 0.0034 93 161 132 186
chair 0.0033 116 184 125 192
chair 0.0033 40 169 50 189
chair 0.0032 395 187 432 249
chair 0.0031 26 241 43 295
chair 0.0031 2 167 24 199
chair 0.0030 3 166 41 184
chair 0.0030 90 180 97 192
chair 0.0030 362 199 384 244
chair 0.0029 298 202 334 259
chair 0.0029 9 168 35 177
chair 0.0028 71 165 111 186
chair 0.0028 90 296 259 364
chair 0.0026 16 195 30 212
chair 0.0025 25 190 39 234
chair 0.0025 493 261 498 373
chair 0.0025 354 190 436 246
chair 0.0024 288 308 385 359
chair 0.0024 404 201 426 243
chair 0.0023 0 154 3 175
chair 0.0023 133 193 148 268
chair 0.0023 32 191 53 232
chair 0.0021 0 137 24 225
chair 0.0020 0 173 34 209
chair 0.0020 46 172 54 189
chair 0.0020 405 203 498 350
chair 0.0020 1 172 4 209
chair 0.0020 336 205 375 259
chair 0.0018 134 162 156 187
chair 0.0018 104 170 115 179
chair 0.0017 45 167 54 184
chair 0.0017 6 194 25 210
chair 0.0015 278 217 325 247
chair 0.0015 483 153 499 281
chair 0.0015 198 190 214 229
chair 0.0014 11 186 32 218
chair 0.0014 231 183 423 263
chair 0.0014 491 341 498 369
chair 0.0013 150 181 162 260
chair 0.0013 62 225 84 276
sofa 0.0133 0 159 35 355
sofa 0.0066 0 158 29 235
sofa 0.0056 2 169 45 199
sofa 0.0010 117 261 233 341
sofa 0.0010 0 161 59 313
sofa 0.0010 0 173 27 298
pottedplant 0.0130 358 146 383 168
pottedplant 0.0021 494 146 499 166
pottedplant 0.0015 363 150 376 160
pottedplant 0.0013 491 131 500 175
diningtable 0.9738 88 299 438 363
diningtable 0.6078 40 185 161 276
diningtable 0.2368 278 223 441 315
diningtable 0.2038 48 182 157 218
diningtable 0.1880 47 193 100 211
diningtable 0.1536 32 187 90 284
diningtable 0.0564 89 193 153 274
diningtable 0.0219 267 243 399 333
diningtable 0.0208 92 184 162 244
diningtable 0.0194 47 186 134 237
diningtable 0.0172 77 185 142 199
diningtable 0.0149 49 197 95 220
diningtable 0.0143 0 173 27 298
diningtable 0.0127 63 196 99 277
diningtable 0.0111 130 191 157 269
diningtable 0.0108 59 189 140 212
diningtable 0.0104 341 205 448 258
diningtable 0.0097 92 244 427 370
diningtable 0.0097 0 192 31 225
diningtable 0.0089 0 159 35 355
diningtable 0.0071 45 215 84 283
diningtable 0.0067 305 188 485 268
diningtable 0.0057 3 234 39 352
diningtable 0.0056 472 289 499 372
diningtable 0.0046 31 178 108 221
diningtable 0.0040 90 296 259 364
diningtable 0.0038 96 183 161 200
diningtable 0.0035 25 165 174 235
diningtable 0.0035 255 300 460 366
diningtable 0.0034 91 175 131 192
diningtable 0.0033 -4 171 196 350
diningtable 0.0031 115 156 222 164
diningtable 0.0030 117 261 233 341
diningtable 0.0028 40 188 94 242
diningtable 0.0028 53 210 92 231
diningtable 0.0026 84 153 281 172
diningtable 0.0024 40 186 106 204
diningtable 0.0024 109 153 209 161
diningtable 0.0024 317 208 396 257
diningtable 0.0022 274 197 510 347
diningtable 0.0022 354 190 436 246
diningtable 0.0021 58 182 125 203
diningtable 0.0020 107 161 396 235
diningtable 0.0018 103 177 113 191
diningtable 0.0017 103 170 136 191
diningtable 0.0017 288 308 385 359
diningtable 0.0017 70 195 93 206
diningtable 0.0017 138 178 156 225
diningtable 0.0015 50 166 155 200
diningtable 0.0015 6 194 25 210
diningtable 0.0014 55 168 289 259
diningtable 0.0014 231 183 423 263
diningtable 0.0013 308 230 440 271
diningtable 0.0012 6 188 123 325
diningtable 0.0012 112 178 131 189
diningtable 0.0010 223 315 285 373
diningtable 0.0010 1 164 9 237
diningtable 0.0010 372 223 501 313
