person 0.9993 67 123 179 253
person 0.0168 197 213 277 258
person 0.0112 135 202 158 234
person 0.0112 193 219 232 257
person 0.0089 439 190 468 221
person 0.0052 27 160 35 178
person 0.0052 165 212 237 262
person 0.0051 123 194 501 450
person 0.0032 251 210 289 244
person 0.0027 221 216 260 256
person 0.0026 356 228 378 256
person 0.0025 235 212 310 258
person 0.0023 139 201 150 210
person 0.0020 269 214 292 252
person 0.0019 306 218 327 254
person 0.0018 374 185 382 205
person 0.0016 209 227 251 258
person 0.0016 209 229 232 256
person 0.0015 231 228 268 259
person 0.0012 137 217 152 233
person 0.0011 21 149 37 188
car 0.9267 59 205 491 432
car 0.1355 328 198 382 246
car 0.0193 325 202 454 242
car 0.0088 1 141 35 160
car 0.0043 439 190 468 221
car 0.0032 316 183 485 259
car 0.0028 342 209 382 241
car 0.0022 148 197 417 250
car 0.0018 5 134 39 192
car 0.0015 451 192 489 221
car 0.0014 135 207 159 238
car 0.0012 486 207 492 220
car 0.0011 485 202 492 214
car 0.0011 472 207 489 220
car 0.0011 287 199 376 249
motorbike 0.0025 135 207 159 238
motorbike 0.0021 27 228 468 477
bus 0.0103 5 134 39 192
bus 0.0076 3 142 35 173
bus 0.0013 18 181 427 416
bus 0.0010 8 149 31 187
train 0.0032 5 134 39 192
train 0.0017 3 142 35 173
chair 0.0013 470 234 489 262
