person 0.0337 131 242 211 306
person 0.0178 2 243 223 492
person 0.0051 123 327 346 493
person 0.0028 276 52 340 115
person 0.0027 129 247 248 328
car 0.0482 137 124 370 316
car 0.0037 157 -7 373 283
car 0.0028 23 25 352 320
aeroplane 0.0081 143 39 371 314
aeroplane 0.0054 12 0 366 270
aeroplane 0.0012 159 -11 372 203
bus 0.0080 143 39 371 314
boat 0.0094 101 51 367 310
bird 0.0060 158 333 379 491
cat 0.0026 123 327 346 493
dog 0.1419 158 333 379 491
dog 0.0011 132 242 196 290
horse 0.0017 158 333 379 491
sheep 0.3766 158 333 379 491
sheep 0.0058 6 298 223 494
sheep 0.0025 64 317 315 491
sheep 0.0020 15 316 216 403
cow 0.0254 158 333 379 491
cow 0.0012 64 317 315 491
