person 0.5174 146 295 154 305
person 0.4578 87 290 95 303
person 0.4055 84 288 91 302
person 0.2912 105 293 112 307
person 0.2806 80 275 89 302
person 0.2419 88 294 97 305
person 0.1935 148 293 155 301
person 0.1850 111 290 119 301
person 0.1499 116 290 124 300
person 0.1106 173 296 186 304
person 0.0998 116 297 125 307
person 0.0978 107 287 121 307
person 0.0945 109 293 118 307
person 0.0885 155 298 161 305
person 0.0868 80 283 93 305
person 0.0719 159 298 167 305
person 0.0661 167 296 175 304
person 0.0657 78 288 84 304
person 0.0652 82 280 88 297
person 0.0646 96 294 104 305
person 0.0591 131 299 138 306
person 0.0543 102 286 114 307
person 0.0511 126 298 133 306
person 0.0468 175 291 184 301
person 0.0410 77 294 83 306
person 0.0404 84 294 91 305
person 0.0392 166 290 174 302
person 0.0384 178 297 189 303
person 0.0337 81 274 88 289
person 0.0293 140 298 148 306
person 0.0205 85 287 98 304
person 0.0203 125 291 132 300
person 0.0167 113 287 127 307
person 0.0109 171 286 186 303
person 0.0095 102 291 127 308
person 0.0095 76 282 85 306
person 0.0092 105 285 111 293
person 0.0076 132 292 139 300
person 0.0074 139 292 145 300
person 0.0048 79 281 84 296
person 0.0046 165 285 177 303
person 0.0036 161 282 167 292
person 0.0034 143 293 157 308
person 0.0034 107 287 135 307
person 0.0032 169 284 176 294
person 0.0031 109 287 119 295
person 0.0029 94 288 108 306
person 0.0023 178 292 188 302
person 0.0020 86 292 114 307
person 0.0020 173 284 181 294
person 0.0019 162 291 170 301
person 0.0018 92 280 201 307
person 0.0017 89 294 230 322
person 0.0016 88 283 94 295
person 0.0016 151 293 158 302
person 0.0015 158 286 186 304
person 0.0015 74 285 99 305
person 0.0015 53 285 265 328
person 0.0013 165 295 192 305
person 0.0012 121 286 135 306
person 0.0011 85 277 96 302
person 0.0011 113 294 145 307
person 0.0010 191 291 199 301
aeroplane 0.0041 77 12 264 318
boat 0.9421 60 25 260 326
boat 0.0186 78 302 242 329
boat 0.0030 53 285 265 328
boat 0.0015 85 293 213 320
bird 0.0010 -1 34 266 318
tvmonitor 0.0010 77 12 264 318
