person 0.0515 18 169 30 182
person 0.0304 52 50 493 375
person 0.0251 18 172 31 186
person 0.0114 0 278 5 374
person 0.0084 0 237 5 339
person 0.0073 418 132 430 153
person 0.0071 0 172 44 329
person 0.0069 25 169 37 181
person 0.0067 1 163 8 182
person 0.0054 26 175 38 186
person 0.0048 0 207 9 380
person 0.0048 430 117 444 152
person 0.0037 393 111 408 159
person 0.0036 46 185 57 196
person 0.0031 43 175 60 190
person 0.0025 118 174 137 187
person 0.0024 432 123 442 145
person 0.0024 263 117 296 194
person 0.0024 133 107 293 183
person 0.0024 416 119 434 153
person 0.0023 282 108 301 142
person 0.0023 1 179 5 205
person 0.0022 5 167 52 229
person 0.0021 10 167 56 197
person 0.0020 4 166 21 182
person 0.0020 14 168 35 195
person 0.0020 38 168 52 177
person 0.0020 21 167 42 196
person 0.0019 279 122 314 195
person 0.0018 2 171 9 187
person 0.0017 1 189 5 210
person 0.0016 0 280 2 333
person 0.0016 395 143 404 161
person 0.0016 3 176 22 333
person 0.0014 5 173 18 185
person 0.0014 419 128 430 146
person 0.0013 40 175 50 188
person 0.0013 496 114 499 139
person 0.0013 432 133 442 153
person 0.0012 0 250 1 326
person 0.0012 296 124 332 193
person 0.0012 40 186 50 195
person 0.0011 495 120 498 143
person 0.0010 0 286 1 366
person 0.0010 292 155 310 193
bicycle 0.0023 0 246 4 348
bicycle 0.0021 0 278 5 374
car 0.9815 0 178 47 262
car 0.7258 4 168 60 223
car 0.1519 -1 135 22 171
car 0.1511 0 172 44 329
car 0.1399 79 173 121 191
car 0.0859 8 168 118 217
car 0.0817 2 161 43 185
car 0.0606 1 163 8 182
car 0.0564 5 157 92 206
car 0.0503 98 160 140 184
car 0.0357 0 246 4 348
car 0.0313 118 174 137 187
car 0.0228 94 171 143 191
car 0.0186 10 167 56 197
car 0.0178 0 278 5 374
car 0.0148 88 176 114 188
car 0.0145 34 194 57 228
car 0.0136 34 158 135 194
car 0.0119 0 161 24 185
car 0.0112 113 172 166 192
car 0.0105 99 154 139 176
car 0.0094 2 171 9 187
car 0.0088 20 161 65 182
car 0.0087 30 151 96 177
car 0.0085 3 137 20 155
car 0.0079 22 185 60 221
car 0.0069 0 156 14 188
car 0.0065 1 183 45 218
car 0.0059 78 159 167 195
car 0.0056 2 153 64 176
car 0.0056 0 207 9 380
car 0.0055 0 145 32 180
car 0.0054 0 280 2 333
car 0.0053 1 152 5 179
car 0.0050 4 166 21 182
car 0.0048 78 163 126 186
car 0.0048 3 176 22 333
car 0.0047 58 175 148 210
car 0.0047 81 183 139 199
car 0.0046 40 167 59 177
car 0.0040 19 176 62 206
car 0.0035 110 169 134 180
car 0.0033 38 168 52 177
car 0.0033 75 149 129 177
car 0.0032 18 169 30 182
car 0.0029 0 212 5 327
car 0.0026 41 171 62 194
car 0.0026 14 191 53 228
car 0.0024 8 152 169 224
car 0.0024 100 175 117 187
car 0.0022 40 183 60 223
car 0.0022 39 159 61 172
car 0.0021 38 169 88 194
car 0.0021 10 182 79 235
car 0.0020 53 171 112 194
car 0.0020 1 166 33 194
car 0.0019 44 161 98 183
car 0.0019 111 170 133 192
car 0.0019 23 143 63 165
car 0.0019 108 163 171 185
car 0.0018 42 202 60 234
car 0.0017 1 147 31 397
car 0.0017 -1 179 33 205
car 0.0017 0 167 35 226
car 0.0017 0 250 1 326
car 0.0016 39 158 62 185
car 0.0016 81 175 103 188
car 0.0016 128 175 143 186
car 0.0016 40 55 481 375
car 0.0015 42 189 131 231
car 0.0015 0 169 10 213
car 0.0014 1 179 5 205
car 0.0014 5 173 18 185
car 0.0014 61 181 123 199
car 0.0014 43 209 57 228
car 0.0014 41 193 83 228
car 0.0013 6 165 121 260
car 0.0013 82 167 98 177
car 0.0013 110 157 132 171
car 0.0013 494 137 499 246
car 0.0011 12 163 33 185
car 0.0010 0 286 1 366
car 0.0010 2 137 11 151
motorbike 0.0041 0 246 4 348
motorbike 0.0037 0 278 5 374
motorbike 0.0011 0 266 1 330
bus 0.9987 47 -7 502 378
bus 0.1702 -1 135 22 171
bus 0.0178 4 146 101 180
bus 0.0077 3 160 60 204
bus 0.0030 3 137 20 155
bus 0.0027 9 156 119 196
bus 0.0019 0 145 32 180
bus 0.0018 15 162 502 357
bus 0.0016 24 144 103 166
bus 0.0014 3 162 62 183
bus 0.0014 7 154 122 231
bus 0.0010 23 143 63 165
bus 0.0010 5 167 52 229
train 0.0027 32 -4 489 326
diningtable 0.0021 40 55 481 375
