person 0.9961 320 107 428 366
person 0.0094 85 180 151 223
person 0.0049 152 256 248 290
person 0.0027 316 173 324 186
person 0.0020 123 250 188 288
person 0.0019 105 178 151 210
person 0.0018 157 167 180 179
person 0.0016 476 190 499 229
person 0.0015 197 104 236 132
person 0.0014 142 164 180 180
person 0.0012 310 170 320 188
person 0.0012 199 255 248 287
person 0.0010 119 182 157 217
car 0.9680 405 160 498 356
car 0.7462 28 77 296 362
car 0.5991 255 143 349 290
car 0.5103 -1 195 29 315
car 0.4000 317 105 457 370
car 0.0300 416 186 436 198
car 0.0258 -1 167 24 272
car 0.0229 413 185 437 215
car 0.0197 307 142 432 296
car 0.0133 85 180 151 223
car 0.0084 257 127 398 322
car 0.0071 415 168 492 229
car 0.0059 -1 181 51 325
car 0.0044 1 183 9 239
car 0.0042 414 192 425 208
car 0.0034 1 198 5 224
car 0.0034 77 175 263 280
car 0.0030 151 196 185 223
car 0.0026 260 152 340 204
car 0.0023 0 188 3 216
car 0.0021 268 176 283 193
car 0.0018 0 199 22 225
car 0.0015 174 174 237 222
car 0.0015 1 204 3 235
car 0.0014 413 189 428 200
car 0.0013 13 162 77 310
car 0.0012 416 189 434 208
car 0.0012 392 145 497 237
car 0.0011 435 141 502 289
car 0.0011 0 204 24 256
car 0.0010 65 151 273 240
car 0.0010 278 174 346 327
motorbike 0.0011 -1 40 326 360
bus 0.0054 255 143 349 290
bus 0.0029 407 158 498 377
bus 0.0022 -1 40 326 360
boat 0.0085 21 136 301 375
boat 0.0011 255 143 349 290
bird 0.0060 123 250 188 288
bird 0.0058 152 256 248 290
cat 0.0019 125 253 177 288
dog 0.0044 125 253 177 288
dog 0.0039 152 256 248 290
bottle 0.0036 353 172 366 186
sofa 0.0016 408 184 500 391
tvmonitor 0.0011 87 187 137 218
