person 0.9996 182 21 325 247
person 0.6141 417 9 455 61
person 0.3614 455 14 495 66
person 0.0459 257 -1 335 50
person 0.0371 458 15 496 41
person 0.0276 294 1 376 50
person 0.0171 184 2 226 33
person 0.0166 454 25 477 64
person 0.0118 473 16 499 58
person 0.0094 184 -1 258 42
person 0.0080 343 3 380 28
person 0.0080 378 12 453 60
person 0.0072 310 2 351 16
person 0.0066 427 26 464 63
person 0.0060 261 0 301 52
person 0.0057 270 0 334 17
person 0.0057 222 0 297 46
person 0.0050 420 7 457 31
person 0.0045 426 11 463 41
person 0.0045 487 14 499 59
person 0.0042 495 21 499 52
person 0.0041 396 28 437 61
person 0.0039 224 -1 260 49
person 0.0038 416 3 481 55
person 0.0035 344 10 379 45
person 0.0034 333 4 416 49
person 0.0029 215 2 254 33
person 0.0029 292 0 333 32
person 0.0029 389 27 427 46
person 0.0028 0 7 6 86
person 0.0027 377 22 396 38
person 0.0027 364 24 413 49
person 0.0026 277 -2 317 53
person 0.0025 181 2 227 81
person 0.0023 455 39 498 68
person 0.0023 346 1 374 14
person 0.0023 353 18 432 59
person 0.0020 348 20 392 53
person 0.0019 415 16 441 57
person 0.0019 358 15 399 40
person 0.0018 469 21 498 90
person 0.0015 330 1 373 17
person 0.0015 237 0 274 50
person 0.0015 360 34 415 58
person 0.0014 293 10 332 44
person 0.0013 262 0 306 15
person 0.0013 106 -2 395 52
person 0.0012 306 3 357 26
person 0.0012 376 17 421 39
person 0.0011 327 2 348 12
person 0.0011 489 26 498 83
person 0.0011 495 39 498 69
person 0.0010 0 47 3 83
bicycle 0.9957 135 129 367 280
bicycle 0.0036 193 37 358 279
car 0.1590 0 0 91 52
car 0.0053 17 -8 166 64
car 0.0030 1 16 133 58
car 0.0014 164 126 383 279
car 0.0010 0 7 6 86
motorbike 0.0050 143 146 357 277
motorbike 0.0014 160 29 342 280
bottle 0.0017 235 167 274 221
chair 0.0021 80 14 170 64
diningtable 0.0014 160 29 342 280
