person 0.0048 28 239 34 248
person 0.0042 26 247 41 254
person 0.0025 466 233 481 266
person 0.0023 19 248 31 253
person 0.0022 469 240 480 260
person 0.0014 470 253 480 266
person 0.0012 496 247 499 269
person 0.0011 22 239 29 246
person 0.0010 495 237 498 261
car 0.0015 33 37 469 271
motorbike 0.0028 33 37 469 271
aeroplane 0.0050 33 37 469 271
boat 0.9372 17 92 493 280
boat 0.0315 26 247 41 254
boat 0.0186 1 244 28 251
boat 0.0147 0 243 45 255
boat 0.0108 -13 181 518 265
boat 0.0076 19 248 31 253
boat 0.0061 19 149 475 238
boat 0.0057 243 140 474 223
boat 0.0029 36 246 89 257
boat 0.0028 56 249 88 256
boat 0.0021 0 334 134 374
boat 0.0012 0 233 33 251
boat 0.0010 29 47 303 249
bird 0.0092 17 92 493 280
