person 0.1383 291 180 309 193
person 0.0096 318 148 326 155
person 0.0070 327 147 337 155
person 0.0046 38 166 44 173
person 0.0031 322 183 337 193
person 0.0031 336 150 342 156
person 0.0028 18 166 24 174
person 0.0022 265 173 347 243
person 0.0019 285 178 319 196
person 0.0019 348 146 352 155
person 0.0019 58 167 65 173
person 0.0014 1 114 8 127
person 0.0012 314 183 331 192
person 0.0012 15 167 20 174
person 0.0011 302 182 318 193
car 0.9926 267 173 355 245
car 0.3841 327 147 337 155
car 0.2726 318 148 326 155
car 0.1413 336 150 342 156
car 0.1092 309 148 317 154
car 0.0371 299 150 306 154
car 0.0326 250 164 261 172
car 0.0236 269 156 276 162
car 0.0134 291 151 297 155
car 0.0119 340 154 344 158
car 0.0107 314 141 327 147
car 0.0076 319 154 326 158
car 0.0074 309 141 319 147
car 0.0072 268 150 276 157
car 0.0065 327 141 335 146
car 0.0059 263 159 269 164
car 0.0057 290 156 295 160
car 0.0043 279 158 285 163
car 0.0040 257 163 265 170
car 0.0035 278 163 357 212
car 0.0030 328 153 336 159
car 0.0029 441 144 455 151
car 0.0028 251 161 261 167
car 0.0022 348 146 352 155
car 0.0021 299 155 304 158
car 0.0021 304 141 343 157
car 0.0020 309 155 314 158
car 0.0019 447 145 462 152
car 0.0018 304 137 339 152
motorbike 0.0011 259 171 369 260
aeroplane 0.0057 0 34 275 218
bus 0.0384 318 148 326 155
bus 0.0315 327 147 337 155
bus 0.0045 304 141 343 157
bus 0.0032 314 141 327 147
bus 0.0029 3 51 271 254
bus 0.0025 309 148 317 154
bus 0.0017 304 137 339 152
bus 0.0010 336 150 342 156
train 0.2403 3 51 271 254
train 0.0013 220 138 268 160
train 0.0011 326 131 360 155
chair 0.0059 1 114 8 127
chair 0.0024 7 118 16 128
chair 0.0018 31 119 37 130
