person 0.9970 25 63 279 236
person 0.0016 29 81 194 213
car 0.0889 107 46 155 63
car 0.0043 113 44 151 56
car 0.0030 103 44 154 79
car 0.0013 82 18 166 91
cat 0.0011 21 84 287 238
chair 0.7244 32 127 130 192
chair 0.2231 25 102 253 230
chair 0.0064 26 115 141 226
chair 0.0036 54 119 160 185
chair 0.0025 291 226 320 240
chair 0.0023 36 138 235 194
chair 0.0016 244 186 315 238
chair 0.0014 291 205 320 241
chair 0.0011 58 144 121 180
chair 0.0010 29 166 247 232
sofa 0.3424 21 84 287 238
sofa 0.0673 32 127 130 192
sofa 0.0081 46 165 269 234
sofa 0.0025 36 138 235 194
sofa 0.0010 26 115 141 226
pottedplant 0.2468 177 9 227 73
pottedplant 0.0012 164 -1 247 62
tvmonitor 0.7382 78 18 163 92
tvmonitor 0.0011 21 84 287 238
