person 0.5247 456 313 500 374
person 0.2290 292 326 352 374
person 0.1250 307 341 350 376
person 0.0264 277 229 286 237
person 0.0146 411 318 500 374
person 0.0095 176 365 183 373
person 0.0087 333 223 342 231
person 0.0069 173 234 180 239
person 0.0063 285 202 295 216
person 0.0043 466 339 499 374
person 0.0040 216 198 298 238
person 0.0031 490 316 499 376
person 0.0031 124 231 130 237
person 0.0028 366 359 433 376
person 0.0020 78 228 85 235
person 0.0019 295 341 334 374
person 0.0017 289 329 415 378
person 0.0017 497 328 499 384
person 0.0016 277 203 295 219
person 0.0013 495 350 499 379
person 0.0013 318 350 359 375
person 0.0012 265 203 299 236
person 0.0010 475 349 499 376
car 0.0018 216 198 298 238
aeroplane 0.9863 70 78 441 229
aeroplane 0.0543 216 198 298 238
aeroplane 0.0135 3 10 197 353
aeroplane 0.0095 102 131 404 222
aeroplane 0.0031 11 51 435 315
aeroplane 0.0011 231 198 294 224
bus 0.0022 64 92 449 249
boat 0.3509 64 92 449 249
boat 0.0034 31 171 479 357
boat 0.0022 3 10 197 353
boat 0.0012 216 198 298 238
tvmonitor 0.0086 453 305 500 372
