person 0.9769 19 26 44 92
person 0.1331 341 46 418 202
person 0.1168 222 138 273 205
person 0.0140 355 114 394 201
person 0.0137 468 9 480 23
person 0.0084 13 49 20 62
person 0.0050 469 7 481 19
person 0.0045 160 85 200 105
person 0.0040 465 11 474 24
person 0.0037 379 80 399 109
person 0.0036 466 7 486 34
person 0.0032 18 22 31 74
person 0.0029 98 87 263 196
person 0.0024 18 49 24 66
person 0.0022 17 39 31 90
person 0.0022 11 16 23 64
person 0.0017 14 13 20 25
person 0.0015 362 225 380 232
person 0.0015 359 76 396 170
person 0.0012 372 122 390 163
person 0.0012 160 75 212 103
person 0.0010 239 9 248 27
person 0.0010 13 42 20 60
car 0.0011 468 9 480 23
boat 0.0375 128 88 278 196
boat 0.0133 388 10 475 42
boat 0.0041 350 46 425 200
boat 0.0034 342 7 448 40
boat 0.0027 223 102 284 205
boat 0.0019 365 7 433 29
boat 0.0014 160 82 210 107
boat 0.0013 364 5 451 17
boat 0.0010 296 6 414 44
bird 0.0011 160 85 200 105
dog 0.0011 341 46 418 202
horse 0.0022 128 88 278 196
