person 0.0148 140 151 158 195
person 0.0037 -5 158 433 367
person 0.0027 2 96 181 358
person 0.0023 0 85 105 233
person 0.0018 149 160 400 341
person 0.0010 161 154 172 174
bottle 0.9967 100 103 141 228
bottle 0.4292 168 169 189 250
bottle 0.0118 141 154 157 208
bottle 0.0087 158 158 175 206
bottle 0.0065 143 178 173 248
bottle 0.0051 137 145 163 242
bottle 0.0040 138 136 177 213
bottle 0.0021 142 186 161 236
bottle 0.0020 139 212 171 246
bottle 0.0012 493 250 499 267
bottle 0.0011 207 154 223 193
chair 0.0056 154 318 353 377
chair 0.0032 1 90 112 229
chair 0.0024 14 287 178 372
chair 0.0019 0 91 121 361
chair 0.0018 0 290 43 372
chair 0.0014 23 306 327 374
chair 0.0011 490 255 499 338
sofa 0.1560 0 91 121 361
sofa 0.0811 1 90 112 229
sofa 0.0070 2 124 415 349
sofa 0.0068 1 165 118 277
sofa 0.0019 19 116 158 246
diningtable 0.3770 128 156 399 346
diningtable 0.0593 0 148 494 388
diningtable 0.0020 181 237 371 309
diningtable 0.0010 15 212 339 377
tvmonitor 0.0062 203 147 382 247
tvmonitor 0.0010 133 137 187 188
