person 0.0057 60 251 97 304
person 0.0010 486 261 499 315
car 0.0030 75 292 209 372
bird 0.0047 401 216 418 232
bird 0.0015 396 214 427 234
dog 0.0011 60 251 97 304
chair 0.1352 284 252 349 327
chair 0.0843 311 271 428 318
chair 0.0414 486 261 499 315
chair 0.0180 263 247 338 343
chair 0.0166 307 233 424 322
chair 0.0134 391 229 431 311
chair 0.0104 482 246 500 337
chair 0.0079 288 254 330 285
chair 0.0047 491 273 500 340
chair 0.0037 263 287 328 338
chair 0.0031 393 286 427 310
chair 0.0024 495 294 499 317
chair 0.0021 289 252 385 301
chair 0.0021 319 270 501 357
chair 0.0017 493 261 497 295
chair 0.0015 344 284 396 312
chair 0.0014 490 227 498 312
chair 0.0013 358 235 395 271
chair 0.0011 329 221 358 281
chair 0.0010 326 254 422 299
sofa 0.0193 486 261 499 315
sofa 0.0088 482 246 500 337
sofa 0.0082 319 270 501 357
sofa 0.0034 334 309 496 359
sofa 0.0021 303 257 423 334
sofa 0.0018 491 273 500 340
pottedplant 0.0030 486 261 499 315
pottedplant 0.0028 92 286 199 332
diningtable 0.0791 311 271 428 318
diningtable 0.0217 319 270 501 357
diningtable 0.0048 326 254 422 299
diningtable 0.0025 307 233 424 322
diningtable 0.0012 334 309 496 359
diningtable 0.0011 486 261 499 315
