person 0.9998 65 74 156 215
person 0.9987 35 30 114 153
person 0.9864 119 111 202 218
person 0.9378 121 73 177 169
person 0.9064 111 41 154 84
person 0.2862 159 72 181 105
person 0.1337 292 87 307 156
person 0.1013 96 38 167 95
person 0.0230 296 45 307 150
person 0.0202 140 74 180 118
person 0.0152 290 35 307 184
person 0.0114 102 54 205 181
person 0.0052 97 53 170 129
person 0.0051 136 108 206 175
person 0.0043 166 72 181 92
person 0.0037 37 43 92 130
person 0.0037 0 17 5 30
person 0.0036 0 12 7 35
person 0.0033 94 83 150 183
person 0.0031 154 112 211 204
person 0.0031 159 70 180 87
person 0.0029 297 95 307 216
person 0.0026 168 76 192 114
person 0.0020 293 113 308 146
person 0.0020 80 37 187 149
person 0.0017 301 103 307 145
person 0.0016 70 122 144 196
person 0.0016 166 80 180 108
person 0.0015 276 0 308 147
person 0.0013 112 27 253 204
person 0.0013 147 73 189 145
person 0.0011 138 83 211 152
person 0.0011 278 68 308 198
person 0.0010 0 7 2 29
car 0.0010 85 10 268 221
bus 0.0030 85 10 268 221
train 0.0012 85 10 268 221
boat 0.0060 85 10 268 221
dog 0.0018 293 97 307 166
horse 0.0024 293 97 307 166
bottle 0.0012 112 80 118 85
bottle 0.0010 44 140 56 157
chair 0.0088 139 135 214 219
