person 0.9854 79 249 89 270
person 0.9774 95 247 106 269
person 0.9741 141 249 154 281
person 0.6972 88 250 96 268
person 0.4432 19 247 25 259
person 0.4273 13 248 17 259
person 0.4227 3 247 7 259
person 0.3430 2 250 6 262
person 0.0998 29 245 35 258
person 0.0480 51 140 494 292
person 0.0429 28 248 34 264
person 0.0198 75 247 92 271
person 0.0163 97 248 104 258
person 0.0087 116 251 123 266
person 0.0074 106 250 113 266
person 0.0073 139 254 146 269
person 0.0073 -9 241 144 265
person 0.0066 141 168 152 182
person 0.0055 89 247 95 258
person 0.0039 69 254 76 263
person 0.0036 50 252 56 260
person 0.0035 47 246 59 259
person 0.0032 434 247 441 255
person 0.0031 80 249 86 257
person 0.0025 135 169 149 182
person 0.0020 59 254 65 262
person 0.0018 -9 232 428 293
person 0.0018 81 247 101 270
person 0.0016 35 245 46 257
person 0.0016 405 259 427 294
person 0.0013 404 247 411 256
person 0.0012 60 242 187 272
person 0.0010 0 242 48 259
person 0.0010 40 253 46 260
car 0.0018 19 247 25 259
aeroplane 0.2133 62 100 479 288
bus 0.0026 30 126 485 303
boat 0.8457 38 106 480 286
boat 0.0303 463 243 487 251
boat 0.0125 457 241 496 253
boat 0.0055 493 243 498 253
boat 0.0042 478 244 493 251
boat 0.0026 440 247 455 254
boat 0.0025 461 244 473 251
boat 0.0019 434 247 441 255
boat 0.0014 494 236 499 249
boat 0.0012 449 246 461 253
