person 0.6923 213 60 504 370
person 0.0167 -1 94 349 362
person 0.0033 364 0 507 380
person 0.0019 453 79 498 390
person 0.0016 148 152 437 365
person 0.0013 17 3 477 303
person 0.0012 -4 -3 338 88
person 0.0010 -27 222 463 374
person 0.0010 12 104 268 285
cat 0.0107 3 119 280 351
cat 0.0019 219 82 503 363
cat 0.0013 31 123 236 261
dog 0.7048 25 117 306 353
dog 0.5641 15 76 483 369
dog 0.2268 202 105 461 353
dog 0.0072 294 7 502 377
dog 0.0028 31 123 236 261
dog 0.0028 86 163 414 360
dog 0.0010 172 38 494 261
cow 0.0010 155 7 507 380
chair 0.0182 15 76 483 369
chair 0.0061 2 115 61 274
chair 0.0019 293 55 502 381
chair 0.0017 -4 -3 338 88
chair 0.0011 0 62 62 217
sofa 0.4787 -1 -6 332 151
sofa 0.3666 18 4 477 375
sofa 0.0169 235 31 496 352
sofa 0.0086 -7 27 199 129
sofa 0.0079 -16 -11 304 310
sofa 0.0075 -21 0 315 84
sofa 0.0075 106 13 401 125
sofa 0.0063 17 54 260 155
sofa 0.0051 12 104 268 285
sofa 0.0045 -10 131 364 370
sofa 0.0026 0 214 494 381
sofa 0.0012 172 0 479 153
sofa 0.0011 -5 29 196 262
sofa 0.0010 364 0 507 380
diningtable 0.0128 0 106 64 255
diningtable 0.0048 0 112 63 168
