person 0.4502 55 170 63 192
person 0.3931 52 166 64 197
person 0.2925 49 171 57 190
person 0.2382 48 164 56 177
person 0.1237 57 166 64 177
person 0.0815 54 179 62 195
person 0.0650 1 164 4 176
person 0.0454 478 164 499 200
person 0.0389 425 164 442 195
person 0.0304 0 171 3 187
person 0.0287 106 165 114 178
person 0.0211 10 167 14 175
person 0.0192 383 173 394 189
person 0.0175 409 172 420 190
person 0.0167 115 166 124 176
person 0.0122 125 166 133 175
person 0.0098 45 158 62 187
person 0.0091 67 166 76 175
person 0.0088 410 164 442 194
person 0.0087 44 166 49 178
person 0.0086 168 177 175 201
person 0.0076 1 160 3 169
person 0.0061 424 170 437 190
person 0.0058 103 172 112 188
person 0.0054 486 149 499 196
person 0.0053 492 163 497 199
person 0.0048 144 173 155 190
person 0.0046 327 172 337 187
person 0.0045 494 160 498 183
person 0.0044 44 172 48 186
person 0.0044 424 164 435 181
person 0.0044 220 164 230 180
person 0.0041 84 146 150 196
person 0.0040 408 166 425 192
person 0.0039 451 170 463 189
person 0.0038 421 159 439 190
person 0.0037 451 164 464 183
person 0.0035 298 173 307 185
person 0.0034 148 141 380 232
person 0.0034 42 150 140 193
person 0.0033 280 172 288 183
person 0.0030 260 165 270 181
person 0.0030 0 172 2 206
person 0.0030 451 164 467 194
person 0.0027 489 163 499 233
person 0.0025 479 148 499 243
person 0.0024 96 174 107 190
person 0.0024 334 172 345 189
person 0.0022 146 166 155 179
person 0.0022 47 171 62 202
person 0.0022 403 166 418 194
person 0.0021 403 154 433 235
person 0.0019 379 166 396 193
person 0.0019 170 179 177 201
person 0.0018 421 165 439 213
person 0.0016 494 169 498 209
person 0.0014 76 166 82 179
person 0.0014 125 159 132 167
person 0.0014 429 163 440 184
person 0.0014 405 168 417 230
person 0.0014 0 150 4 229
person 0.0013 409 168 421 229
person 0.0013 279 166 289 181
person 0.0012 78 171 84 187
person 0.0012 116 158 125 167
person 0.0012 480 170 492 191
person 0.0011 344 165 355 180
person 0.0011 481 165 493 180
person 0.0010 86 163 94 181
person 0.0010 0 156 6 205
person 0.0010 107 158 115 169
bicycle 0.0083 53 181 60 194
bicycle 0.0025 49 171 57 190
bicycle 0.0011 55 170 63 192
car 0.9290 452 224 499 329
car 0.1524 144 173 155 190
car 0.0418 67 166 76 175
car 0.0360 0 171 3 187
car 0.0295 48 164 56 177
car 0.0254 1 164 4 176
car 0.0235 57 166 64 177
car 0.0217 146 166 155 179
car 0.0165 142 166 158 195
car 0.0103 47 158 63 167
car 0.0041 174 137 373 236
car 0.0040 10 167 14 175
car 0.0037 7 174 17 182
car 0.0028 137 176 145 187
car 0.0023 1 160 3 169
car 0.0018 387 137 496 248
car 0.0015 152 173 159 190
car 0.0012 66 158 78 169
car 0.0011 479 157 499 266
car 0.0010 493 245 499 347
car 0.0010 76 166 82 179
bus 0.9985 155 127 377 226
bus 0.9706 73 145 145 195
bus 0.9293 379 28 495 276
bus 0.0770 387 137 496 248
bus 0.0602 47 158 63 167
bus 0.0331 146 166 155 179
bus 0.0302 142 166 158 195
bus 0.0230 149 151 166 195
bus 0.0214 48 164 56 177
bus 0.0208 80 152 100 190
bus 0.0196 98 151 141 190
bus 0.0117 144 173 155 190
bus 0.0105 45 148 66 175
bus 0.0095 157 151 175 195
bus 0.0077 45 158 62 187
bus 0.0072 81 152 119 192
bus 0.0056 57 166 64 177
bus 0.0055 146 154 154 168
bus 0.0033 67 166 76 175
bus 0.0028 47 147 63 161
bus 0.0023 66 158 78 169
bus 0.0022 334 147 371 213
bus 0.0022 441 113 497 278
bus 0.0021 42 160 81 180
bus 0.0020 453 182 499 329
bus 0.0017 70 145 104 199
bus 0.0017 152 164 159 178
bus 0.0015 45 142 78 167
bus 0.0014 144 145 156 182
bus 0.0014 119 153 141 187
bus 0.0014 76 152 92 189
bus 0.0011 63 146 80 176
bus 0.0010 109 154 130 187
train 0.0039 72 138 146 192
train 0.0013 148 141 380 232
pottedplant 0.0031 143 179 156 194
