person 0.0025 417 120 500 305
person 0.0010 9 232 195 327
cat 0.0163 95 253 196 302
cat 0.0021 57 239 209 322
dog 0.0079 95 253 196 302
dog 0.0020 57 239 209 322
chair 0.0144 335 222 417 324
chair 0.0059 411 259 491 318
chair 0.0046 442 286 498 330
chair 0.0044 375 222 411 326
chair 0.0034 414 245 489 296
chair 0.0028 388 238 495 328
chair 0.0022 409 264 446 319
chair 0.0013 340 248 378 327
chair 0.0013 337 314 424 333
chair 0.0010 253 166 340 303
chair 0.0010 295 194 420 314
chair 0.0010 402 228 432 318
sofa 0.9980 -5 174 359 330
sofa 0.0037 40 228 297 322
sofa 0.0018 337 314 424 333
sofa 0.0015 253 166 340 303
sofa 0.0010 41 183 229 299
sofa 0.0010 159 159 396 322
pottedplant 0.0564 51 -2 205 183
pottedplant 0.0019 418 115 498 275
pottedplant 0.0017 466 109 500 135
pottedplant 0.0013 487 101 499 145
diningtable 0.0196 295 194 420 314
diningtable 0.0072 335 222 417 324
diningtable 0.0053 291 201 419 235
diningtable 0.0022 298 202 376 260
diningtable 0.0015 337 314 424 333
tvmonitor 0.0037 422 89 448 123
