person 0.9995 214 114 286 361
person 0.9984 3 195 169 477
person 0.9865 82 176 161 315
person 0.9513 232 231 370 496
person 0.8108 135 189 191 298
person 0.3467 37 174 125 303
person 0.0785 325 218 360 273
person 0.0750 0 197 41 279
person 0.0512 319 221 358 251
person 0.0354 41 169 85 236
person 0.0294 38 171 82 202
person 0.0272 199 161 331 413
person 0.0249 207 296 311 427
person 0.0222 140 188 202 256
person 0.0213 214 258 324 393
person 0.0190 135 132 147 151
person 0.0186 49 169 80 192
person 0.0177 313 225 354 286
person 0.0159 -1 199 35 229
person 0.0141 169 162 182 171
person 0.0137 237 224 360 368
person 0.0132 123 166 157 229
person 0.0121 129 208 191 264
person 0.0113 210 333 303 493
person 0.0096 4 169 85 279
person 0.0092 33 179 96 256
person 0.0090 44 173 166 270
person 0.0072 84 242 159 318
person 0.0072 86 189 156 252
person 0.0056 174 162 183 172
person 0.0055 132 132 142 150
person 0.0046 1 195 49 328
person 0.0044 220 306 294 372
person 0.0034 129 164 151 194
person 0.0028 1 325 137 505
person 0.0020 131 128 150 153
person 0.0019 201 204 230 283
person 0.0019 286 221 321 245
person 0.0017 67 152 312 344
person 0.0012 335 230 369 328
person 0.0010 283 236 346 286
person 0.0010 134 338 172 458
person 0.0010 5 200 32 212
person 0.0010 0 194 83 357
cat 0.0036 283 222 317 247
dog 0.0012 283 222 317 247
dog 0.0010 135 132 147 151
bottle 0.2898 164 256 182 308
bottle 0.0417 163 247 193 316
bottle 0.0406 184 249 200 294
bottle 0.0214 177 243 191 285
bottle 0.0144 142 301 152 326
bottle 0.0089 167 261 178 282
bottle 0.0086 178 261 187 284
bottle 0.0084 167 257 177 272
bottle 0.0079 230 225 243 262
bottle 0.0075 70 139 79 162
bottle 0.0075 186 294 199 331
bottle 0.0072 164 244 181 284
bottle 0.0063 295 223 302 232
bottle 0.0052 187 262 195 286
bottle 0.0049 174 259 188 304
bottle 0.0048 175 240 185 255
bottle 0.0046 218 196 228 212
bottle 0.0043 290 228 305 243
bottle 0.0041 176 243 187 261
bottle 0.0036 143 295 157 327
bottle 0.0032 168 238 180 254
bottle 0.0025 177 257 188 272
bottle 0.0023 157 240 166 250
bottle 0.0023 168 244 178 261
bottle 0.0022 165 238 183 269
bottle 0.0021 145 301 155 324
bottle 0.0018 138 189 204 321
bottle 0.0018 188 274 199 293
bottle 0.0016 173 239 188 270
bottle 0.0015 288 237 304 247
bottle 0.0015 285 238 296 246
bottle 0.0015 181 119 298 363
bottle 0.0014 104 147 110 166
bottle 0.0011 161 262 170 282
bottle 0.0011 232 243 241 260
chair 0.9824 -2 334 133 500
chair 0.1950 232 281 372 502
chair 0.1736 224 444 289 501
chair 0.1015 185 226 216 294
chair 0.0622 203 226 223 264
chair 0.0471 196 221 226 295
chair 0.0234 198 284 225 354
chair 0.0148 231 451 354 500
chair 0.0129 82 224 159 331
chair 0.0125 318 222 359 261
chair 0.0121 271 246 303 278
chair 0.0104 183 242 201 287
chair 0.0096 180 238 208 313
chair 0.0088 232 473 388 498
chair 0.0086 213 182 292 371
chair 0.0085 283 236 346 286
chair 0.0079 85 268 125 298
chair 0.0078 286 221 321 245
chair 0.0077 159 280 225 399
chair 0.0076 0 272 11 330
chair 0.0075 224 464 320 502
chair 0.0064 124 267 160 327
chair 0.0060 6 202 161 501
chair 0.0056 272 222 281 244
chair 0.0055 200 242 228 349
chair 0.0054 234 474 285 500
chair 0.0050 313 225 354 286
chair 0.0044 203 385 311 499
chair 0.0044 202 418 270 484
chair 0.0043 299 221 316 232
chair 0.0039 0 199 34 217
chair 0.0033 -4 432 141 502
chair 0.0031 186 286 220 344
chair 0.0030 84 269 105 295
chair 0.0029 237 340 306 487
chair 0.0028 83 266 126 321
chair 0.0027 64 184 146 325
chair 0.0025 175 240 185 255
chair 0.0024 184 226 224 262
chair 0.0023 139 233 214 285
chair 0.0023 229 449 264 480
chair 0.0023 312 225 321 241
chair 0.0021 310 221 320 236
chair 0.0020 300 238 339 277
chair 0.0020 163 247 193 316
chair 0.0020 141 297 153 328
chair 0.0019 189 215 238 346
chair 0.0019 214 289 227 355
chair 0.0019 265 249 295 310
chair 0.0018 234 487 286 499
chair 0.0017 232 248 363 390
chair 0.0017 2 331 86 461
chair 0.0017 136 223 210 334
chair 0.0015 160 224 195 298
chair 0.0014 140 193 190 277
chair 0.0014 168 447 268 501
chair 0.0014 172 217 191 254
chair 0.0013 85 225 161 260
chair 0.0013 3 315 136 430
chair 0.0013 191 243 204 288
chair 0.0013 131 250 221 389
chair 0.0012 178 231 186 242
chair 0.0011 202 299 229 403
chair 0.0011 171 232 188 261
chair 0.0010 101 272 124 313
chair 0.0010 87 269 101 283
sofa 0.0843 232 231 370 496
sofa 0.0741 196 221 226 295
sofa 0.0566 185 226 216 294
sofa 0.0064 81 200 207 316
sofa 0.0048 138 189 204 321
sofa 0.0046 203 226 223 264
sofa 0.0041 189 215 238 346
sofa 0.0032 54 180 164 319
sofa 0.0031 135 208 211 267
sofa 0.0031 207 165 274 346
sofa 0.0031 211 307 303 481
sofa 0.0031 1 191 164 405
sofa 0.0029 1 325 137 505
sofa 0.0025 283 236 346 286
sofa 0.0023 271 246 303 278
sofa 0.0023 180 238 208 313
sofa 0.0022 82 224 159 331
sofa 0.0022 218 296 297 413
sofa 0.0021 105 238 247 340
sofa 0.0017 139 233 214 285
sofa 0.0016 193 226 286 288
sofa 0.0012 99 208 264 299
sofa 0.0012 318 222 359 261
sofa 0.0010 164 221 227 337
pottedplant 0.0198 283 222 317 247
pottedplant 0.0032 206 120 279 355
diningtable 0.1338 134 272 221 401
diningtable 0.0811 132 272 216 328
diningtable 0.0309 105 238 247 340
diningtable 0.0127 96 237 153 253
diningtable 0.0124 91 242 155 261
diningtable 0.0103 283 236 346 286
diningtable 0.0091 127 246 198 314
diningtable 0.0079 159 258 194 326
diningtable 0.0047 122 243 166 264
diningtable 0.0041 138 322 215 394
diningtable 0.0039 124 267 160 327
diningtable 0.0038 143 261 178 329
diningtable 0.0031 104 220 258 430
diningtable 0.0030 136 223 210 334
diningtable 0.0026 88 223 183 259
diningtable 0.0024 202 418 270 484
diningtable 0.0024 117 237 167 252
diningtable 0.0023 140 239 185 267
diningtable 0.0021 139 233 214 285
diningtable 0.0019 84 242 159 318
diningtable 0.0018 160 287 222 342
diningtable 0.0017 81 200 207 316
diningtable 0.0015 271 231 310 287
diningtable 0.0014 272 241 306 274
diningtable 0.0014 45 229 179 329
diningtable 0.0013 7 205 183 496
diningtable 0.0012 85 234 190 275
diningtable 0.0010 123 248 165 279
diningtable 0.0010 272 251 348 302
diningtable 0.0010 127 235 178 258
