person 0.0020 315 109 319 123
person 0.0013 316 103 320 119
car 0.0039 45 93 180 225
bus 0.0010 263 93 297 119
bottle 0.0086 315 109 319 123
bottle 0.0085 39 158 53 177
bottle 0.0018 316 103 320 119
bottle 0.0016 41 161 49 170
bottle 0.0013 313 98 319 124
bottle 0.0011 152 105 159 113
chair 0.9972 192 90 242 148
chair 0.7220 130 81 178 116
chair 0.0121 157 103 177 115
chair 0.0044 129 78 151 108
chair 0.0033 60 129 154 194
chair 0.0021 45 93 180 225
chair 0.0014 131 94 181 129
chair 0.0011 156 97 180 131
chair 0.0010 263 93 297 119
sofa 0.6277 44 87 179 208
sofa 0.0339 185 89 245 149
sofa 0.0162 130 81 178 116
sofa 0.0071 60 129 154 194
sofa 0.0011 157 103 177 115
pottedplant 0.0085 45 93 180 225
pottedplant 0.0038 315 109 319 123
pottedplant 0.0014 315 100 319 145
pottedplant 0.0011 313 102 320 129
pottedplant 0.0010 316 118 319 126
diningtable 0.0011 185 89 245 149
diningtable 0.0010 157 103 177 115
tvmonitor 0.9973 263 90 298 122
tvmonitor 0.0352 301 100 317 123
tvmonitor 0.0148 132 81 145 106
tvmonitor 0.0134 313 98 319 124
tvmonitor 0.0064 316 103 320 119
tvmonitor 0.0030 303 90 319 134
tvmonitor 0.0017 315 109 319 123
tvmonitor 0.0013 317 98 320 114
tvmonitor 0.0011 44 87 179 208
