person 0.8870 277 200 295 227
person 0.5774 317 187 324 193
person 0.2641 329 191 336 197
person 0.2273 487 186 498 196
person 0.2049 450 193 467 204
person 0.1635 309 206 318 213
person 0.1405 261 205 308 224
person 0.1036 494 179 499 190
person 0.0322 1 174 9 187
person 0.0227 456 189 470 199
person 0.0205 480 188 497 197
person 0.0204 314 187 318 192
person 0.0196 456 195 470 203
person 0.0146 1 168 7 183
person 0.0122 0 213 2 229
person 0.0122 4 176 18 189
person 0.0091 296 209 312 216
person 0.0070 319 184 323 189
person 0.0051 285 210 298 225
person 0.0044 447 189 470 207
person 0.0043 314 207 321 213
person 0.0039 278 209 291 226
person 0.0038 271 208 282 215
person 0.0035 441 186 474 203
person 0.0029 496 170 498 181
person 0.0028 484 180 500 202
person 0.0026 8 169 16 181
person 0.0025 253 207 261 214
person 0.0023 0 219 3 238
person 0.0021 251 197 258 206
person 0.0020 445 192 486 206
person 0.0020 484 181 492 188
person 0.0019 255 208 270 215
person 0.0015 334 190 339 195
person 0.0015 491 194 498 202
person 0.0014 328 195 336 200
person 0.0013 0 203 2 221
person 0.0010 468 196 479 202
car 0.0013 240 202 327 233
boat 0.8875 247 213 323 229
boat 0.5297 1 117 24 196
boat 0.2116 487 186 498 196
boat 0.1714 240 202 327 233
boat 0.1279 480 188 497 197
boat 0.1208 1 174 9 187
boat 0.0732 450 193 467 204
boat 0.0439 0 121 10 186
boat 0.0333 250 219 318 233
boat 0.0291 1 168 7 183
boat 0.0289 494 179 499 190
boat 0.0278 261 205 308 224
boat 0.0263 4 176 18 189
boat 0.0242 0 166 15 195
boat 0.0170 1 184 9 194
boat 0.0110 329 191 336 197
boat 0.0102 0 156 21 190
boat 0.0094 317 187 324 193
boat 0.0092 1 18 15 221
boat 0.0086 3 185 19 193
boat 0.0081 456 189 470 199
boat 0.0080 0 213 2 229
boat 0.0078 456 195 470 203
boat 0.0059 484 180 500 202
boat 0.0048 440 191 475 206
boat 0.0044 444 186 486 203
boat 0.0040 469 184 501 200
boat 0.0034 0 149 3 179
boat 0.0033 491 194 498 202
boat 0.0027 0 166 12 216
boat 0.0027 0 203 2 221
boat 0.0026 479 171 499 199
boat 0.0025 478 195 497 201
boat 0.0024 36 171 52 176
boat 0.0019 496 170 498 181
boat 0.0018 0 125 1 183
boat 0.0018 8 169 16 181
boat 0.0018 279 206 324 221
boat 0.0018 489 147 500 197
boat 0.0014 4 106 39 184
boat 0.0012 0 28 49 210
boat 0.0011 0 190 2 213
boat 0.0010 276 204 294 231
boat 0.0010 0 219 3 238
boat 0.0010 -2 126 58 187
boat 0.0010 446 193 504 205
boat 0.0010 0 171 6 251
bird 0.0412 329 191 336 197
bird 0.0266 317 187 324 193
bird 0.0060 450 193 467 204
bird 0.0046 487 186 498 196
bird 0.0034 356 209 367 214
bird 0.0031 61 193 64 196
bird 0.0014 314 187 318 192
bird 0.0013 480 188 497 197
bird 0.0012 0 213 2 229
bird 0.0012 328 195 336 200
bird 0.0010 364 209 370 213
dog 0.0036 450 193 467 204
dog 0.0025 329 191 336 197
dog 0.0014 317 187 324 193
horse 0.0013 450 193 467 204
horse 0.0012 251 211 327 229
