person 0.9995 6 2 132 290
person 0.9993 338 2 458 268
person 0.9974 235 38 309 120
person 0.9476 166 48 225 112
person 0.4973 330 11 374 147
person 0.0985 1 23 26 329
person 0.0738 328 60 357 140
person 0.0463 106 56 148 225
person 0.0406 0 13 48 305
person 0.0336 112 62 140 168
person 0.0325 473 -20 500 301
person 0.0305 1 28 15 289
person 0.0265 2 40 19 199
person 0.0217 150 59 216 219
person 0.0216 352 10 373 46
person 0.0194 0 35 23 124
person 0.0133 421 16 475 150
person 0.0132 308 6 367 130
person 0.0123 341 14 371 77
person 0.0095 428 24 470 98
person 0.0091 292 84 311 123
person 0.0070 280 69 314 122
person 0.0044 284 78 306 114
person 0.0038 336 63 366 169
person 0.0036 253 288 399 373
person 0.0033 2 129 21 306
person 0.0033 421 38 475 244
person 0.0032 153 47 223 154
person 0.0031 113 52 167 191
person 0.0031 1 16 7 116
person 0.0030 -11 90 142 206
person 0.0027 444 -13 502 294
person 0.0021 -16 55 148 164
person 0.0020 325 36 381 233
person 0.0020 231 73 299 122
person 0.0020 337 46 461 170
person 0.0019 1 25 10 87
person 0.0018 486 -1 499 281
person 0.0016 214 53 346 149
person 0.0016 79 48 139 235
person 0.0015 388 6 494 278
person 0.0015 295 86 307 102
person 0.0013 145 82 164 110
person 0.0012 134 53 199 112
person 0.0010 3 78 39 159
cat 0.1577 253 288 399 373
cat 0.0011 273 243 365 275
dog 0.0168 253 288 399 373
bottle 0.7306 70 267 101 334
bottle 0.0768 133 76 145 112
bottle 0.0173 142 80 160 110
bottle 0.0140 134 77 144 94
bottle 0.0082 1 34 6 61
bottle 0.0062 86 248 128 326
bottle 0.0049 151 85 164 106
bottle 0.0027 136 75 144 85
bottle 0.0024 161 92 172 105
bottle 0.0021 143 80 153 91
bottle 0.0018 0 44 4 69
bottle 0.0017 81 280 103 329
bottle 0.0013 149 81 163 93
bottle 0.0013 59 267 120 328
bottle 0.0011 2 33 8 49
bottle 0.0010 15 5 147 241
bottle 0.0010 5 34 19 48
bottle 0.0010 1 29 11 68
chair 0.1988 0 199 17 347
chair 0.1678 125 133 194 250
chair 0.1174 113 158 145 229
chair 0.0697 108 164 127 215
chair 0.0594 1 156 21 316
chair 0.0515 121 136 159 225
chair 0.0269 147 130 183 227
chair 0.0202 1 141 30 364
chair 0.0178 157 140 197 216
chair 0.0133 -1 47 138 318
chair 0.0126 120 168 140 212
chair 0.0082 107 66 151 244
chair 0.0079 3 150 131 282
chair 0.0064 413 60 462 258
chair 0.0062 114 85 174 233
chair 0.0048 0 218 6 357
chair 0.0047 114 102 147 216
chair 0.0040 148 110 206 245
chair 0.0038 100 135 156 256
chair 0.0037 113 157 175 235
chair 0.0024 129 168 145 216
chair 0.0020 89 160 126 236
chair 0.0016 158 147 176 198
chair 0.0014 424 57 468 145
chair 0.0013 4 171 37 295
chair 0.0012 152 136 168 192
chair 0.0011 138 111 194 137
chair 0.0011 292 84 311 123
chair 0.0010 101 94 244 211
sofa 0.0939 0 177 18 335
sofa 0.0476 1 118 29 352
sofa 0.0251 -1 47 138 318
sofa 0.0122 -2 133 135 256
sofa 0.0060 1 91 17 303
sofa 0.0030 0 67 45 327
sofa 0.0027 0 187 45 357
sofa 0.0020 4 171 37 295
pottedplant 0.9817 148 87 373 303
pottedplant 0.1725 407 157 468 267
pottedplant 0.0580 291 2 346 126
pottedplant 0.0447 306 5 454 268
pottedplant 0.0163 473 -20 500 301
pottedplant 0.0159 308 6 367 130
pottedplant 0.0106 300 30 335 126
pottedplant 0.0086 170 180 318 288
pottedplant 0.0080 419 57 477 257
pottedplant 0.0051 0 35 23 124
pottedplant 0.0049 388 6 494 278
pottedplant 0.0043 412 196 454 264
pottedplant 0.0031 229 38 329 127
pottedplant 0.0031 445 21 502 291
pottedplant 0.0028 138 105 377 195
pottedplant 0.0024 63 48 443 330
pottedplant 0.0024 488 44 499 107
pottedplant 0.0020 165 125 346 248
pottedplant 0.0015 -1 47 138 318
pottedplant 0.0014 298 0 333 97
pottedplant 0.0014 285 16 318 112
pottedplant 0.0014 482 25 500 137
pottedplant 0.0013 485 0 499 240
pottedplant 0.0012 451 166 484 268
pottedplant 0.0012 112 58 300 239
diningtable 0.8947 24 239 477 373
diningtable 0.1878 126 118 196 239
diningtable 0.0387 137 100 199 115
diningtable 0.0309 134 102 200 136
diningtable 0.0232 101 94 244 211
diningtable 0.0222 -2 133 135 256
diningtable 0.0174 -1 47 138 318
diningtable 0.0118 147 103 399 320
diningtable 0.0118 27 89 481 363
diningtable 0.0112 136 105 183 123
diningtable 0.0110 400 289 506 372
diningtable 0.0100 65 285 344 369
diningtable 0.0083 130 112 203 163
diningtable 0.0082 -2 91 175 208
diningtable 0.0070 145 120 186 203
diningtable 0.0042 144 105 209 122
diningtable 0.0039 162 99 210 114
diningtable 0.0031 76 90 271 276
diningtable 0.0031 114 85 174 233
diningtable 0.0029 138 122 194 143
diningtable 0.0028 129 83 200 125
diningtable 0.0028 247 288 473 369
diningtable 0.0027 113 106 285 133
diningtable 0.0025 0 199 17 347
diningtable 0.0024 89 72 256 158
diningtable 0.0024 138 105 377 195
diningtable 0.0024 148 87 210 231
diningtable 0.0020 0 71 177 159
diningtable 0.0017 22 256 167 361
diningtable 0.0015 147 231 416 298
diningtable 0.0015 275 261 444 350
diningtable 0.0014 417 317 495 374
diningtable 0.0013 230 224 491 372
diningtable 0.0012 172 221 316 288
diningtable 0.0011 1 156 21 316
tvmonitor 0.0016 188 18 265 67
