person 0.0276 3 321 61 374
person 0.0235 0 199 4 221
person 0.0124 13 230 129 326
person 0.0086 0 195 5 211
person 0.0070 0 187 7 237
person 0.0065 419 128 432 178
person 0.0054 0 199 2 240
person 0.0038 37 157 52 167
person 0.0030 44 158 58 167
person 0.0027 0 196 7 284
person 0.0024 0 198 29 275
person 0.0018 421 153 431 175
person 0.0016 480 185 491 200
person 0.0016 1 148 8 162
person 0.0014 454 127 474 161
person 0.0012 0 238 8 299
person 0.0012 418 153 432 192
person 0.0012 420 141 429 164
person 0.0012 1 153 8 169
person 0.0010 417 185 499 371
bicycle 0.5469 365 204 409 239
bicycle 0.1474 361 200 460 242
bicycle 0.0033 349 181 462 256
bicycle 0.0032 24 167 45 197
bicycle 0.0020 2 168 43 196
bicycle 0.0014 27 180 40 199
bicycle 0.0010 378 206 402 237
car 0.0017 0 199 4 221
car 0.0015 13 230 129 326
car 0.0011 1 189 30 213
car 0.0010 3 214 93 250
car 0.0010 0 195 5 211
boat 0.0034 484 155 500 191
boat 0.0022 0 195 5 211
boat 0.0021 0 199 4 221
boat 0.0020 1 189 30 213
boat 0.0011 489 162 498 184
boat 0.0010 0 186 29 250
chair 0.9945 22 238 144 342
chair 0.1736 55 165 72 181
chair 0.1355 -1 256 46 328
chair 0.1035 32 167 74 193
chair 0.0828 46 164 78 185
chair 0.0756 24 167 45 197
chair 0.0610 44 166 59 179
chair 0.0517 62 167 78 182
chair 0.0496 358 164 384 176
chair 0.0458 31 165 52 196
chair 0.0386 35 165 50 180
chair 0.0343 60 173 80 185
chair 0.0233 26 176 42 191
chair 0.0224 360 161 382 171
chair 0.0215 44 158 58 167
chair 0.0187 55 162 67 168
chair 0.0165 42 162 62 185
chair 0.0135 33 242 139 295
chair 0.0130 26 258 112 327
chair 0.0110 59 168 80 190
chair 0.0101 37 157 52 167
chair 0.0099 0 255 45 284
chair 0.0097 341 163 360 179
chair 0.0097 52 175 73 185
chair 0.0095 27 180 40 199
chair 0.0095 369 165 384 176
chair 0.0093 354 155 383 175
chair 0.0091 32 176 50 188
chair 0.0086 370 161 384 170
chair 0.0079 2 168 43 196
chair 0.0078 0 236 32 313
chair 0.0074 352 163 368 177
chair 0.0067 52 166 74 192
chair 0.0066 42 176 64 185
chair 0.0062 0 222 43 294
chair 0.0047 0 239 94 303
chair 0.0047 0 249 8 307
chair 0.0044 0 199 4 221
chair 0.0040 319 160 361 181
chair 0.0036 355 160 366 170
chair 0.0035 28 168 42 180
chair 0.0031 14 161 54 187
chair 0.0029 0 261 3 294
chair 0.0029 63 162 101 184
chair 0.0028 209 175 224 185
chair 0.0027 20 183 32 197
chair 0.0026 0 195 5 211
chair 0.0026 22 177 31 190
chair 0.0023 226 168 240 181
chair 0.0021 226 175 241 184
chair 0.0019 1 272 48 302
chair 0.0019 211 170 223 181
chair 0.0018 66 161 77 168
chair 0.0017 24 157 39 167
chair 0.0017 313 156 351 174
chair 0.0016 322 165 340 180
chair 0.0015 321 135 340 168
chair 0.0015 218 170 234 181
chair 0.0015 334 164 350 179
chair 0.0015 17 167 35 197
chair 0.0014 0 268 10 326
chair 0.0014 1 184 31 202
chair 0.0014 0 227 8 293
chair 0.0014 0 275 23 320
chair 0.0013 0 257 23 298
chair 0.0013 340 162 384 180
chair 0.0013 324 141 337 162
chair 0.0013 1 189 30 213
chair 0.0013 317 145 329 162
chair 0.0013 0 198 29 275
chair 0.0012 218 174 232 184
chair 0.0012 1 265 28 352
chair 0.0012 316 158 329 167
chair 0.0012 9 269 53 290
chair 0.0012 70 167 89 179
chair 0.0011 14 154 36 166
chair 0.0011 365 204 409 239
chair 0.0010 5 157 89 197
chair 0.0010 22 234 111 284
chair 0.0010 318 160 342 168
chair 0.0010 34 181 47 197
chair 0.0010 343 161 359 169
chair 0.0010 492 142 498 164
chair 0.0010 0 269 4 305
chair 0.0010 314 138 334 167
sofa 0.0029 13 230 129 326
pottedplant 0.3460 417 185 499 371
pottedplant 0.0302 99 159 120 185
pottedplant 0.0256 0 150 35 174
pottedplant 0.0192 1 153 8 169
pottedplant 0.0120 324 87 387 192
pottedplant 0.0108 418 122 432 167
pottedplant 0.0106 5 169 21 183
pottedplant 0.0081 484 155 500 191
pottedplant 0.0080 14 154 36 166
pottedplant 0.0055 3 321 61 374
pottedplant 0.0052 475 119 499 198
pottedplant 0.0045 1 148 8 162
pottedplant 0.0044 1 160 23 184
pottedplant 0.0043 37 157 52 167
pottedplant 0.0038 489 162 498 184
pottedplant 0.0031 97 165 108 179
pottedplant 0.0026 324 102 358 175
pottedplant 0.0024 353 94 386 184
pottedplant 0.0023 475 125 498 164
pottedplant 0.0023 0 144 31 209
pottedplant 0.0022 93 158 108 170
pottedplant 0.0021 72 159 90 167
pottedplant 0.0021 5 155 20 168
pottedplant 0.0019 440 142 499 331
pottedplant 0.0019 97 159 140 183
pottedplant 0.0019 2 160 42 187
pottedplant 0.0019 94 153 127 177
pottedplant 0.0019 487 123 499 166
pottedplant 0.0017 380 173 491 264
pottedplant 0.0017 418 153 432 192
pottedplant 0.0017 473 151 499 240
pottedplant 0.0016 0 147 14 180
pottedplant 0.0015 454 126 497 162
pottedplant 0.0015 269 168 278 179
pottedplant 0.0014 454 127 474 161
pottedplant 0.0014 13 151 36 162
pottedplant 0.0013 102 158 117 171
pottedplant 0.0013 0 199 4 221
pottedplant 0.0013 83 158 99 167
pottedplant 0.0013 90 94 133 133
pottedplant 0.0012 413 121 441 189
pottedplant 0.0012 0 143 23 169
pottedplant 0.0011 334 90 379 157
pottedplant 0.0011 56 159 194 191
pottedplant 0.0010 233 160 279 183
pottedplant 0.0010 90 130 126 189
pottedplant 0.0010 489 331 499 379
diningtable 0.0139 0 255 45 284
diningtable 0.0112 -1 240 46 313
diningtable 0.0100 358 164 384 176
diningtable 0.0056 0 245 44 274
diningtable 0.0041 -4 189 30 197
diningtable 0.0034 360 161 382 171
diningtable 0.0026 11 240 137 340
diningtable 0.0024 0 237 34 262
diningtable 0.0020 60 173 80 185
diningtable 0.0019 55 165 72 181
diningtable 0.0018 0 216 30 293
diningtable 0.0015 44 166 59 179
diningtable 0.0014 52 175 73 185
diningtable 0.0014 0 255 32 329
diningtable 0.0013 42 176 64 185
diningtable 0.0013 32 176 50 188
diningtable 0.0013 41 194 385 259
diningtable 0.0013 35 165 50 180
diningtable 0.0012 0 271 47 343
diningtable 0.0011 32 167 74 193
diningtable 0.0011 370 161 384 170
diningtable 0.0010 62 167 78 182
diningtable 0.0010 0 195 5 211
