person 0.0020 309 188 316 214
person 0.0013 0 132 11 339
bicycle 0.0011 348 173 445 302
bird 0.0018 36 61 68 88
bottle 0.0025 44 331 98 376
bottle 0.0020 176 192 184 210
bottle 0.0016 101 176 113 212
bottle 0.0016 57 242 71 297
bottle 0.0016 176 137 196 157
bottle 0.0015 43 255 60 303
bottle 0.0011 176 184 184 203
bottle 0.0010 14 270 51 308
chair 0.9980 186 188 267 333
chair 0.9904 123 196 191 341
chair 0.9803 49 198 124 354
chair 0.9516 343 180 464 295
chair 0.7510 56 178 116 223
chair 0.7065 443 217 497 328
chair 0.2099 191 175 215 213
chair 0.1880 0 221 123 366
chair 0.1245 417 170 483 301
chair 0.0970 397 165 468 276
chair 0.0711 0 217 62 367
chair 0.0580 185 172 220 224
chair 0.0550 373 178 452 250
chair 0.0439 130 193 185 213
chair 0.0222 340 201 417 306
chair 0.0193 179 197 215 310
chair 0.0184 10 284 53 374
chair 0.0184 184 183 218 250
chair 0.0173 0 212 19 370
chair 0.0153 381 203 487 305
chair 0.0107 342 184 381 242
chair 0.0105 428 187 469 280
chair 0.0088 450 201 492 276
chair 0.0087 78 176 116 210
chair 0.0086 451 268 504 343
chair 0.0084 147 187 167 199
chair 0.0084 71 176 109 194
chair 0.0083 140 193 180 276
chair 0.0082 258 161 289 237
chair 0.0073 125 197 135 210
chair 0.0069 44 331 98 376
chair 0.0069 414 165 452 234
chair 0.0064 422 220 491 288
chair 0.0064 149 178 187 203
chair 0.0062 180 198 214 224
chair 0.0059 152 190 211 324
chair 0.0053 99 204 238 320
chair 0.0050 115 198 183 221
chair 0.0046 101 176 113 212
chair 0.0045 3 239 63 304
chair 0.0043 57 180 71 224
chair 0.0043 140 184 178 204
chair 0.0036 45 208 129 257
chair 0.0035 0 162 12 349
chair 0.0035 12 249 51 338
chair 0.0035 339 121 474 240
chair 0.0034 190 170 220 200
chair 0.0034 470 225 497 326
chair 0.0033 350 204 370 240
chair 0.0032 316 134 492 320
chair 0.0032 122 195 137 229
chair 0.0031 196 192 212 209
chair 0.0031 192 189 215 229
chair 0.0029 45 197 158 233
chair 0.0029 109 200 129 209
chair 0.0028 123 184 201 219
chair 0.0028 176 184 184 203
chair 0.0025 26 251 46 289
chair 0.0025 430 163 467 238
chair 0.0024 208 166 223 201
chair 0.0023 441 137 498 297
chair 0.0023 95 201 146 220
chair 0.0022 100 194 139 212
chair 0.0022 53 167 119 274
chair 0.0021 -1 187 31 394
chair 0.0021 170 189 203 284
chair 0.0020 361 201 377 242
chair 0.0020 111 203 125 215
chair 0.0019 197 173 213 189
chair 0.0017 488 242 499 280
chair 0.0016 180 174 194 208
chair 0.0015 176 192 184 210
chair 0.0015 114 207 136 346
chair 0.0015 105 202 115 215
chair 0.0015 110 192 170 213
chair 0.0015 0 171 4 309
chair 0.0015 63 199 115 223
chair 0.0015 426 234 472 307
chair 0.0015 3 282 110 373
chair 0.0015 138 174 226 218
chair 0.0014 55 213 65 227
chair 0.0014 76 178 104 188
chair 0.0014 182 152 220 206
chair 0.0014 417 209 458 292
chair 0.0014 158 170 175 178
chair 0.0013 131 190 363 261
chair 0.0013 104 196 113 212
chair 0.0013 174 191 186 231
chair 0.0013 127 195 166 275
chair 0.0012 196 183 212 202
chair 0.0012 211 169 219 193
chair 0.0011 466 245 499 275
chair 0.0011 108 178 151 207
chair 0.0011 110 195 129 228
chair 0.0011 490 215 499 285
chair 0.0011 170 176 188 207
chair 0.0011 59 180 80 222
chair 0.0011 182 178 190 206
chair 0.0010 198 169 213 182
chair 0.0010 87 194 261 263
sofa 0.0100 344 187 461 309
sofa 0.0021 187 164 259 319
pottedplant 0.0103 176 137 196 157
pottedplant 0.0023 264 214 285 245
diningtable 0.2319 20 204 117 377
diningtable 0.0792 116 194 187 328
diningtable 0.0610 61 200 137 353
diningtable 0.0488 0 217 62 367
diningtable 0.0295 153 204 282 322
diningtable 0.0185 180 198 214 224
diningtable 0.0178 97 202 197 235
diningtable 0.0164 102 209 220 255
diningtable 0.0152 99 204 238 320
diningtable 0.0143 126 197 190 219
diningtable 0.0118 45 208 129 257
diningtable 0.0105 179 197 215 310
diningtable 0.0081 150 150 222 205
diningtable 0.0067 12 236 54 311
diningtable 0.0058 87 194 261 263
diningtable 0.0057 3 227 61 289
diningtable 0.0054 136 202 219 221
diningtable 0.0053 0 185 16 367
diningtable 0.0051 152 190 211 324
diningtable 0.0049 104 200 175 221
diningtable 0.0048 45 197 158 233
diningtable 0.0043 114 207 136 346
diningtable 0.0043 58 209 122 230
diningtable 0.0042 450 254 502 328
diningtable 0.0042 83 223 175 237
diningtable 0.0040 96 211 180 230
diningtable 0.0036 95 201 146 220
diningtable 0.0034 53 186 119 237
diningtable 0.0034 47 215 204 251
diningtable 0.0033 166 179 411 258
diningtable 0.0026 185 206 211 217
diningtable 0.0021 177 219 215 241
diningtable 0.0018 136 212 220 228
diningtable 0.0018 127 208 189 231
diningtable 0.0018 171 211 201 326
diningtable 0.0016 47 225 128 284
diningtable 0.0016 82 232 159 247
diningtable 0.0015 152 134 216 184
diningtable 0.0015 8 192 79 323
diningtable 0.0015 185 214 209 225
diningtable 0.0015 187 164 259 319
diningtable 0.0015 0 162 29 387
diningtable 0.0014 135 193 197 213
diningtable 0.0012 138 174 226 218
diningtable 0.0012 139 222 218 238
diningtable 0.0012 52 177 119 301
diningtable 0.0011 3 282 110 373
diningtable 0.0011 152 199 251 233
diningtable 0.0011 96 197 154 352
diningtable 0.0011 1 210 61 264
diningtable 0.0011 179 224 214 255
diningtable 0.0011 110 192 170 213
diningtable 0.0010 111 222 209 276
tvmonitor 0.9745 292 108 338 143
tvmonitor 0.1218 475 112 498 241
tvmonitor 0.0211 451 105 498 245
tvmonitor 0.0133 296 167 338 226
tvmonitor 0.0047 305 183 321 216
tvmonitor 0.0037 151 85 221 156
tvmonitor 0.0023 309 185 331 215
tvmonitor 0.0017 493 98 498 248
tvmonitor 0.0014 257 164 346 229
