person 0.9998 322 27 506 279
person 0.9989 215 46 360 235
person 0.9984 15 49 133 186
person 0.9962 105 37 233 222
person 0.7106 427 62 489 120
person 0.0780 1 72 28 150
person 0.0132 174 77 401 263
person 0.0122 0 68 7 144
person 0.0079 204 44 274 225
person 0.0074 0 61 12 114
person 0.0056 435 43 500 216
person 0.0042 6 102 26 147
person 0.0042 69 51 215 173
person 0.0038 1 33 27 121
person 0.0031 4 88 27 128
person 0.0031 132 69 275 204
person 0.0031 -2 49 192 227
person 0.0024 4 52 39 134
person 0.0022 0 94 5 157
person 0.0021 465 242 499 276
person 0.0019 2 83 21 214
person 0.0019 431 74 501 139
person 0.0017 0 78 3 116
person 0.0016 92 40 128 111
person 0.0012 0 221 64 268
person 0.0012 1 72 6 101
person 0.0011 -2 143 63 308
person 0.0010 0 90 1 160
person 0.0010 469 57 499 125
bottle 0.0060 0 214 24 247
bottle 0.0033 2 219 45 246
bottle 0.0033 6 99 27 134
bottle 0.0027 1 212 11 252
bottle 0.0024 0 221 7 243
bottle 0.0020 128 184 165 248
bottle 0.0020 0 213 5 231
bottle 0.0015 -13 170 229 274
bottle 0.0015 1 126 7 202
bottle 0.0015 0 139 3 169
bottle 0.0012 2 123 23 218
bottle 0.0012 0 208 62 251
bottle 0.0011 0 212 29 233
bottle 0.0011 0 170 3 198
bottle 0.0011 35 171 56 197
chair 0.2273 431 60 497 123
chair 0.0182 194 52 232 82
chair 0.0141 346 43 505 283
chair 0.0129 340 130 363 154
chair 0.0112 6 102 26 147
chair 0.0101 454 112 497 192
chair 0.0083 451 105 499 129
chair 0.0074 469 57 499 125
chair 0.0055 318 111 341 139
chair 0.0048 1 72 28 150
chair 0.0046 0 90 1 160
chair 0.0045 212 198 226 212
chair 0.0040 286 36 331 69
chair 0.0029 0 94 5 157
chair 0.0025 446 87 498 247
chair 0.0025 321 121 362 151
chair 0.0023 457 60 499 97
chair 0.0021 244 149 275 224
chair 0.0019 256 124 387 220
chair 0.0019 7 135 25 151
chair 0.0019 321 118 337 134
chair 0.0019 198 53 327 220
chair 0.0017 216 197 227 209
chair 0.0016 0 146 64 195
chair 0.0016 218 218 233 230
chair 0.0015 318 118 330 134
chair 0.0014 4 88 27 128
chair 0.0014 377 164 399 199
chair 0.0013 289 39 335 105
chair 0.0013 301 67 336 90
chair 0.0013 258 150 293 224
chair 0.0013 105 36 233 196
chair 0.0012 322 123 497 232
chair 0.0012 436 107 501 154
chair 0.0012 313 97 336 135
chair 0.0011 476 93 497 206
chair 0.0011 71 163 110 190
chair 0.0011 358 159 395 215
chair 0.0010 26 225 111 272
chair 0.0010 0 131 3 161
chair 0.0010 10 100 29 133
sofa 0.0985 431 60 497 123
sofa 0.0196 232 41 513 257
sofa 0.0073 198 53 327 220
sofa 0.0033 6 107 492 266
sofa 0.0026 194 52 232 82
sofa 0.0024 469 57 499 125
sofa 0.0019 435 43 500 216
sofa 0.0016 261 103 472 178
sofa 0.0015 105 36 233 196
sofa 0.0011 381 51 507 148
diningtable 0.5150 18 153 481 273
diningtable 0.2074 -13 170 229 274
diningtable 0.1284 41 205 465 280
diningtable 0.0134 183 215 409 282
diningtable 0.0051 206 188 454 266
diningtable 0.0027 0 167 64 209
diningtable 0.0026 0 146 64 195
diningtable 0.0025 59 223 189 268
diningtable 0.0021 233 70 504 269
diningtable 0.0017 -2 241 63 281
diningtable 0.0017 0 221 64 268
diningtable 0.0016 165 211 230 250
diningtable 0.0016 43 237 159 278
diningtable 0.0014 0 183 67 229
diningtable 0.0012 -5 170 111 267
diningtable 0.0010 0 133 63 280
diningtable 0.0010 219 245 417 276
diningtable 0.0010 198 53 327 220
tvmonitor 0.0070 286 36 331 69
