person 0.8822 316 205 328 242
person 0.8199 285 203 298 234
person 0.4255 271 211 283 231
person 0.4006 231 202 240 220
person 0.3483 435 229 445 251
person 0.2047 288 204 297 223
person 0.1799 228 198 243 228
person 0.1512 273 205 287 233
person 0.1074 276 205 284 221
person 0.1045 233 207 243 230
person 0.1004 273 204 282 219
person 0.0845 324 212 338 244
person 0.0750 229 197 237 212
person 0.0743 404 223 413 242
person 0.0734 435 224 445 239
person 0.0631 328 220 337 241
person 0.0589 437 222 451 252
person 0.0514 318 211 325 232
person 0.0471 440 230 450 250
person 0.0395 223 201 232 219
person 0.0386 440 223 451 239
person 0.0350 418 235 432 249
person 0.0303 432 219 447 248
person 0.0298 273 199 279 211
person 0.0284 404 231 414 248
person 0.0216 393 222 404 242
person 0.0190 391 219 408 248
person 0.0168 269 201 283 228
person 0.0154 326 215 334 231
person 0.0130 269 156 280 167
person 0.0129 413 234 424 248
person 0.0122 237 211 245 227
person 0.0120 26 90 481 277
person 0.0092 29 152 473 233
person 0.0082 255 213 274 226
person 0.0072 237 206 244 220
person 0.0068 224 198 233 211
person 0.0067 318 207 324 218
person 0.0060 254 189 262 210
person 0.0054 254 213 262 227
person 0.0053 255 207 287 231
person 0.0051 394 216 403 229
person 0.0049 419 240 431 252
person 0.0044 271 221 281 232
person 0.0042 253 205 261 220
person 0.0041 400 218 415 247
person 0.0040 220 198 235 226
person 0.0037 155 149 161 158
person 0.0034 191 97 201 108
person 0.0034 411 225 424 237
person 0.0031 334 225 345 239
person 0.0030 331 217 348 243
person 0.0027 451 224 460 239
person 0.0025 230 207 243 246
person 0.0025 273 210 311 232
person 0.0025 439 217 450 229
person 0.0024 449 233 465 250
person 0.0024 317 195 325 208
person 0.0021 435 239 443 253
person 0.0021 269 153 277 161
person 0.0021 255 191 261 199
person 0.0019 137 150 145 159
person 0.0018 223 207 231 227
person 0.0018 276 221 286 233
person 0.0017 417 226 454 252
person 0.0017 258 153 273 168
person 0.0016 433 217 445 227
person 0.0015 415 230 436 251
person 0.0015 392 230 406 247
person 0.0015 459 223 466 239
person 0.0015 415 240 426 252
person 0.0015 294 215 307 227
person 0.0014 289 199 295 210
person 0.0014 335 214 343 228
person 0.0012 190 93 200 106
person 0.0011 327 205 335 220
person 0.0011 409 227 428 251
person 0.0010 31 102 41 113
person 0.0010 277 198 284 212
person 0.0010 277 159 284 167
person 0.0010 251 188 263 219
person 0.0010 296 207 303 219
bicycle 0.0019 255 213 274 226
car 0.0033 253 209 276 228
train 0.9989 20 147 230 251
train 0.0017 8 155 410 234
bottle 0.0016 271 211 283 231
bottle 0.0012 435 229 445 251
chair 0.0433 255 213 274 226
chair 0.0139 435 229 445 251
chair 0.0127 271 211 283 231
chair 0.0120 286 206 297 232
chair 0.0075 440 230 450 250
chair 0.0036 404 231 414 248
chair 0.0035 253 208 280 230
chair 0.0033 257 210 272 219
chair 0.0023 233 207 243 230
chair 0.0021 418 235 432 249
chair 0.0019 413 234 424 248
chair 0.0019 254 213 262 227
chair 0.0015 273 204 282 219
chair 0.0015 435 239 443 253
chair 0.0011 401 240 414 252
pottedplant 0.3362 418 235 432 249
pottedplant 0.2090 391 219 408 248
pottedplant 0.2035 404 231 414 248
pottedplant 0.1327 392 230 406 247
pottedplant 0.1119 413 234 424 248
pottedplant 0.1073 393 222 404 242
pottedplant 0.1055 419 240 431 252
pottedplant 0.0671 440 230 450 250
pottedplant 0.0644 404 223 413 242
pottedplant 0.0622 437 222 451 252
pottedplant 0.0527 435 229 445 251
pottedplant 0.0396 447 229 467 253
pottedplant 0.0395 415 230 436 251
pottedplant 0.0373 440 223 451 239
pottedplant 0.0349 399 224 415 252
pottedplant 0.0320 356 223 379 235
pottedplant 0.0282 416 226 435 236
pottedplant 0.0218 401 240 414 252
pottedplant 0.0202 415 240 426 252
pottedplant 0.0150 392 241 407 252
pottedplant 0.0146 411 225 424 237
pottedplant 0.0139 433 217 445 227
pottedplant 0.0138 388 230 396 246
pottedplant 0.0137 409 227 428 251
pottedplant 0.0133 432 219 447 248
pottedplant 0.0117 439 217 450 229
pottedplant 0.0109 415 218 437 244
pottedplant 0.0097 409 211 444 231
pottedplant 0.0095 435 224 445 239
pottedplant 0.0094 418 217 435 228
pottedplant 0.0092 341 226 357 238
pottedplant 0.0090 411 216 424 228
pottedplant 0.0076 390 226 425 252
pottedplant 0.0074 435 239 443 253
pottedplant 0.0065 388 225 396 241
pottedplant 0.0065 403 216 415 228
pottedplant 0.0056 394 216 403 229
pottedplant 0.0054 400 206 417 238
pottedplant 0.0048 451 224 460 239
pottedplant 0.0044 441 239 448 252
pottedplant 0.0038 459 233 467 247
pottedplant 0.0032 468 242 482 253
pottedplant 0.0030 459 223 466 239
pottedplant 0.0028 334 225 345 239
pottedplant 0.0023 417 226 454 252
pottedplant 0.0023 391 205 408 240
pottedplant 0.0022 358 219 378 229
pottedplant 0.0021 328 220 337 241
pottedplant 0.0020 408 210 427 235
pottedplant 0.0017 430 226 464 252
pottedplant 0.0016 374 213 387 228
pottedplant 0.0012 387 183 468 247
pottedplant 0.0012 436 209 454 235
pottedplant 0.0011 358 211 378 236
pottedplant 0.0011 416 236 434 257
pottedplant 0.0011 373 212 457 253
diningtable 0.0126 255 213 274 226
diningtable 0.0041 416 226 435 236
diningtable 0.0027 271 211 283 231
diningtable 0.0015 435 229 445 251
diningtable 0.0012 418 235 432 249
