person 0.3459 141 91 162 118
person 0.0667 145 96 160 115
person 0.0186 234 108 278 141
person 0.0103 204 95 279 140
person 0.0097 145 86 166 113
person 0.0057 241 102 283 131
person 0.0046 215 98 258 132
person 0.0045 26 65 525 319
person 0.0044 142 89 154 101
person 0.0037 145 96 163 129
person 0.0030 134 89 163 140
person 0.0030 254 109 289 141
person 0.0030 300 95 337 152
person 0.0027 318 92 353 153
person 0.0027 333 101 350 147
person 0.0027 320 113 385 158
person 0.0026 149 104 161 118
person 0.0022 284 103 302 147
person 0.0021 236 97 318 145
person 0.0019 334 93 373 154
person 0.0015 339 134 383 158
person 0.0014 144 105 157 119
person 0.0012 314 118 327 129
person 0.0011 123 90 159 120
car 0.9903 9 71 473 316
car 0.0144 300 74 501 238
car 0.0015 355 93 436 144
car 0.0013 380 77 443 132
motorbike 0.0014 5 87 477 336
sofa 0.0028 304 113 504 236
pottedplant 0.0019 385 68 417 91
diningtable 0.0015 -6 91 456 331
