person 0.1364 38 177 44 187
person 0.1046 90 171 96 184
person 0.0883 62 178 66 186
person 0.0573 34 178 39 186
person 0.0226 68 177 72 185
person 0.0196 90 167 97 180
person 0.0076 50 179 55 185
person 0.0045 96 176 100 183
person 0.0037 183 156 193 166
person 0.0028 40 183 44 188
person 0.0028 32 185 37 189
person 0.0025 192 156 197 165
person 0.0024 61 182 66 188
person 0.0015 94 168 101 176
aeroplane 0.0231 9 93 118 188
boat 0.9826 31 85 105 192
boat 0.9641 173 150 233 177
boat 0.8542 457 149 495 168
boat 0.0324 353 157 363 169
boat 0.0306 27 152 105 192
boat 0.0252 495 156 498 165
boat 0.0236 354 164 363 171
boat 0.0214 225 153 231 168
boat 0.0172 346 166 358 173
boat 0.0084 462 156 490 164
boat 0.0079 413 167 423 172
boat 0.0060 495 146 498 159
boat 0.0059 222 164 230 170
boat 0.0058 32 171 92 190
boat 0.0057 348 157 358 169
boat 0.0056 19 179 108 195
boat 0.0056 183 156 193 166
boat 0.0053 177 166 182 170
boat 0.0050 480 148 491 156
boat 0.0046 456 105 494 168
boat 0.0044 478 155 492 163
boat 0.0043 392 167 405 172
boat 0.0041 470 148 483 157
boat 0.0041 403 167 414 171
boat 0.0039 178 149 198 173
boat 0.0036 420 167 433 171
boat 0.0035 448 141 490 166
boat 0.0035 250 157 259 165
boat 0.0033 496 164 499 173
boat 0.0031 384 167 395 172
boat 0.0024 30 157 38 165
boat 0.0024 120 131 455 178
boat 0.0023 6 67 124 179
boat 0.0022 177 159 182 166
boat 0.0021 34 88 74 180
boat 0.0020 464 142 498 164
boat 0.0019 228 154 236 167
boat 0.0019 412 159 424 166
boat 0.0019 421 159 433 166
boat 0.0018 219 148 234 175
boat 0.0018 463 147 471 157
boat 0.0017 39 156 84 186
boat 0.0017 457 159 496 175
boat 0.0016 402 159 414 166
boat 0.0016 375 167 386 172
boat 0.0015 382 143 483 175
boat 0.0015 314 169 329 174
boat 0.0015 305 169 320 174
boat 0.0015 398 154 457 170
boat 0.0013 61 90 101 182
boat 0.0013 393 159 405 166
boat 0.0013 335 168 348 173
boat 0.0012 46 82 86 166
boat 0.0012 180 163 194 171
boat 0.0012 364 167 376 173
boat 0.0012 350 148 368 176
boat 0.0012 94 168 101 176
boat 0.0011 159 147 322 173
boat 0.0011 258 158 268 164
boat 0.0011 115 156 253 180
boat 0.0011 67 152 72 157
boat 0.0010 295 168 310 173
boat 0.0010 230 166 235 170
boat 0.0010 440 135 504 174
boat 0.0010 397 162 458 174
boat 0.0010 328 160 373 177
horse 0.0013 9 93 118 188
