person 0.9942 0 58 239 326
person 0.9903 254 51 488 311
person 0.2692 0 104 25 208
person 0.1029 -1 67 18 168
person 0.0946 0 79 10 148
person 0.0493 0 71 28 280
person 0.0173 172 55 204 114
person 0.0154 444 117 497 234
person 0.0132 0 61 8 129
person 0.0122 475 108 500 234
person 0.0094 0 16 15 151
person 0.0087 0 145 19 282
person 0.0080 411 91 488 223
person 0.0075 0 102 9 180
person 0.0069 -3 17 31 219
person 0.0062 210 47 236 107
person 0.0048 477 162 499 266
person 0.0044 0 79 4 110
person 0.0042 0 141 9 200
person 0.0040 0 78 2 129
person 0.0036 473 75 498 316
person 0.0030 0 76 4 94
person 0.0027 489 172 499 227
person 0.0026 255 80 293 121
person 0.0026 477 186 500 319
person 0.0025 0 33 6 116
person 0.0024 211 93 268 139
person 0.0022 163 56 326 146
person 0.0019 0 194 7 263
person 0.0019 152 124 216 184
person 0.0017 452 294 500 332
person 0.0017 1 97 4 148
person 0.0015 220 84 295 196
person 0.0015 0 58 2 92
person 0.0015 477 90 494 105
person 0.0013 177 51 199 80
person 0.0013 0 154 6 224
person 0.0012 474 241 499 330
person 0.0012 183 82 258 199
person 0.0012 0 83 49 302
person 0.0012 495 83 499 107
person 0.0012 492 144 499 237
person 0.0011 487 186 498 250
person 0.0010 -2 76 72 128
person 0.0010 0 42 2 88
car 0.0011 214 70 450 315
sheep 0.0011 151 117 213 170
bottle 0.9625 39 101 65 180
bottle 0.9361 16 97 40 181
bottle 0.7249 210 45 234 105
bottle 0.5240 52 101 76 175
bottle 0.4825 18 97 35 150
bottle 0.2602 63 116 80 168
bottle 0.2196 35 114 47 170
bottle 0.1817 55 97 71 149
bottle 0.1760 17 113 34 170
bottle 0.1380 0 104 25 208
bottle 0.0929 58 94 68 114
bottle 0.0864 172 62 202 130
bottle 0.0737 42 98 57 148
bottle 0.0632 28 98 41 165
bottle 0.0406 31 154 47 183
bottle 0.0377 36 100 52 148
bottle 0.0322 19 136 33 186
bottle 0.0260 0 101 10 162
bottle 0.0259 171 76 188 130
bottle 0.0209 178 55 209 114
bottle 0.0208 62 99 78 150
bottle 0.0191 66 152 80 172
bottle 0.0179 171 64 187 109
bottle 0.0159 36 118 45 146
bottle 0.0142 57 101 69 121
bottle 0.0085 28 160 39 182
bottle 0.0077 26 143 42 183
bottle 0.0071 206 50 238 136
bottle 0.0068 45 101 56 123
bottle 0.0063 187 71 202 136
bottle 0.0061 23 94 38 137
bottle 0.0060 70 114 85 154
bottle 0.0058 46 97 57 110
bottle 0.0056 69 115 78 132
bottle 0.0050 32 118 39 146
bottle 0.0049 72 153 86 171
bottle 0.0041 22 159 31 183
bottle 0.0039 68 120 78 144
bottle 0.0038 58 152 68 175
bottle 0.0036 52 122 67 178
bottle 0.0035 -2 61 225 302
bottle 0.0033 38 112 45 134
bottle 0.0033 -1 67 18 168
bottle 0.0032 -1 55 30 259
bottle 0.0032 176 54 199 98
bottle 0.0031 20 151 30 171
bottle 0.0030 11 125 18 142
bottle 0.0029 18 122 28 143
bottle 0.0029 30 153 40 172
bottle 0.0027 18 131 30 150
bottle 0.0027 14 102 78 174
bottle 0.0026 59 92 68 101
bottle 0.0025 172 66 183 83
bottle 0.0024 213 111 221 136
bottle 0.0024 178 74 195 131
bottle 0.0022 71 132 87 172
bottle 0.0020 67 106 74 120
bottle 0.0019 66 133 78 150
bottle 0.0018 32 127 39 154
bottle 0.0018 77 134 85 151
bottle 0.0018 45 142 65 179
bottle 0.0017 38 127 45 155
bottle 0.0017 204 97 221 134
bottle 0.0016 19 143 31 161
bottle 0.0016 11 132 19 148
bottle 0.0016 2 105 5 158
bottle 0.0015 1 121 4 162
bottle 0.0014 78 142 87 160
bottle 0.0014 -2 81 54 229
bottle 0.0013 1 97 4 148
bottle 0.0011 247 93 260 114
bottle 0.0011 0 133 3 170
bottle 0.0011 40 103 50 123
bottle 0.0010 47 109 56 134
bottle 0.0010 65 97 71 112
chair 0.9554 210 126 265 264
chair 0.9086 446 126 486 222
chair 0.8116 474 102 500 211
chair 0.5370 152 124 216 184
chair 0.3261 291 101 338 177
chair 0.3189 284 53 495 327
chair 0.2745 262 99 341 211
chair 0.1372 475 89 496 116
chair 0.1278 258 118 291 196
chair 0.1211 160 151 216 187
chair 0.1058 255 80 293 121
chair 0.0921 214 105 255 138
chair 0.0857 445 116 496 271
chair 0.0783 477 94 493 109
chair 0.0718 282 91 321 112
chair 0.0662 413 91 488 142
chair 0.0511 187 121 263 337
chair 0.0424 476 224 499 323
chair 0.0370 411 91 488 223
chair 0.0357 277 110 320 192
chair 0.0312 248 126 275 223
chair 0.0296 307 92 335 113
chair 0.0293 255 123 487 200
chair 0.0260 452 294 500 332
chair 0.0242 476 97 497 127
chair 0.0231 408 155 432 166
chair 0.0192 204 97 221 134
chair 0.0149 254 77 333 118
chair 0.0146 0 147 247 335
chair 0.0132 436 154 476 230
chair 0.0128 455 244 500 329
chair 0.0122 288 96 313 109
chair 0.0118 227 251 263 325
chair 0.0109 495 83 499 107
chair 0.0107 309 90 335 100
chair 0.0105 0 112 24 238
chair 0.0092 226 129 281 331
chair 0.0090 493 93 498 112
chair 0.0089 477 104 495 120
chair 0.0084 474 83 499 160
chair 0.0082 478 133 498 255
chair 0.0081 161 136 271 263
chair 0.0076 239 250 274 328
chair 0.0071 307 97 319 108
chair 0.0068 494 98 499 224
chair 0.0067 486 185 498 232
chair 0.0063 327 138 454 169
chair 0.0054 216 95 293 140
chair 0.0054 490 289 499 338
chair 0.0052 66 78 278 319
chair 0.0051 492 144 499 237
chair 0.0051 402 291 497 331
chair 0.0050 420 142 490 325
chair 0.0049 157 112 201 173
chair 0.0045 418 93 476 116
chair 0.0045 216 109 366 207
chair 0.0044 477 190 501 228
chair 0.0041 0 85 10 158
chair 0.0041 236 91 259 115
chair 0.0039 380 239 497 328
chair 0.0038 0 194 7 263
chair 0.0037 419 102 460 123
chair 0.0036 250 106 307 243
chair 0.0033 227 97 264 131
chair 0.0032 18 84 67 102
chair 0.0032 225 121 292 190
chair 0.0032 401 128 470 183
chair 0.0031 203 90 273 224
chair 0.0030 496 287 499 326
chair 0.0030 206 94 440 172
chair 0.0029 257 127 272 194
chair 0.0028 254 240 491 324
chair 0.0028 180 145 222 195
chair 0.0027 217 109 298 167
chair 0.0027 89 72 484 324
chair 0.0027 404 111 472 164
chair 0.0027 217 215 272 331
chair 0.0026 257 117 290 145
chair 0.0026 286 99 322 122
chair 0.0026 412 111 420 132
chair 0.0026 460 99 492 182
chair 0.0026 284 87 337 103
chair 0.0025 188 93 259 140
chair 0.0025 319 123 464 159
chair 0.0024 259 190 273 248
chair 0.0024 307 101 486 175
chair 0.0023 247 93 260 114
chair 0.0023 377 81 507 332
chair 0.0022 478 168 500 299
chair 0.0022 240 95 253 111
chair 0.0021 473 75 498 316
chair 0.0021 492 247 499 345
chair 0.0020 205 127 273 193
chair 0.0019 0 79 4 110
chair 0.0019 213 111 221 136
chair 0.0019 162 132 239 334
chair 0.0019 495 186 499 214
chair 0.0019 497 65 499 104
chair 0.0018 265 125 286 179
chair 0.0018 215 99 261 174
sofa 0.0033 476 224 499 323
sofa 0.0022 0 147 247 335
sofa 0.0021 214 70 450 315
sofa 0.0012 211 84 362 177
sofa 0.0012 255 123 487 200
diningtable 0.1479 151 117 213 170
diningtable 0.1017 135 80 295 171
diningtable 0.0867 4 56 240 306
diningtable 0.0496 158 125 234 185
diningtable 0.0335 477 162 499 266
diningtable 0.0288 477 186 500 319
diningtable 0.0172 152 112 271 220
diningtable 0.0169 162 115 276 164
diningtable 0.0165 477 190 501 228
diningtable 0.0155 486 185 498 232
diningtable 0.0153 0 194 7 263
diningtable 0.0146 6 88 199 175
diningtable 0.0114 474 241 499 330
diningtable 0.0112 211 84 362 177
diningtable 0.0110 163 56 326 146
diningtable 0.0076 475 108 500 234
diningtable 0.0070 0 172 17 294
diningtable 0.0068 211 93 268 139
diningtable 0.0055 495 186 499 214
diningtable 0.0054 493 194 499 222
diningtable 0.0047 3 56 424 350
diningtable 0.0043 126 67 301 273
diningtable 0.0038 255 104 482 172
diningtable 0.0034 0 187 5 307
diningtable 0.0030 413 91 488 142
diningtable 0.0029 257 117 290 145
diningtable 0.0028 469 152 500 352
diningtable 0.0027 163 79 239 199
diningtable 0.0025 181 124 261 188
diningtable 0.0021 6 77 78 128
diningtable 0.0021 80 121 269 197
diningtable 0.0021 443 129 498 335
diningtable 0.0021 -26 127 232 198
diningtable 0.0021 2 147 208 341
diningtable 0.0020 493 205 498 231
diningtable 0.0019 199 64 454 137
diningtable 0.0019 146 55 348 204
diningtable 0.0019 491 184 498 273
diningtable 0.0018 282 91 321 112
diningtable 0.0018 227 97 264 131
diningtable 0.0017 65 55 284 142
diningtable 0.0016 234 91 262 115
diningtable 0.0014 217 109 298 167
diningtable 0.0014 319 123 464 159
diningtable 0.0013 477 209 499 247
diningtable 0.0013 258 118 291 196
diningtable 0.0012 -3 112 115 204
diningtable 0.0012 238 111 290 135
diningtable 0.0011 0 197 4 222
diningtable 0.0010 154 144 219 196
diningtable 0.0010 162 148 215 180
