person 0.9963 118 21 359 329
person 0.1448 429 1 500 158
person 0.0069 438 1 497 47
person 0.0045 475 4 499 122
person 0.0021 466 -16 501 175
cat 0.0731 429 1 500 158
cat 0.0130 438 1 497 47
cat 0.0067 320 51 392 104
cat 0.0059 473 23 499 133
cat 0.0050 428 106 499 166
cat 0.0019 311 46 400 185
cat 0.0010 113 45 367 331
dog 0.4530 429 1 500 158
dog 0.1213 320 51 392 104
dog 0.0643 311 46 400 185
dog 0.0146 473 23 499 133
dog 0.0127 428 106 499 166
dog 0.0100 434 43 498 268
dog 0.0077 438 1 497 47
dog 0.0028 466 -16 501 175
dog 0.0027 485 84 500 265
dog 0.0021 472 -1 499 313
dog 0.0015 433 42 501 117
dog 0.0010 482 31 499 203
horse 0.0031 421 15 498 177
sheep 0.0010 421 15 498 177
cow 0.0016 311 46 400 185
cow 0.0011 421 15 498 177
chair 0.8352 94 18 330 233
chair 0.4283 3 -10 129 210
chair 0.1060 73 -3 371 343
chair 0.0562 7 4 128 114
chair 0.0251 121 7 301 102
chair 0.0128 49 25 234 233
chair 0.0080 177 12 316 154
chair 0.0080 419 4 499 156
chair 0.0075 62 1 143 52
chair 0.0048 113 137 184 253
chair 0.0041 193 1 292 48
chair 0.0039 0 0 55 158
chair 0.0038 61 31 298 141
chair 0.0033 4 47 93 102
chair 0.0027 107 65 306 179
chair 0.0026 145 0 212 41
chair 0.0020 0 21 15 178
chair 0.0020 2 74 92 236
chair 0.0018 302 58 414 185
chair 0.0016 18 8 254 93
chair 0.0012 2 8 60 70
chair 0.0011 4 26 187 294
chair 0.0011 82 71 269 321
chair 0.0010 0 14 5 135
chair 0.0010 0 15 47 104
chair 0.0010 473 23 499 133
sofa 0.1693 132 16 352 241
sofa 0.1074 107 3 454 343
sofa 0.0095 419 4 499 156
sofa 0.0058 55 -1 301 197
sofa 0.0023 177 66 388 326
sofa 0.0019 322 82 495 330
sofa 0.0018 311 46 400 185
sofa 0.0013 121 7 301 102
diningtable 0.0030 66 17 286 233
diningtable 0.0023 -1 12 126 228
diningtable 0.0021 61 31 298 141
diningtable 0.0017 3 40 95 92
diningtable 0.0016 53 10 299 96
diningtable 0.0014 5 2 358 330
