person 0.0184 280 83 292 106
person 0.0181 277 92 287 111
person 0.0173 268 95 282 110
person 0.0138 233 86 256 123
person 0.0087 197 102 210 119
person 0.0080 197 100 211 112
person 0.0051 233 87 254 102
person 0.0048 275 86 291 115
person 0.0046 195 98 215 123
person 0.0018 195 98 206 113
person 0.0016 195 98 236 126
person 0.0010 266 92 286 114
bicycle 0.0011 425 127 486 186
car 0.1091 2 73 122 237
car 0.0521 8 69 204 264
car 0.0472 67 75 273 174
car 0.0059 241 31 434 250
car 0.0059 493 111 499 133
car 0.0057 491 106 500 161
car 0.0053 494 106 499 124
car 0.0049 425 127 486 186
car 0.0045 495 122 499 143
car 0.0037 440 131 486 168
car 0.0034 229 110 291 159
car 0.0032 284 50 383 118
car 0.0025 410 100 458 122
car 0.0025 223 101 269 125
car 0.0018 242 109 287 136
car 0.0017 171 96 274 141
car 0.0015 401 106 464 175
car 0.0014 253 120 292 146
car 0.0014 247 107 262 118
car 0.0011 2 74 69 210
motorbike 0.9997 248 37 469 283
motorbike 0.9951 32 68 284 266
motorbike 0.0090 425 127 486 186
motorbike 0.0076 70 100 261 230
motorbike 0.0066 2 73 122 237
motorbike 0.0063 40 131 233 254
motorbike 0.0011 407 83 492 190
motorbike 0.0011 278 46 391 131
aeroplane 0.0336 15 49 266 229
aeroplane 0.0059 2 73 122 237
aeroplane 0.0012 8 71 180 188
bus 0.0338 2 73 122 237
bus 0.0040 15 49 266 229
bus 0.0022 8 71 180 188
bus 0.0010 493 111 499 133
train 0.0041 7 70 119 198
boat 0.0039 15 49 266 229
boat 0.0013 67 75 273 174
bird 0.0015 159 58 194 78
horse 0.0010 8 69 204 264
chair 0.0386 425 127 486 186
chair 0.0040 440 131 486 168
chair 0.0025 410 119 452 187
chair 0.0011 495 133 499 169
chair 0.0010 494 152 499 169
pottedplant 0.0011 233 87 254 102
