person 0.0169 147 249 154 255
person 0.0012 96 265 104 275
bicycle 0.0023 339 301 489 369
bicycle 0.0018 334 241 492 359
car 0.0709 147 249 154 255
car 0.0541 202 237 209 243
car 0.0489 165 238 175 243
car 0.0252 169 238 179 243
car 0.0201 221 262 229 271
car 0.0165 210 238 217 244
car 0.0159 212 246 219 252
car 0.0122 184 238 191 243
car 0.0102 196 237 203 244
car 0.0096 26 32 481 344
car 0.0045 15 181 490 355
car 0.0038 202 242 209 250
car 0.0038 200 228 207 237
car 0.0029 268 258 313 286
car 0.0021 157 238 163 243
car 0.0018 151 247 160 254
car 0.0016 146 252 153 259
car 0.0011 197 229 203 236
motorbike 0.0089 147 249 154 255
motorbike 0.0068 334 241 492 359
motorbike 0.0049 181 167 485 365
motorbike 0.0037 339 301 489 369
aeroplane 0.0979 26 32 481 344
aeroplane 0.0010 181 167 485 365
train 0.0012 26 32 481 344
boat 0.1332 26 32 481 344
boat 0.0505 322 173 500 364
boat 0.0490 268 258 313 286
boat 0.0197 362 242 500 360
boat 0.0104 311 14 502 349
boat 0.0067 181 167 485 365
boat 0.0053 303 235 367 283
boat 0.0034 208 49 454 322
boat 0.0025 266 251 323 296
boat 0.0024 339 301 489 369
boat 0.0018 292 253 447 356
boat 0.0017 371 176 494 285
boat 0.0015 349 221 443 283
boat 0.0011 281 175 350 295
boat 0.0010 276 243 354 296
bird 0.0017 435 171 447 191
sheep 0.0010 221 262 229 271
bottle 0.0034 342 237 359 278
chair 0.0343 479 254 499 365
chair 0.0342 334 241 492 359
chair 0.0252 339 301 489 369
chair 0.0158 360 209 499 328
chair 0.0082 404 320 496 374
chair 0.0075 436 232 498 359
chair 0.0062 435 174 500 297
chair 0.0034 430 247 502 297
chair 0.0021 459 259 496 360
chair 0.0011 324 119 498 339
chair 0.0010 338 324 455 373
chair 0.0010 451 182 498 258
tvmonitor 0.0017 26 32 481 344
