person 0.9920 85 -14 322 255
person 0.2247 35 16 460 236
person 0.2225 359 0 426 115
person 0.0752 295 6 372 71
person 0.0617 449 -5 500 169
person 0.0472 478 -1 498 161
person 0.0338 284 1 357 54
person 0.0221 419 4 486 67
person 0.0199 339 6 464 106
person 0.0181 0 1 43 77
person 0.0151 417 -1 491 161
person 0.0149 3 3 119 102
person 0.0146 318 3 391 119
person 0.0130 466 107 500 172
person 0.0103 128 69 305 268
person 0.0092 386 6 497 107
person 0.0066 1 -2 31 57
person 0.0057 457 137 501 168
person 0.0055 279 2 358 119
person 0.0048 0 0 35 33
person 0.0046 266 5 335 70
person 0.0043 289 27 380 84
person 0.0042 474 -2 499 83
person 0.0041 0 6 9 65
person 0.0038 61 2 202 96
person 0.0032 3 0 94 51
person 0.0031 322 74 392 125
person 0.0027 126 11 169 77
person 0.0025 320 9 363 43
person 0.0024 0 -3 21 119
person 0.0022 316 2 387 52
person 0.0022 334 10 419 142
person 0.0022 392 5 426 114
person 0.0021 0 -4 9 40
person 0.0021 280 0 318 57
person 0.0020 458 68 498 168
person 0.0019 449 104 499 322
person 0.0018 417 3 454 71
person 0.0017 91 28 163 92
person 0.0016 331 4 375 78
person 0.0016 471 117 498 232
person 0.0015 276 52 355 115
person 0.0015 0 5 6 105
person 0.0015 83 9 172 75
person 0.0014 470 61 498 332
person 0.0014 0 2 5 34
person 0.0013 175 11 384 251
person 0.0013 445 5 469 45
person 0.0013 331 5 422 74
person 0.0012 130 13 167 45
person 0.0011 452 5 494 71
person 0.0011 467 29 500 204
person 0.0010 18 12 108 63
person 0.0010 360 2 426 51
bicycle 0.0018 271 28 391 128
bicycle 0.0017 311 -3 494 170
cat 0.0635 164 91 379 266
dog 0.9613 159 97 365 266
dog 0.0085 322 74 392 125
dog 0.0014 277 69 354 123
sheep 0.0025 160 105 368 269
chair 0.0087 17 7 477 193
chair 0.0037 120 -3 361 247
chair 0.0017 3 3 119 102
chair 0.0017 128 69 305 268
chair 0.0014 61 2 202 96
chair 0.0012 94 49 156 103
chair 0.0011 266 10 391 103
