person 0.9936 105 100 235 313
person 0.9201 299 263 318 318
person 0.0631 291 257 317 347
person 0.0061 124 104 213 248
person 0.0017 300 279 316 334
dog 0.0029 254 304 312 357
horse 0.9938 91 145 248 474
horse 0.8584 253 308 315 365
horse 0.0310 114 121 251 347
horse 0.0113 247 303 316 408
horse 0.0068 280 293 317 356
horse 0.0053 278 330 316 391
horse 0.0047 248 318 264 355
horse 0.0041 284 333 316 355
horse 0.0039 245 319 274 396
horse 0.0021 256 318 300 390
horse 0.0020 239 356 273 435
horse 0.0019 243 353 314 393
horse 0.0016 265 322 316 354
horse 0.0016 260 269 318 374
horse 0.0014 97 272 130 341
horse 0.0014 71 157 198 398
horse 0.0013 252 316 272 356
horse 0.0011 232 314 292 441
horse 0.0010 91 196 229 338
cow 0.0057 254 304 312 357
