person 0.0313 434 3 497 65
person 0.0055 467 1 500 67
person 0.0015 437 -3 500 121
cat 0.0039 224 99 383 225
dog 0.9869 227 100 395 224
dog 0.0024 434 3 497 65
horse 0.0492 434 3 497 65
horse 0.0073 467 1 500 67
horse 0.0025 437 -3 500 121
horse 0.0024 145 4 212 28
sheep 0.0253 145 4 212 28
sheep 0.0108 434 3 497 65
sheep 0.0099 139 2 264 31
sheep 0.0035 467 1 500 67
sheep 0.0015 137 5 179 28
sheep 0.0015 170 8 222 27
sheep 0.0010 224 99 383 225
cow 0.0147 434 3 497 65
cow 0.0048 145 4 212 28
cow 0.0014 467 1 500 67
cow 0.0013 139 2 264 31
cow 0.0011 437 -3 500 121
