person 0.0394 194 293 353 359
person 0.0050 222 316 341 362
person 0.0023 417 24 478 206
person 0.0022 94 137 210 215
person 0.0014 -2 242 142 356
person 0.0013 255 30 366 106
person 0.0013 -2 278 48 356
person 0.0010 456 100 478 208
bicycle 0.0025 264 104 345 225
bicycle 0.0015 111 139 198 204
bicycle 0.0011 417 24 478 206
car 0.0037 455 151 478 224
car 0.0029 417 24 478 206
bird 0.0017 94 137 210 215
cat 0.0025 94 137 210 215
bottle 0.0025 83 129 102 168
bottle 0.0012 146 95 156 107
chair 0.4774 205 86 291 223
chair 0.3185 417 24 478 206
chair 0.0752 309 103 373 205
chair 0.0448 449 288 480 357
chair 0.0248 418 -3 476 124
chair 0.0238 353 279 475 356
chair 0.0227 417 116 479 185
chair 0.0172 329 295 386 349
chair 0.0159 456 124 478 219
chair 0.0097 266 99 344 214
chair 0.0082 219 150 285 219
chair 0.0081 421 303 481 358
chair 0.0070 177 125 322 214
chair 0.0055 201 44 259 188
chair 0.0046 420 87 480 147
chair 0.0046 427 231 480 360
chair 0.0045 455 162 480 210
chair 0.0045 330 305 364 360
chair 0.0030 95 51 178 172
chair 0.0029 208 101 286 167
chair 0.0028 205 93 248 178
chair 0.0027 307 111 340 194
chair 0.0027 431 98 477 171
chair 0.0024 284 110 323 198
chair 0.0024 432 134 477 207
chair 0.0023 461 69 478 200
chair 0.0020 316 139 361 202
chair 0.0019 328 106 434 208
chair 0.0016 289 126 415 219
chair 0.0014 325 138 406 199
chair 0.0012 270 132 305 209
chair 0.0011 335 290 422 351
chair 0.0010 435 326 478 361
sofa 0.0064 417 52 478 213
sofa 0.0029 151 298 335 356
sofa 0.0025 456 124 478 219
sofa 0.0022 209 317 329 362
sofa 0.0010 449 288 480 357
pottedplant 0.9592 262 49 347 108
pottedplant 0.9057 1 64 64 280
pottedplant 0.8944 340 131 413 200
pottedplant 0.7679 6 41 58 87
pottedplant 0.7050 12 239 162 353
pottedplant 0.4961 73 173 139 248
pottedplant 0.4630 67 139 206 230
pottedplant 0.3853 355 233 478 352
pottedplant 0.3721 385 189 418 219
pottedplant 0.3259 43 213 86 282
pottedplant 0.3223 9 48 32 84
pottedplant 0.3094 72 36 121 189
pottedplant 0.3027 46 41 206 236
pottedplant 0.2747 329 120 436 218
pottedplant 0.2508 111 139 198 204
pottedplant 0.2100 427 231 480 360
pottedplant 0.1725 397 185 464 226
pottedplant 0.1528 455 162 480 210
pottedplant 0.1434 285 232 420 343
pottedplant 0.0958 411 198 434 224
pottedplant 0.0950 30 49 52 86
pottedplant 0.0836 -2 278 48 356
pottedplant 0.0789 399 154 468 224
pottedplant 0.0694 414 141 453 201
pottedplant 0.0680 449 227 479 336
pottedplant 0.0597 419 109 477 228
pottedplant 0.0556 194 293 353 359
pottedplant 0.0544 435 187 458 223
pottedplant 0.0511 1 22 100 258
pottedplant 0.0505 415 194 458 226
pottedplant 0.0425 36 280 214 353
pottedplant 0.0409 332 276 461 356
pottedplant 0.0391 314 166 343 198
pottedplant 0.0378 45 228 121 288
pottedplant 0.0369 2 208 48 280
pottedplant 0.0346 257 208 379 320
pottedplant 0.0338 456 124 478 219
pottedplant 0.0296 41 195 81 257
pottedplant 0.0269 232 269 300 330
pottedplant 0.0265 434 152 475 223
pottedplant 0.0248 166 305 257 359
pottedplant 0.0233 52 42 116 255
pottedplant 0.0216 0 60 31 283
pottedplant 0.0208 0 153 56 293
pottedplant 0.0201 0 255 30 283
pottedplant 0.0193 3 162 185 357
pottedplant 0.0184 77 47 192 167
pottedplant 0.0180 238 208 467 356
pottedplant 0.0179 433 180 471 232
pottedplant 0.0178 -1 245 25 314
pottedplant 0.0168 209 242 349 348
pottedplant 0.0162 0 240 7 293
pottedplant 0.0160 79 159 155 221
pottedplant 0.0156 0 287 89 356
pottedplant 0.0153 46 162 160 261
pottedplant 0.0151 35 58 93 244
pottedplant 0.0145 415 168 437 198
pottedplant 0.0143 369 127 469 228
pottedplant 0.0136 0 71 20 234
pottedplant 0.0135 76 32 115 128
pottedplant 0.0132 309 103 373 205
pottedplant 0.0130 390 195 430 222
pottedplant 0.0121 455 182 479 222
pottedplant 0.0112 401 190 440 221
pottedplant 0.0103 26 303 142 360
pottedplant 0.0096 77 248 158 354
pottedplant 0.0096 38 50 59 84
pottedplant 0.0095 96 293 309 355
pottedplant 0.0093 72 84 104 180
pottedplant 0.0090 272 271 340 333
pottedplant 0.0088 33 118 219 310
pottedplant 0.0082 466 165 478 219
pottedplant 0.0079 403 120 474 191
pottedplant 0.0073 219 252 284 318
pottedplant 0.0073 185 295 269 348
pottedplant 0.0072 71 102 136 243
pottedplant 0.0071 209 317 329 362
pottedplant 0.0070 380 159 415 222
pottedplant 0.0069 453 201 479 293
pottedplant 0.0069 266 99 344 214
pottedplant 0.0067 417 24 478 206
pottedplant 0.0065 77 155 121 230
pottedplant 0.0064 0 221 53 343
pottedplant 0.0062 417 205 435 223
pottedplant 0.0060 271 80 362 114
pottedplant 0.0058 23 46 42 85
pottedplant 0.0057 36 167 89 284
pottedplant 0.0055 317 213 455 313
pottedplant 0.0054 342 139 381 200
pottedplant 0.0052 401 137 437 201
pottedplant 0.0049 60 249 267 349
pottedplant 0.0049 427 173 478 320
pottedplant 0.0048 66 193 88 230
pottedplant 0.0044 242 155 262 179
pottedplant 0.0043 31 210 149 312
pottedplant 0.0040 368 313 461 359
pottedplant 0.0039 134 310 221 360
pottedplant 0.0039 430 195 451 225
pottedplant 0.0039 343 155 406 213
pottedplant 0.0038 183 156 378 350
diningtable 0.5968 257 103 373 206
diningtable 0.0143 257 99 358 131
diningtable 0.0135 259 105 352 153
diningtable 0.0105 218 100 337 204
diningtable 0.0081 255 144 353 196
diningtable 0.0070 258 122 351 179
diningtable 0.0069 257 109 324 223
diningtable 0.0050 223 65 402 225
diningtable 0.0028 265 71 346 114
diningtable 0.0017 234 144 346 152
diningtable 0.0016 260 104 357 115
diningtable 0.0013 270 132 305 209
diningtable 0.0012 308 110 371 218
diningtable 0.0011 332 276 461 356
diningtable 0.0011 222 146 304 202
diningtable 0.0010 221 145 306 153
