person 0.0193 54 149 75 176
person 0.0142 0 147 6 176
person 0.0139 82 160 98 175
person 0.0110 5 160 21 175
person 0.0098 74 160 89 175
person 0.0078 153 151 169 188
person 0.0068 1 155 8 177
person 0.0062 0 144 11 177
person 0.0061 2 155 24 177
person 0.0032 492 140 500 218
person 0.0031 494 180 499 213
person 0.0028 74 156 105 180
person 0.0024 497 159 499 196
person 0.0022 79 149 99 176
person 0.0020 71 147 91 176
person 0.0019 5 155 39 178
person 0.0019 65 157 78 175
person 0.0019 345 158 359 175
person 0.0018 7 126 211 250
person 0.0016 4 153 20 171
person 0.0015 205 152 227 183
person 0.0015 363 159 375 174
person 0.0014 172 167 185 187
person 0.0013 497 165 499 214
person 0.0013 353 158 367 175
person 0.0011 169 152 188 187
person 0.0010 359 148 375 175
person 0.0010 42 145 60 176
car 0.0019 492 158 500 217
car 0.0015 494 180 499 213
bus 0.9994 -1 114 242 258
bus 0.9975 325 127 492 234
bus 0.9720 223 130 342 243
bus 0.0419 283 130 344 244
bus 0.0074 482 125 499 226
bus 0.0036 244 134 279 241
bus 0.0025 492 140 500 218
bus 0.0015 248 130 396 228
bus 0.0011 491 132 499 186
bus 0.0010 260 138 291 241
