person 0.4446 0 113 14 392
person 0.0257 0 92 10 302
person 0.0242 0 33 22 400
person 0.0096 0 135 7 231
person 0.0060 0 125 43 380
person 0.0054 0 156 6 265
person 0.0041 0 159 4 320
person 0.0013 254 148 294 179
person 0.0012 378 101 387 111
car 0.9988 151 105 443 364
car 0.2603 442 104 452 110
car 0.0075 424 106 431 110
car 0.0055 434 106 441 110
car 0.0041 497 109 500 120
car 0.0015 496 100 499 111
car 0.0012 451 105 457 110
car 0.0010 378 101 387 111
car 0.0010 482 105 487 110
car 0.0010 0 162 15 378
diningtable 0.0017 134 119 466 382
