person 0.9806 0 175 32 251
person 0.9042 469 150 489 209
person 0.0430 444 146 452 159
person 0.0180 15 176 33 245
person 0.0099 1 171 9 251
person 0.0041 2 187 7 196
person 0.0035 494 135 498 149
person 0.0035 0 165 9 220
person 0.0032 2 188 23 217
person 0.0032 2 193 7 209
person 0.0028 0 200 9 258
person 0.0025 489 152 499 211
person 0.0024 73 150 84 172
person 0.0022 462 136 471 146
person 0.0022 493 161 497 180
person 0.0021 0 196 2 246
person 0.0019 0 199 23 244
person 0.0018 2 178 5 191
person 0.0014 2 198 5 221
person 0.0013 492 184 499 203
person 0.0011 70 153 79 172
person 0.0011 494 137 498 169
person 0.0010 268 139 279 151
person 0.0010 495 164 497 200
person 0.0010 470 137 481 148
person 0.0010 441 160 453 168
person 0.0010 419 143 433 152
car 0.1834 449 130 500 161
car 0.0939 418 145 435 155
car 0.0488 419 143 433 152
car 0.0312 444 146 452 159
car 0.0282 410 145 430 156
car 0.0231 410 143 429 152
car 0.0156 452 127 498 147
car 0.0128 494 135 498 149
car 0.0119 303 138 316 150
car 0.0115 234 130 312 153
car 0.0097 189 135 325 182
car 0.0065 271 134 314 152
car 0.0063 490 156 498 172
car 0.0062 491 130 498 141
car 0.0056 429 147 442 157
car 0.0048 410 144 442 160
car 0.0034 458 131 473 141
car 0.0033 479 137 492 149
car 0.0027 -11 253 223 369
car 0.0027 296 139 313 150
car 0.0026 441 160 453 168
car 0.0023 439 139 476 166
car 0.0023 493 161 497 180
car 0.0021 161 129 331 258
car 0.0019 488 131 498 176
car 0.0019 161 148 196 182
car 0.0019 476 131 498 159
car 0.0016 444 141 452 154
car 0.0016 494 137 498 169
car 0.0015 477 129 497 138
car 0.0014 470 137 481 148
car 0.0012 467 130 481 139
car 0.0012 402 139 436 155
car 0.0011 451 152 499 170
car 0.0011 239 129 306 143
car 0.0011 462 136 471 146
bus 0.0211 438 125 500 166
bus 0.0016 446 136 489 166
bus 0.0015 -11 253 223 369
bottle 0.0022 7 196 18 211
chair 0.0022 0 208 23 251
chair 0.0019 4 177 36 251
pottedplant 0.0010 271 246 463 363
tvmonitor 0.0241 -11 253 223 369
