person 0.3186 160 108 217 178
person 0.1125 174 142 215 222
person 0.0115 134 137 166 171
person 0.0081 124 138 163 220
person 0.0045 113 97 225 209
person 0.0040 215 152 251 191
person 0.0014 102 144 130 209
person 0.0010 244 131 276 195
bottle 0.9904 440 161 492 305
bottle 0.9843 141 168 180 295
bottle 0.9766 379 163 440 308
bottle 0.9688 36 169 81 304
bottle 0.9534 176 147 215 311
bottle 0.9524 274 144 309 295
bottle 0.9356 237 127 285 307
bottle 0.9245 -1 189 19 323
bottle 0.9211 313 133 343 198
bottle 0.9128 213 170 243 298
bottle 0.8915 346 176 375 290
bottle 0.8653 9 169 39 290
bottle 0.8389 91 143 134 293
bottle 0.8134 308 164 352 303
bottle 0.2651 274 151 308 212
bottle 0.2109 174 142 215 222
bottle 0.1460 98 145 129 210
bottle 0.1345 96 209 139 306
bottle 0.1289 37 170 70 229
bottle 0.1283 414 161 443 232
bottle 0.1219 244 131 276 195
bottle 0.1089 340 154 362 189
bottle 0.0823 394 134 434 221
bottle 0.0675 2 166 23 276
bottle 0.0617 343 149 371 251
bottle 0.0512 358 187 380 289
bottle 0.0433 300 175 318 207
bottle 0.0347 0 157 33 317
bottle 0.0307 0 184 6 258
bottle 0.0282 381 164 444 227
bottle 0.0237 340 148 365 213
bottle 0.0201 0 201 8 299
bottle 0.0195 251 130 271 181
bottle 0.0175 1 233 12 323
bottle 0.0145 0 189 3 233
bottle 0.0145 400 130 422 178
bottle 0.0135 221 174 234 192
bottle 0.0124 210 164 244 235
bottle 0.0118 282 198 309 300
bottle 0.0114 490 238 499 300
bottle 0.0102 483 154 498 314
bottle 0.0100 11 167 30 214
bottle 0.0098 214 228 244 306
bottle 0.0090 35 211 46 232
bottle 0.0088 279 151 302 194
bottle 0.0073 304 172 332 295
bottle 0.0070 11 168 40 230
bottle 0.0063 32 204 49 235
bottle 0.0056 0 252 17 367
bottle 0.0056 418 179 440 221
bottle 0.0055 371 205 384 275
bottle 0.0055 493 204 499 297
bottle 0.0053 452 128 493 219
bottle 0.0045 148 165 180 236
bottle 0.0044 127 151 158 243
bottle 0.0041 283 231 301 290
bottle 0.0040 139 239 178 297
bottle 0.0035 450 159 485 231
bottle 0.0034 17 216 32 283
bottle 0.0032 1 202 3 257
bottle 0.0031 32 232 76 302
bottle 0.0030 306 143 364 204
bottle 0.0029 217 175 239 209
bottle 0.0029 453 162 475 208
bottle 0.0028 365 203 378 277
bottle 0.0028 49 169 70 215
bottle 0.0027 80 252 95 283
bottle 0.0027 8 173 25 229
bottle 0.0026 246 184 301 319
bottle 0.0026 212 178 265 319
bottle 0.0025 375 208 407 298
bottle 0.0024 353 222 372 275
bottle 0.0022 152 169 171 214
bottle 0.0022 174 224 221 308
bottle 0.0022 494 177 499 284
bottle 0.0021 443 228 491 308
bottle 0.0020 80 254 90 280
bottle 0.0018 408 134 424 187
bottle 0.0017 361 162 391 234
bottle 0.0017 0 147 5 238
bottle 0.0017 73 219 95 290
bottle 0.0016 344 154 358 171
bottle 0.0015 277 150 295 181
bottle 0.0015 27 186 43 235
bottle 0.0015 327 191 380 306
bottle 0.0015 35 203 48 220
bottle 0.0015 66 223 82 280
bottle 0.0015 29 203 40 220
bottle 0.0014 205 173 221 212
bottle 0.0014 374 224 385 292
bottle 0.0014 390 161 402 181
bottle 0.0014 370 199 385 242
bottle 0.0014 316 146 334 194
bottle 0.0013 131 184 155 282
bottle 0.0013 379 158 410 235
bottle 0.0013 228 176 237 191
bottle 0.0013 0 270 13 342
bottle 0.0013 71 183 144 250
bottle 0.0012 6 220 23 281
bottle 0.0012 426 171 447 214
chair 0.0794 215 152 251 191
chair 0.0053 381 164 444 227
chair 0.0015 414 161 443 232
chair 0.0012 208 153 246 209
chair 0.0012 351 266 374 292
pottedplant 0.0020 3 167 46 299
diningtable 0.2240 13 302 473 369
diningtable 0.0547 320 298 491 369
diningtable 0.0040 271 271 468 357
diningtable 0.0036 -10 276 439 351
diningtable 0.0015 18 233 468 374
diningtable 0.0013 362 312 502 357
tvmonitor 0.0129 450 119 498 234
