bird 0.0329 486 168 499 216
bird 0.0080 229 121 294 145
bird 0.0037 314 131 370 156
bird 0.0028 493 176 499 207
bird 0.0026 482 127 500 228
bird 0.0021 398 222 432 242
bird 0.0017 490 136 499 212
bird 0.0014 489 177 500 242
bird 0.0013 495 163 498 204
bird 0.0012 479 178 499 222
bird 0.0010 194 124 477 335
bird 0.0010 353 105 390 121
cat 0.0509 215 122 493 336
dog 0.0418 194 124 477 335
dog 0.0011 229 121 294 145
horse 0.0012 194 124 477 335
sheep 0.0159 194 124 477 335
sheep 0.0089 226 120 285 146
sheep 0.0048 324 9 462 46
sheep 0.0020 486 174 499 226
sheep 0.0013 162 134 360 324
sheep 0.0013 482 101 500 219
sheep 0.0012 291 47 389 79
cow 0.0051 194 124 477 335
cow 0.0010 324 9 462 46
