person 0.9766 127 125 161 186
person 0.8983 256 138 278 175
person 0.7734 179 129 214 188
person 0.7519 205 133 225 191
person 0.5512 253 140 277 204
person 0.3148 365 169 375 196
person 0.1455 470 185 477 201
person 0.1327 412 181 421 203
person 0.0478 91 174 108 222
person 0.0392 201 134 218 182
person 0.0269 203 135 212 154
person 0.0215 471 181 478 196
person 0.0172 204 136 209 144
person 0.0153 179 130 200 164
person 0.0127 204 134 221 164
person 0.0109 468 182 479 221
person 0.0089 194 133 202 143
person 0.0089 226 161 251 217
person 0.0087 128 126 153 167
person 0.0072 411 178 422 234
person 0.0059 263 143 290 204
person 0.0046 180 138 193 152
person 0.0043 183 133 192 146
person 0.0041 495 174 498 193
person 0.0036 143 126 177 188
person 0.0034 172 152 207 219
person 0.0032 278 164 302 210
person 0.0030 156 158 175 216
person 0.0029 493 168 497 186
person 0.0027 206 160 225 213
person 0.0027 367 173 373 184
person 0.0027 209 139 219 156
person 0.0026 469 191 478 213
person 0.0022 159 141 216 198
person 0.0018 263 144 268 151
person 0.0016 209 186 218 216
person 0.0015 497 184 499 204
person 0.0014 123 131 305 200
person 0.0013 176 146 261 193
person 0.0012 153 166 169 219
person 0.0012 191 137 202 153
person 0.0012 177 142 183 152
person 0.0012 178 139 195 191
person 0.0010 287 162 301 172
bicycle 0.0059 86 174 118 221
car 0.0032 20 223 477 315
car 0.0018 412 181 421 203
car 0.0018 274 162 305 212
car 0.0017 495 174 498 193
car 0.0013 471 181 478 196
car 0.0011 493 168 497 186
car 0.0011 497 184 499 204
bird 0.0087 91 174 108 222
cat 0.0033 91 174 108 222
dog 0.4968 91 174 108 222
dog 0.0068 227 167 250 215
dog 0.0027 83 178 116 224
dog 0.0016 95 185 103 202
dog 0.0013 274 162 305 212
horse 0.9869 125 152 163 221
horse 0.9551 180 152 213 220
horse 0.8995 254 162 275 209
horse 0.7880 272 163 298 212
horse 0.7377 223 163 253 216
horse 0.3809 156 158 175 216
horse 0.1452 206 160 225 213
horse 0.0471 171 134 208 205
horse 0.0354 255 135 279 194
horse 0.0341 205 133 225 191
horse 0.0322 200 159 218 215
horse 0.0282 153 166 169 219
horse 0.0256 263 163 279 206
horse 0.0214 86 174 118 221
horse 0.0189 180 158 198 215
horse 0.0070 291 163 307 208
horse 0.0062 90 178 108 223
horse 0.0061 235 161 276 210
horse 0.0050 248 165 265 207
horse 0.0036 282 174 302 208
horse 0.0035 251 161 307 212
horse 0.0029 160 161 172 187
horse 0.0026 287 162 301 172
horse 0.0025 212 163 223 189
horse 0.0025 167 159 184 211
horse 0.0024 214 161 232 211
horse 0.0024 146 139 177 204
horse 0.0023 116 158 149 221
horse 0.0021 204 164 273 211
horse 0.0017 152 159 171 194
horse 0.0015 263 143 290 204
horse 0.0013 157 150 178 186
horse 0.0010 210 184 219 209
sheep 0.0728 231 168 251 214
sheep 0.0552 278 164 302 210
sheep 0.0110 254 162 275 209
sheep 0.0067 294 185 304 205
sheep 0.0062 291 163 307 208
sheep 0.0030 91 174 108 222
cow 0.1522 226 161 251 217
cow 0.0858 274 162 305 212
cow 0.0102 156 158 175 216
cow 0.0083 254 162 275 209
cow 0.0057 180 152 213 220
cow 0.0050 91 174 108 222
cow 0.0035 125 152 163 221
cow 0.0027 291 163 307 208
cow 0.0019 294 185 304 205
cow 0.0017 206 160 225 213
cow 0.0012 282 174 302 208
cow 0.0010 202 134 225 199
chair 0.0012 86 174 118 221
