person 0.9754 13 2 60 84
person 0.0294 15 45 26 86
person 0.0101 10 41 24 91
person 0.0042 12 25 31 69
person 0.0038 167 19 199 76
person 0.0031 0 43 5 109
person 0.0029 0 46 2 88
person 0.0027 454 44 500 69
person 0.0020 453 45 462 57
person 0.0020 177 33 216 65
person 0.0016 0 18 6 98
person 0.0012 493 48 499 68
car 0.9982 0 21 487 302
car 0.2109 389 49 500 308
car 0.1143 454 44 500 69
car 0.0929 384 39 499 185
car 0.0248 439 39 500 79
car 0.0074 316 32 499 266
car 0.0036 433 46 481 68
car 0.0029 318 87 403 104
car 0.0027 449 37 501 124
car 0.0021 493 48 499 68
car 0.0016 309 80 402 113
car 0.0012 495 35 499 61
car 0.0011 11 0 60 119
car 0.0010 11 16 333 221
motorbike 0.0122 26 74 477 354
bus 0.0537 387 34 500 270
bus 0.0051 20 37 528 321
train 0.0130 389 49 500 308
train 0.0036 20 37 528 321
boat 0.0028 384 39 499 185
boat 0.0026 389 49 500 308
pottedplant 0.0073 301 22 321 75
diningtable 0.0018 26 74 477 354
tvmonitor 0.0014 387 34 500 270
