person 0.9993 188 54 283 297
person 0.0079 152 104 299 242
person 0.0057 471 127 499 224
person 0.0011 470 72 499 356
bicycle 0.0146 262 214 378 305
bicycle 0.0011 181 75 294 302
cat 0.0010 182 61 277 293
bottle 0.2906 351 155 365 190
bottle 0.2835 338 167 348 188
bottle 0.2617 336 154 349 188
bottle 0.2190 353 165 361 191
bottle 0.2031 346 156 360 189
bottle 0.1972 68 298 94 333
bottle 0.1543 361 153 376 192
bottle 0.1499 347 166 356 190
bottle 0.1394 370 162 388 196
bottle 0.0672 363 170 374 190
bottle 0.0529 335 153 346 171
bottle 0.0426 363 153 374 170
bottle 0.0376 170 145 178 158
bottle 0.0335 69 157 78 180
bottle 0.0329 364 161 373 179
bottle 0.0328 37 160 47 185
bottle 0.0251 168 146 175 158
bottle 0.0234 374 155 385 170
bottle 0.0222 373 174 387 188
bottle 0.0220 374 162 385 177
bottle 0.0193 131 154 141 166
bottle 0.0162 127 156 137 168
bottle 0.0146 355 153 367 169
bottle 0.0116 118 165 128 178
bottle 0.0111 345 155 357 168
bottle 0.0099 122 162 132 177
bottle 0.0092 372 183 388 194
bottle 0.0092 0 175 5 190
bottle 0.0089 183 142 193 157
bottle 0.0071 336 145 346 161
bottle 0.0070 330 165 337 176
bottle 0.0066 351 145 369 181
bottle 0.0064 156 157 163 171
bottle 0.0058 342 144 359 181
bottle 0.0056 383 172 391 192
bottle 0.0049 329 153 339 169
bottle 0.0049 342 144 356 160
bottle 0.0048 84 151 95 168
bottle 0.0047 364 144 373 163
bottle 0.0045 318 144 328 161
bottle 0.0037 332 155 368 187
bottle 0.0035 355 145 367 160
bottle 0.0032 4 184 17 198
bottle 0.0032 38 168 51 188
bottle 0.0028 315 138 332 168
bottle 0.0027 159 151 182 177
bottle 0.0026 189 68 282 307
bottle 0.0025 327 143 337 161
bottle 0.0023 360 145 391 200
bottle 0.0023 363 182 377 192
bottle 0.0023 361 137 376 169
bottle 0.0022 1 184 9 196
bottle 0.0022 383 181 391 197
bottle 0.0021 326 145 340 175
bottle 0.0018 290 113 296 127
bottle 0.0018 323 137 338 168
bottle 0.0017 291 108 299 124
bottle 0.0016 162 156 179 171
bottle 0.0016 30 292 137 329
bottle 0.0016 132 148 140 161
bottle 0.0015 48 301 101 329
bottle 0.0014 115 156 126 167
bottle 0.0014 353 138 371 168
bottle 0.0013 187 141 193 149
bottle 0.0013 41 157 59 188
bottle 0.0012 369 149 387 176
bottle 0.0012 120 157 138 187
bottle 0.0012 353 156 389 189
bottle 0.0012 334 138 349 168
bottle 0.0012 340 139 358 166
bottle 0.0011 38 154 48 172
bottle 0.0011 381 164 394 198
bottle 0.0011 115 171 128 187
bottle 0.0010 354 136 367 151
bottle 0.0010 321 153 393 195
bottle 0.0010 190 144 197 158
bottle 0.0010 67 158 80 199
bottle 0.0010 28 165 37 180
bottle 0.0010 36 145 49 181
bottle 0.0010 296 64 311 102
chair 0.9981 261 223 371 316
chair 0.9896 1 203 115 297
chair 0.9793 369 239 492 326
chair 0.2644 247 273 373 317
chair 0.1480 333 316 445 332
chair 0.0376 300 211 382 292
chair 0.0355 325 303 461 331
chair 0.0096 0 296 24 331
chair 0.0078 0 295 13 332
chair 0.0060 297 235 445 319
chair 0.0055 376 195 499 300
chair 0.0042 0 303 6 330
chair 0.0038 492 248 499 324
chair 0.0029 0 175 5 190
chair 0.0026 479 244 499 334
chair 0.0023 249 252 358 302
chair 0.0022 0 238 20 344
chair 0.0021 489 274 499 336
chair 0.0016 4 260 198 326
chair 0.0014 0 251 7 342
chair 0.0012 12 277 123 312
chair 0.0011 312 313 544 332
chair 0.0011 0 287 66 334
chair 0.0010 0 169 34 192
chair 0.0010 310 303 371 325
sofa 0.0014 369 239 492 326
pottedplant 0.0330 310 5 349 82
pottedplant 0.0030 304 90 375 155
pottedplant 0.0027 0 175 5 190
pottedplant 0.0022 305 7 364 111
pottedplant 0.0016 71 107 137 166
pottedplant 0.0015 295 32 379 164
pottedplant 0.0015 131 154 141 166
pottedplant 0.0015 106 106 140 165
pottedplant 0.0014 335 88 372 151
pottedplant 0.0014 0 169 34 192
pottedplant 0.0013 -4 173 67 211
pottedplant 0.0013 174 64 281 290
pottedplant 0.0012 318 101 357 169
pottedplant 0.0010 127 156 137 168
diningtable 0.8975 -4 251 375 334
diningtable 0.0096 4 260 198 326
diningtable 0.0060 238 229 365 322
diningtable 0.0047 2 177 360 332
diningtable 0.0041 239 280 363 329
diningtable 0.0035 -2 223 118 314
diningtable 0.0026 333 316 445 332
diningtable 0.0023 381 150 498 256
diningtable 0.0022 332 301 494 331
diningtable 0.0021 174 275 395 336
diningtable 0.0020 479 244 499 334
diningtable 0.0020 376 195 499 300
diningtable 0.0020 369 239 492 326
diningtable 0.0019 -13 179 147 206
diningtable 0.0013 312 313 544 332
diningtable 0.0011 23 168 170 239
diningtable 0.0010 492 248 499 324
tvmonitor 0.0010 386 167 435 200
