person 0.9988 42 6 470 414
person 0.0022 101 301 400 406
person 0.0022 181 155 392 414
bicycle 0.2583 24 217 477 423
bicycle 0.0375 150 302 428 408
bicycle 0.0163 71 47 491 422
bicycle 0.0137 51 230 299 415
bicycle 0.0035 181 155 392 414
bicycle 0.0030 106 297 314 411
bicycle 0.0029 2 240 204 412
bicycle 0.0024 296 310 439 407
motorbike 0.0407 23 157 481 412
motorbike 0.0020 51 230 299 415
motorbike 0.0012 2 240 204 412
motorbike 0.0010 37 -3 474 362
boat 0.0013 -2 211 445 430
horse 0.0049 37 -3 474 362
