person 0.9953 125 96 275 303
person 0.0059 61 0 146 9
person 0.0051 111 0 173 11
person 0.0043 0 1 73 9
person 0.0034 20 0 109 8
person 0.0031 170 0 268 7
person 0.0028 163 0 197 4
person 0.0027 135 0 206 9
person 0.0024 84 0 123 3
person 0.0023 188 1 231 3
person 0.0020 151 0 229 7
person 0.0020 276 0 317 1
person 0.0020 264 0 308 2
person 0.0019 7 0 47 3
person 0.0018 157 1 186 5
person 0.0018 123 1 160 5
person 0.0017 101 0 144 3
person 0.0016 169 0 211 3
person 0.0015 201 0 313 5
person 0.0013 25 0 68 2
person 0.0013 -8 -1 169 20
person 0.0013 44 0 86 2
person 0.0013 248 0 288 2
person 0.0013 0 0 54 23
person 0.0012 63 0 106 2
person 0.0012 137 1 167 7
person 0.0011 146 2 175 7
person 0.0011 63 198 296 350
bicycle 0.9945 79 198 327 347
bicycle 0.0024 158 201 318 315
bicycle 0.0014 -8 -1 169 20
bicycle 0.0011 138 113 265 284
car 0.0202 170 0 268 7
car 0.0045 151 0 229 7
car 0.0037 196 0 298 5
car 0.0022 233 0 321 4
car 0.0020 188 1 231 3
car 0.0017 253 0 301 2
car 0.0014 139 -3 329 13
car 0.0013 176 1 224 3
car 0.0012 210 1 268 3
car 0.0011 276 0 317 1
motorbike 0.0010 -8 -1 169 20
bottle 0.0050 177 219 215 271
bottle 0.0010 170 223 227 284
diningtable 0.0040 63 198 296 350
diningtable 0.0013 98 84 263 290
