person 0.0609 486 217 499 256
person 0.0233 367 233 374 248
person 0.0186 493 224 499 253
person 0.0102 491 235 498 256
person 0.0095 494 212 498 246
person 0.0067 480 210 496 251
person 0.0058 494 210 499 229
person 0.0034 356 233 366 250
person 0.0027 346 233 356 250
person 0.0021 471 205 479 216
person 0.0019 480 212 491 226
person 0.0016 370 128 383 136
person 0.0015 481 216 490 240
person 0.0014 8 231 19 248
person 0.0013 487 199 499 242
person 0.0013 468 212 484 244
person 0.0012 372 231 383 246
person 0.0012 470 210 480 227
person 0.0012 461 208 470 229
person 0.0011 491 204 498 216
person 0.0010 470 218 480 238
person 0.0010 335 119 344 133
car 0.0068 371 209 465 247
car 0.0047 367 226 410 247
car 0.0035 486 217 499 256
car 0.0020 493 224 499 253
car 0.0013 53 39 498 267
car 0.0011 2 228 8 249
car 0.0010 0 208 13 249
car 0.0010 326 230 372 252
aeroplane 0.9974 24 19 483 253
aeroplane 0.0650 298 82 420 126
aeroplane 0.0117 436 172 500 214
aeroplane 0.0069 332 167 485 250
aeroplane 0.0050 297 50 449 133
aeroplane 0.0018 297 26 489 241
aeroplane 0.0018 436 190 500 243
aeroplane 0.0010 367 195 467 247
sheep 0.0021 55 16 501 249
cow 0.0014 53 39 498 267
