person 0.4090 347 208 360 227
person 0.3230 22 274 49 349
person 0.1220 204 184 234 209
person 0.0881 367 207 378 226
person 0.0467 30 293 48 348
person 0.0399 25 273 46 306
person 0.0294 364 207 381 258
person 0.0213 493 276 499 364
person 0.0171 42 167 508 376
person 0.0155 371 206 381 226
person 0.0141 202 182 238 264
person 0.0135 484 229 490 237
person 0.0119 206 187 229 203
person 0.0116 344 208 371 274
person 0.0110 350 212 363 230
person 0.0093 347 207 366 235
person 0.0087 0 261 2 303
person 0.0086 31 275 50 328
person 0.0086 1 280 9 339
person 0.0081 0 261 6 323
person 0.0078 30 268 50 301
person 0.0071 0 281 3 321
person 0.0070 361 206 386 275
person 0.0067 2 261 5 282
person 0.0066 66 263 79 278
person 0.0063 494 301 500 396
person 0.0062 368 205 383 244
person 0.0047 0 265 27 331
person 0.0045 33 298 64 361
person 0.0043 373 214 382 230
person 0.0041 87 172 483 243
person 0.0037 326 219 353 291
person 0.0032 421 207 430 220
person 0.0031 484 229 498 367
person 0.0029 335 214 347 230
person 0.0029 42 276 81 357
person 0.0028 37 279 49 301
person 0.0026 306 223 333 292
person 0.0024 494 239 499 345
person 0.0024 28 274 41 291
person 0.0023 275 191 288 202
person 0.0023 413 200 426 212
person 0.0022 335 205 366 229
person 0.0022 415 207 425 218
person 0.0020 8 263 15 276
person 0.0020 67 259 78 273
person 0.0020 370 218 386 268
person 0.0019 466 230 472 240
person 0.0019 306 275 371 328
person 0.0017 26 280 40 300
person 0.0017 0 246 7 301
person 0.0016 488 265 500 402
person 0.0016 64 262 82 301
person 0.0016 303 243 324 277
person 0.0014 0 290 6 369
person 0.0014 1 251 4 277
person 0.0014 36 275 47 290
person 0.0013 281 189 322 222
person 0.0013 1 301 4 336
person 0.0013 496 295 498 345
person 0.0013 496 225 499 241
person 0.0011 497 311 499 369
person 0.0010 13 281 33 321
person 0.0010 8 300 18 319
bicycle 0.0011 493 303 500 374
car 0.0144 0 286 32 318
car 0.0041 493 303 500 374
car 0.0032 0 281 3 321
car 0.0030 3 271 61 325
car 0.0029 0 275 8 327
car 0.0027 19 271 50 333
car 0.0023 2 291 22 325
car 0.0021 0 265 27 331
car 0.0018 13 281 33 321
car 0.0014 1 276 25 312
car 0.0014 2 275 45 309
car 0.0012 493 267 499 356
car 0.0012 0 272 2 311
car 0.0011 496 333 500 365
car 0.0010 4 293 21 310
motorbike 0.0013 492 288 499 372
train 0.9991 27 142 469 364
train 0.0107 -1 192 89 326
train 0.0018 2 232 84 286
train 0.0018 380 195 502 295
train 0.0014 44 167 455 245
train 0.0013 437 187 497 321
