person 0.1005 303 132 323 149
person 0.0214 300 127 329 149
person 0.0180 168 119 186 152
person 0.0114 228 126 241 143
person 0.0114 196 135 212 147
person 0.0077 224 120 244 148
person 0.0067 310 134 327 147
person 0.0041 262 117 283 145
person 0.0023 267 122 279 144
person 0.0023 270 119 280 136
person 0.0019 299 134 312 149
bird 0.0114 152 130 170 153
bird 0.0027 345 185 378 217
bird 0.0025 168 119 186 152
dog 0.0027 345 185 378 217
horse 0.0013 300 127 329 149
bottle 0.0019 152 130 170 153
bottle 0.0010 0 150 3 178
chair 0.0386 59 136 489 340
chair 0.0118 474 223 500 325
chair 0.0078 466 295 500 364
chair 0.0056 0 191 16 320
chair 0.0033 477 173 499 297
chair 0.0020 452 126 502 305
chair 0.0012 0 114 10 321
chair 0.0010 470 109 499 359
sofa 0.9986 23 154 474 352
sofa 0.0030 56 331 439 374
pottedplant 0.0013 482 193 499 225
diningtable 0.1451 56 331 439 374
diningtable 0.0132 136 338 376 369
diningtable 0.0063 130 351 384 377
diningtable 0.0016 474 223 500 325
diningtable 0.0012 22 191 473 388
diningtable 0.0011 -2 332 177 372
tvmonitor 0.0011 300 127 329 149
