person 0.7069 276 166 307 191
person 0.1503 197 174 236 201
person 0.0801 112 166 174 210
person 0.0783 218 169 250 198
person 0.0516 192 160 247 203
person 0.0489 158 176 178 204
person 0.0454 140 179 177 206
person 0.0344 53 161 91 219
person 0.0318 283 171 301 188
person 0.0275 381 129 416 158
person 0.0196 110 182 148 213
person 0.0187 261 165 281 195
person 0.0180 0 173 9 188
person 0.0169 128 186 170 208
person 0.0169 110 174 133 211
person 0.0151 263 150 299 196
person 0.0146 156 174 198 205
person 0.0143 70 165 141 218
person 0.0139 233 165 251 197
person 0.0121 145 162 216 205
person 0.0118 60 183 97 221
person 0.0116 234 165 278 198
person 0.0111 265 159 323 205
person 0.0093 282 156 319 189
person 0.0088 387 129 470 176
person 0.0068 227 174 242 191
person 0.0064 196 169 219 200
person 0.0062 228 181 245 196
person 0.0046 382 143 398 157
person 0.0044 222 160 298 205
person 0.0043 1 106 472 336
person 0.0042 199 179 215 200
person 0.0042 358 125 377 163
person 0.0042 381 132 402 157
person 0.0040 196 157 237 188
person 0.0039 394 127 440 157
person 0.0038 236 170 249 193
person 0.0038 161 191 177 204
person 0.0037 225 156 247 192
person 0.0036 80 184 98 219
person 0.0032 282 149 306 179
person 0.0032 1 159 6 187
person 0.0031 266 171 279 192
person 0.0030 258 153 277 194
person 0.0030 284 166 300 182
person 0.0026 255 165 294 195
person 0.0025 330 135 368 168
person 0.0024 186 158 221 205
person 0.0024 398 127 414 139
person 0.0024 301 153 321 188
person 0.0022 190 174 206 203
person 0.0022 199 149 282 198
person 0.0021 362 129 430 171
person 0.0021 82 199 97 218
person 0.0019 132 190 149 207
person 0.0019 215 175 238 199
person 0.0019 54 175 122 222
person 0.0019 191 181 201 202
person 0.0019 205 180 223 198
person 0.0018 0 155 13 188
person 0.0018 148 186 166 199
person 0.0018 147 190 169 205
person 0.0018 81 160 265 230
person 0.0016 235 182 249 196
person 0.0016 81 183 121 218
person 0.0016 166 161 188 202
person 0.0015 145 162 181 208
person 0.0014 178 159 198 204
person 0.0014 219 172 235 190
person 0.0014 290 147 313 181
person 0.0014 140 190 158 206
person 0.0014 147 187 185 208
person 0.0013 0 199 5 217
person 0.0013 279 175 292 188
person 0.0013 296 175 308 186
person 0.0013 219 166 234 179
person 0.0013 200 174 214 192
person 0.0013 352 132 372 168
person 0.0013 320 136 383 189
person 0.0012 1 202 42 240
person 0.0012 34 200 53 240
person 0.0012 1 178 5 200
person 0.0012 0 157 23 185
person 0.0012 162 173 176 193
person 0.0012 112 166 150 199
person 0.0011 7 159 93 217
person 0.0011 205 174 223 190
person 0.0011 286 153 301 170
person 0.0011 62 155 423 230
person 0.0010 228 165 242 182
person 0.0010 178 175 217 204
person 0.0010 108 191 118 213
person 0.0010 263 146 283 181
bus 0.5234 -7 63 453 310
train 0.0182 -7 63 453 310
boat 0.9631 1 67 470 307
boat 0.0026 397 151 470 220
diningtable 0.0024 6 38 468 298
