person 0.9952 384 53 500 282
person 0.9933 198 218 358 325
person 0.9903 85 243 195 333
person 0.9833 117 182 198 276
person 0.9798 185 95 232 220
person 0.7913 -1 181 99 301
person 0.3293 470 253 499 330
person 0.1200 -1 231 103 331
person 0.0433 76 124 86 146
person 0.0368 477 178 499 332
person 0.0319 127 149 186 208
person 0.0244 488 61 500 290
person 0.0209 318 78 326 96
person 0.0195 483 148 498 283
person 0.0175 78 176 90 184
person 0.0143 17 285 111 329
person 0.0140 6 201 86 265
person 0.0136 137 150 174 176
person 0.0130 448 164 500 342
person 0.0112 -2 160 46 229
person 0.0086 111 124 124 136
person 0.0086 63 159 110 225
person 0.0084 339 255 481 333
person 0.0080 85 124 98 139
person 0.0077 199 213 240 296
person 0.0075 491 51 499 117
person 0.0066 104 126 115 139
person 0.0055 472 92 498 376
person 0.0052 0 154 61 279
person 0.0052 326 75 337 94
person 0.0043 95 129 108 140
person 0.0043 138 185 186 255
person 0.0040 193 119 338 233
person 0.0036 488 45 499 86
person 0.0034 492 50 497 76
person 0.0032 349 189 429 281
person 0.0032 496 74 499 115
person 0.0031 124 181 170 257
person 0.0029 493 67 499 140
person 0.0029 0 218 28 290
person 0.0029 112 122 123 131
person 0.0028 187 104 251 174
person 0.0026 491 170 500 233
person 0.0025 81 176 96 185
person 0.0022 475 42 498 121
person 0.0020 476 50 498 78
person 0.0020 492 182 499 274
person 0.0020 435 261 499 329
person 0.0019 -2 234 48 311
person 0.0019 87 120 97 132
person 0.0019 9 256 85 325
person 0.0018 -1 155 24 205
person 0.0018 85 133 98 146
person 0.0018 453 276 493 333
person 0.0018 187 139 258 208
person 0.0017 458 227 499 325
person 0.0017 81 122 100 146
person 0.0017 360 138 503 339
person 0.0017 145 162 186 217
person 0.0016 195 100 274 216
person 0.0016 31 221 102 281
person 0.0016 2 185 59 242
person 0.0016 143 248 189 328
person 0.0015 489 219 499 276
person 0.0015 0 170 31 255
person 0.0014 10 169 78 227
person 0.0014 166 141 195 212
person 0.0014 104 134 113 145
person 0.0013 496 54 499 96
person 0.0013 66 165 103 196
person 0.0013 121 244 202 303
person 0.0013 95 133 106 144
person 0.0013 175 113 199 200
person 0.0011 0 239 9 294
person 0.0011 495 108 499 234
person 0.0011 478 52 495 65
person 0.0010 190 212 255 322
person 0.0010 98 238 318 328
person 0.0010 441 92 497 296
person 0.0010 367 183 496 294
person 0.0010 107 123 128 144
bird 0.0044 76 124 86 146
bird 0.0017 85 124 98 139
bird 0.0013 95 129 108 140
cat 0.0175 470 253 499 330
cat 0.0023 137 150 174 176
dog 0.0912 470 253 499 330
dog 0.0059 76 124 86 146
dog 0.0048 318 78 326 96
dog 0.0044 137 150 174 176
dog 0.0028 326 75 337 94
dog 0.0020 123 183 196 259
dog 0.0014 85 124 98 139
bottle 0.0174 4 268 20 305
bottle 0.0157 0 263 11 307
bottle 0.0126 244 114 250 131
bottle 0.0096 8 277 18 297
bottle 0.0067 473 320 494 333
bottle 0.0045 469 316 500 334
bottle 0.0044 488 316 500 332
bottle 0.0044 2 273 7 302
bottle 0.0041 49 224 68 237
bottle 0.0040 184 156 191 164
bottle 0.0036 232 113 239 129
bottle 0.0033 175 156 183 165
bottle 0.0030 387 202 396 213
bottle 0.0017 186 109 194 132
bottle 0.0016 241 122 249 140
bottle 0.0012 0 279 5 307
bottle 0.0011 176 146 184 162
chair 0.9353 252 277 311 332
chair 0.6728 63 159 110 225
chair 0.6054 352 200 428 272
chair 0.3808 339 255 481 333
chair 0.1906 91 283 113 326
chair 0.1732 0 193 67 311
chair 0.0941 195 126 353 249
chair 0.0824 345 192 468 289
chair 0.0758 -2 166 103 269
chair 0.0651 -1 155 24 205
chair 0.0543 -2 234 48 311
chair 0.0468 0 157 32 225
chair 0.0448 1 230 27 314
chair 0.0325 363 258 418 278
chair 0.0301 380 68 502 329
chair 0.0299 0 225 62 285
chair 0.0230 309 253 357 334
chair 0.0176 94 254 188 330
chair 0.0172 407 208 495 263
chair 0.0171 347 195 394 229
chair 0.0164 121 172 159 208
chair 0.0154 -1 231 103 331
chair 0.0141 67 194 114 223
chair 0.0139 -1 233 24 278
chair 0.0130 222 237 423 327
chair 0.0115 252 275 292 297
chair 0.0107 0 239 9 294
chair 0.0093 0 155 56 210
chair 0.0088 66 165 103 196
chair 0.0087 357 251 429 290
chair 0.0080 0 251 4 282
chair 0.0073 363 264 398 283
chair 0.0072 17 285 111 329
chair 0.0070 1 259 59 322
chair 0.0069 56 183 116 232
chair 0.0067 193 102 233 208
chair 0.0066 6 201 86 265
chair 0.0064 152 316 182 334
chair 0.0063 121 186 196 269
chair 0.0061 190 223 338 325
chair 0.0056 252 278 296 313
chair 0.0047 58 159 114 274
chair 0.0042 25 238 74 310
chair 0.0038 481 165 498 299
chair 0.0037 0 169 16 210
chair 0.0035 0 193 30 275
chair 0.0035 364 264 380 283
chair 0.0034 50 221 91 283
chair 0.0033 410 230 428 265
chair 0.0033 134 151 177 184
chair 0.0030 0 155 18 185
chair 0.0030 44 236 84 306
chair 0.0029 0 239 2 278
chair 0.0029 440 278 498 332
chair 0.0028 410 141 498 283
chair 0.0027 417 229 432 268
chair 0.0026 395 192 508 242
chair 0.0026 127 149 186 208
chair 0.0026 0 144 60 253
chair 0.0025 316 146 348 206
chair 0.0024 10 169 78 227
chair 0.0022 419 207 495 336
chair 0.0022 0 182 46 246
chair 0.0021 344 196 382 269
chair 0.0021 490 178 500 239
chair 0.0021 150 300 185 334
chair 0.0021 396 200 429 259
chair 0.0021 1 214 10 283
chair 0.0020 -1 109 26 200
chair 0.0018 167 321 181 332
chair 0.0018 84 277 168 332
chair 0.0017 329 278 423 331
chair 0.0017 -2 284 55 335
chair 0.0016 225 140 260 166
chair 0.0015 1 157 12 179
chair 0.0015 1 172 42 209
chair 0.0015 1 179 8 203
chair 0.0015 349 225 474 275
chair 0.0014 470 253 499 330
chair 0.0014 365 246 429 271
chair 0.0013 414 249 426 265
chair 0.0012 217 269 304 325
chair 0.0012 489 219 499 276
chair 0.0011 28 263 66 319
chair 0.0010 72 240 91 276
chair 0.0010 1 193 10 205
chair 0.0010 407 197 424 239
sofa 0.9855 203 115 349 237
sofa 0.4228 -1 185 92 312
sofa 0.0496 339 255 481 333
sofa 0.0486 0 219 63 324
sofa 0.0243 0 157 32 225
sofa 0.0199 6 201 86 265
sofa 0.0159 0 154 61 279
sofa 0.0155 123 183 196 259
sofa 0.0141 5 226 84 282
sofa 0.0120 352 200 428 272
sofa 0.0105 0 218 28 290
sofa 0.0099 17 285 111 329
sofa 0.0089 94 254 188 330
sofa 0.0084 200 209 359 308
sofa 0.0079 57 162 113 223
sofa 0.0062 380 68 502 329
sofa 0.0062 127 149 186 208
sofa 0.0052 2 185 59 242
sofa 0.0047 -1 155 24 205
sofa 0.0045 9 256 85 325
sofa 0.0037 0 155 56 210
sofa 0.0035 0 196 46 268
sofa 0.0034 101 178 194 322
sofa 0.0033 1 258 48 324
sofa 0.0033 345 192 468 289
sofa 0.0027 458 254 498 332
sofa 0.0026 13 241 186 333
sofa 0.0025 10 169 78 227
sofa 0.0023 91 283 113 326
sofa 0.0023 190 109 241 228
sofa 0.0022 119 166 176 213
sofa 0.0020 471 218 499 330
sofa 0.0014 25 238 74 310
sofa 0.0012 222 237 423 327
sofa 0.0011 419 207 495 336
sofa 0.0011 66 165 103 196
sofa 0.0010 134 151 177 184
pottedplant 0.1377 27 21 78 44
pottedplant 0.1164 192 42 260 111
pottedplant 0.0877 0 67 20 169
pottedplant 0.0583 81 25 121 42
pottedplant 0.0363 148 27 166 41
pottedplant 0.0216 134 26 147 41
pottedplant 0.0201 89 28 112 41
pottedplant 0.0172 143 27 157 41
pottedplant 0.0166 104 28 119 41
pottedplant 0.0163 121 28 137 40
pottedplant 0.0140 12 15 87 56
pottedplant 0.0140 0 16 22 150
pottedplant 0.0126 73 28 90 41
pottedplant 0.0122 44 153 61 183
pottedplant 0.0119 143 24 177 43
pottedplant 0.0114 158 27 177 41
pottedplant 0.0113 112 28 128 41
pottedplant 0.0105 48 19 93 41
pottedplant 0.0095 81 28 100 41
pottedplant 0.0089 0 100 14 164
pottedplant 0.0085 63 28 80 41
pottedplant 0.0062 -1 109 26 200
pottedplant 0.0059 23 19 148 52
pottedplant 0.0053 0 76 11 152
pottedplant 0.0039 29 136 44 181
pottedplant 0.0036 54 29 73 41
pottedplant 0.0035 0 125 15 175
pottedplant 0.0031 63 21 80 37
pottedplant 0.0031 22 9 108 48
pottedplant 0.0030 59 24 104 43
pottedplant 0.0029 3 118 19 166
pottedplant 0.0029 137 150 174 176
pottedplant 0.0029 84 18 133 40
pottedplant 0.0029 131 15 148 42
pottedplant 0.0026 44 29 64 42
pottedplant 0.0025 0 15 24 56
pottedplant 0.0024 13 22 54 45
pottedplant 0.0023 0 -6 28 201
pottedplant 0.0022 1 144 5 160
pottedplant 0.0022 0 40 12 90
pottedplant 0.0022 143 22 155 37
pottedplant 0.0022 468 270 499 338
pottedplant 0.0021 0 14 52 180
pottedplant 0.0020 17 28 30 41
pottedplant 0.0018 54 21 72 36
pottedplant 0.0018 3 15 42 43
pottedplant 0.0016 0 19 12 71
pottedplant 0.0016 32 28 52 42
pottedplant 0.0016 139 16 160 41
pottedplant 0.0014 148 22 164 37
pottedplant 0.0014 0 53 5 78
pottedplant 0.0014 98 25 141 42
pottedplant 0.0013 52 22 75 45
pottedplant 0.0013 72 21 88 37
pottedplant 0.0012 182 -6 267 104
pottedplant 0.0012 103 24 118 36
pottedplant 0.0012 24 27 42 41
pottedplant 0.0012 145 18 168 41
pottedplant 0.0012 120 15 139 41
pottedplant 0.0012 51 7 157 45
pottedplant 0.0011 170 29 184 42
pottedplant 0.0011 175 156 183 165
pottedplant 0.0010 0 78 21 130
pottedplant 0.0010 0 90 57 222
diningtable 0.1012 339 255 481 333
diningtable 0.0501 345 192 468 289
diningtable 0.0469 2 284 103 333
diningtable 0.0428 -2 284 55 335
diningtable 0.0199 1 258 48 324
diningtable 0.0119 -1 233 59 338
diningtable 0.0112 352 200 428 272
diningtable 0.0107 9 256 85 325
diningtable 0.0057 380 68 502 329
diningtable 0.0053 127 149 186 208
diningtable 0.0030 407 208 495 263
diningtable 0.0027 375 153 501 270
diningtable 0.0020 190 223 338 325
diningtable 0.0019 395 192 508 242
diningtable 0.0017 57 162 113 223
diningtable 0.0015 440 278 498 332
diningtable 0.0012 1 230 27 314
diningtable 0.0010 0 274 30 341
diningtable 0.0010 119 166 176 213
tvmonitor 0.1839 66 165 103 196
tvmonitor 0.0227 225 140 260 166
tvmonitor 0.0073 490 178 500 239
tvmonitor 0.0021 415 88 445 115
tvmonitor 0.0021 186 109 194 132
tvmonitor 0.0015 423 27 455 64
tvmonitor 0.0015 418 89 435 104
tvmonitor 0.0014 375 54 415 91
tvmonitor 0.0012 63 93 149 153
tvmonitor 0.0010 1 230 27 314
