person 0.9860 194 62 233 170
person 0.9163 449 41 478 128
person 0.0236 448 83 468 126
person 0.0154 193 64 226 127
person 0.0040 448 51 467 83
person 0.0039 276 77 401 157
person 0.0038 -3 100 44 191
person 0.0035 0 96 6 113
person 0.0032 453 49 474 84
person 0.0022 380 94 402 129
person 0.0017 0 86 4 108
person 0.0015 446 65 467 106
person 0.0012 492 41 499 133
person 0.0010 0 62 7 129
bicycle 0.0025 443 47 473 125
bicycle 0.0015 448 83 468 126
car 0.0204 287 78 414 153
car 0.0010 -3 100 44 191
boat 0.0100 276 77 401 157
bird 0.0103 280 63 285 68
bird 0.0010 446 10 450 15
dog 0.0304 448 83 468 126
dog 0.0024 -3 100 44 191
dog 0.0012 443 47 473 125
horse 0.6741 -3 100 44 191
horse 0.0324 443 47 473 125
horse 0.0182 0 105 41 144
horse 0.0152 448 83 468 126
horse 0.0097 273 84 406 170
horse 0.0041 23 108 42 140
horse 0.0038 190 69 230 175
horse 0.0028 0 96 6 113
horse 0.0023 0 130 31 200
horse 0.0021 0 84 6 184
horse 0.0021 0 75 32 151
horse 0.0015 0 87 8 143
horse 0.0011 436 63 503 120
sheep 0.0011 -3 100 44 191
cow 0.9629 273 84 406 170
cow 0.0896 -3 100 44 191
cow 0.0290 295 89 408 139
cow 0.0277 380 94 402 129
cow 0.0024 443 47 473 125
cow 0.0020 377 88 411 134
cow 0.0018 448 83 468 126
sofa 0.0010 276 77 401 157
pottedplant 0.0032 474 31 500 121
pottedplant 0.0012 450 41 478 118
