person 0.9032 245 139 286 169
person 0.0575 225 138 292 176
person 0.0549 143 122 481 264
person 0.0101 263 143 282 159
person 0.0066 297 143 311 161
person 0.0059 216 146 274 172
person 0.0054 293 138 332 164
person 0.0028 259 138 304 170
person 0.0022 249 135 345 174
person 0.0019 263 139 282 149
person 0.0012 256 135 286 156
person 0.0010 260 147 271 157
car 0.9777 77 114 484 252
car 0.0032 382 50 435 68
motorbike 0.0042 57 113 474 252
aeroplane 0.0012 54 90 476 266
dog 0.0016 245 139 286 169
cow 0.0096 66 98 487 263
