person 0.9996 235 33 410 323
person 0.9985 317 0 502 332
person 0.0041 432 0 498 119
person 0.0012 444 3 499 309
bottle 0.0046 188 142 208 180
bottle 0.0017 111 310 147 334
bottle 0.0014 0 247 15 291
bottle 0.0014 0 238 23 313
bottle 0.0013 190 135 204 152
pottedplant 0.8907 120 78 203 192
pottedplant 0.1349 84 210 121 325
pottedplant 0.0187 0 246 24 329
pottedplant 0.0155 147 133 208 192
pottedplant 0.0121 77 154 132 321
pottedplant 0.0035 184 129 215 188
pottedplant 0.0028 83 205 151 332
pottedplant 0.0024 137 82 187 158
pottedplant 0.0019 0 195 18 315
pottedplant 0.0015 0 253 10 317
pottedplant 0.0012 291 215 352 277
pottedplant 0.0012 2 223 115 325
