person 0.9996 70 20 278 324
person 0.9925 245 70 306 238
person 0.9895 0 66 71 315
person 0.9756 292 68 418 329
person 0.9538 374 92 453 304
person 0.8256 222 179 303 283
person 0.0534 371 92 401 150
person 0.0328 429 104 463 320
person 0.0301 439 98 458 186
person 0.0254 1 92 16 298
person 0.0113 1 63 28 322
person 0.0096 211 317 257 334
person 0.0070 213 208 307 334
person 0.0040 375 88 397 123
person 0.0035 61 103 98 164
person 0.0034 61 109 83 158
person 0.0033 218 227 303 279
person 0.0029 54 108 90 205
person 0.0022 440 104 457 141
person 0.0018 0 179 19 322
person 0.0017 0 172 64 331
person 0.0016 222 62 254 136
person 0.0015 93 107 101 122
person 0.0015 435 188 455 318
person 0.0014 291 90 346 304
person 0.0014 0 117 7 184
person 0.0013 212 81 358 317
person 0.0011 216 251 305 297
person 0.0010 204 281 318 332
bottle 0.0172 233 258 252 300
bottle 0.0049 256 302 273 331
bottle 0.0031 209 257 228 297
bottle 0.0025 211 227 224 267
bottle 0.0021 74 194 86 211
bottle 0.0019 72 187 87 217
bottle 0.0014 213 236 221 263
bottle 0.0011 209 244 240 302
bottle 0.0011 225 249 259 302
bottle 0.0010 -3 52 89 332
chair 0.0982 421 282 458 331
chair 0.0508 51 278 69 330
chair 0.0269 211 317 257 334
chair 0.0180 433 282 457 313
chair 0.0171 50 261 78 327
chair 0.0096 52 220 82 321
chair 0.0072 2 267 65 326
chair 0.0053 218 227 303 279
chair 0.0044 1 293 13 336
chair 0.0041 423 311 455 332
chair 0.0041 31 267 72 326
chair 0.0031 2 135 63 332
chair 0.0031 379 180 450 328
chair 0.0028 65 264 77 327
chair 0.0027 14 212 79 329
chair 0.0025 209 223 246 255
chair 0.0024 219 195 303 267
chair 0.0022 73 196 85 217
chair 0.0020 52 264 70 312
chair 0.0020 236 148 250 178
chair 0.0020 299 209 310 245
chair 0.0019 211 221 226 260
chair 0.0019 1 299 5 334
chair 0.0019 68 163 90 194
chair 0.0019 323 314 363 332
chair 0.0016 54 228 76 281
chair 0.0016 312 292 433 332
chair 0.0015 0 284 20 330
chair 0.0014 421 222 455 323
chair 0.0014 209 148 243 186
chair 0.0013 32 212 69 287
chair 0.0013 50 193 71 222
chair 0.0012 373 284 455 335
chair 0.0012 342 233 453 325
chair 0.0012 0 120 17 306
chair 0.0010 213 208 307 334
sofa 0.0045 217 185 308 312
sofa 0.0019 218 227 303 279
sofa 0.0019 0 81 67 340
sofa 0.0015 204 281 318 332
pottedplant 0.0072 209 244 240 302
pottedplant 0.0013 209 257 228 297
pottedplant 0.0010 1 61 79 301
diningtable 0.5781 204 281 318 332
diningtable 0.0929 208 250 348 332
diningtable 0.0726 49 217 83 283
diningtable 0.0375 58 218 79 260
diningtable 0.0345 210 187 309 289
diningtable 0.0206 216 251 305 297
diningtable 0.0134 70 54 278 331
diningtable 0.0129 201 265 285 322
diningtable 0.0083 253 286 337 332
diningtable 0.0083 211 317 257 334
diningtable 0.0060 60 218 79 235
diningtable 0.0054 95 250 333 325
diningtable 0.0048 55 214 83 240
diningtable 0.0045 206 295 241 319
diningtable 0.0042 216 278 439 333
diningtable 0.0039 288 246 448 330
diningtable 0.0028 61 215 80 227
diningtable 0.0027 10 178 82 328
diningtable 0.0026 32 212 69 287
diningtable 0.0026 0 81 67 340
diningtable 0.0025 13 203 79 267
diningtable 0.0025 46 211 83 231
diningtable 0.0024 58 229 79 280
diningtable 0.0024 207 304 262 329
diningtable 0.0019 50 179 83 254
diningtable 0.0016 267 288 305 302
diningtable 0.0015 261 300 306 333
diningtable 0.0015 195 306 326 335
diningtable 0.0014 261 260 298 327
diningtable 0.0014 218 227 303 279
diningtable 0.0013 179 288 275 328
diningtable 0.0013 39 210 91 331
diningtable 0.0013 55 221 72 233
diningtable 0.0013 221 256 259 323
diningtable 0.0011 273 280 311 334
diningtable 0.0010 283 129 440 344
