person 0.9777 -3 110 355 326
person 0.3593 374 62 498 351
person 0.1740 361 189 502 325
person 0.0359 45 154 522 318
person 0.0351 306 140 509 343
person 0.0162 155 121 418 309
person 0.0070 160 115 340 241
person 0.0040 325 0 500 277
person 0.0031 330 203 461 281
person 0.0025 0 286 94 337
person 0.0016 371 143 500 276
person 0.0011 201 237 446 332
cat 0.0012 330 203 461 281
bottle 0.0082 330 203 461 281
chair 0.1834 85 141 404 331
chair 0.0056 -2 131 202 334
chair 0.0046 379 292 493 335
chair 0.0025 198 145 375 251
chair 0.0023 472 180 499 257
chair 0.0017 201 237 446 332
chair 0.0011 306 140 509 343
sofa 0.6837 2 134 431 329
sofa 0.0767 137 114 351 308
sofa 0.0179 0 130 198 299
sofa 0.0141 184 152 470 327
sofa 0.0063 306 140 509 343
sofa 0.0048 8 99 346 268
sofa 0.0043 372 208 501 338
sofa 0.0026 201 237 446 332
sofa 0.0024 317 197 442 272
sofa 0.0016 379 292 493 335
pottedplant 0.0010 472 190 499 280
