person 0.4352 136 -17 504 379
person 0.2981 343 210 382 259
person 0.2957 223 235 235 252
person 0.2759 270 237 289 255
person 0.2212 199 212 215 251
person 0.2056 20 224 30 240
person 0.1662 226 239 239 253
person 0.0861 236 240 248 252
person 0.0580 28 223 36 241
person 0.0401 224 228 244 252
person 0.0393 96 125 108 141
person 0.0377 472 221 494 257
person 0.0306 7 215 19 226
person 0.0293 100 201 120 242
person 0.0276 3 214 9 227
person 0.0255 471 222 483 244
person 0.0238 491 205 500 256
person 0.0186 157 213 175 249
person 0.0170 389 224 429 261
person 0.0164 452 221 475 260
person 0.0156 495 236 499 265
person 0.0152 8 225 21 234
person 0.0136 221 214 235 252
person 0.0124 496 208 499 253
person 0.0106 180 213 193 250
person 0.0094 3 223 8 237
person 0.0094 337 232 349 252
person 0.0093 295 58 305 79
person 0.0093 288 240 301 255
person 0.0089 201 219 212 243
person 0.0076 455 212 494 265
person 0.0075 152 233 162 246
person 0.0075 15 218 33 243
person 0.0075 334 234 353 259
person 0.0074 142 116 156 130
person 0.0073 234 226 250 253
person 0.0072 368 217 391 259
person 0.0068 168 214 186 249
person 0.0065 238 77 250 94
person 0.0064 490 226 499 272
person 0.0063 152 213 169 248
person 0.0062 377 221 397 259
person 0.0058 204 213 221 252
person 0.0054 232 70 252 100
person 0.0051 288 235 299 249
person 0.0051 68 120 90 146
person 0.0051 335 225 371 257
person 0.0051 140 213 155 248
person 0.0050 344 207 378 237
person 0.0046 202 226 213 249
person 0.0044 252 226 272 254
person 0.0044 110 125 128 137
person 0.0042 103 113 132 139
person 0.0041 92 112 110 142
person 0.0040 436 212 472 264
person 0.0037 30 217 37 227
person 0.0037 18 216 25 226
person 0.0035 1 225 3 253
person 0.0034 340 206 365 254
person 0.0033 102 126 114 140
person 0.0032 258 233 270 252
person 0.0032 261 231 290 255
person 0.0031 341 234 355 251
person 0.0029 471 206 497 266
person 0.0028 38 220 47 241
person 0.0027 372 220 387 237
person 0.0025 23 229 30 244
person 0.0025 222 237 250 255
person 0.0025 497 205 499 236
person 0.0025 475 229 489 248
person 0.0024 40 215 48 225
person 0.0024 231 76 244 94
person 0.0024 361 214 431 263
person 0.0022 189 210 206 252
person 0.0021 246 213 267 250
person 0.0021 142 221 152 243
person 0.0021 474 231 497 264
person 0.0021 351 210 367 227
person 0.0020 467 217 499 248
person 0.0020 144 228 154 247
person 0.0020 224 219 232 244
person 0.0019 295 58 308 95
person 0.0018 172 228 183 247
person 0.0017 201 212 212 232
person 0.0017 198 213 234 251
person 0.0017 425 236 435 261
person 0.0017 160 219 172 243
person 0.0015 139 102 156 131
person 0.0015 181 228 191 249
person 0.0015 351 54 372 83
person 0.0014 24 219 40 244
person 0.0014 72 135 87 146
person 0.0014 317 234 326 249
person 0.0014 142 108 155 127
person 0.0013 154 220 164 243
person 0.0012 170 214 270 250
person 0.0012 219 21 439 284
person 0.0012 168 144 337 235
person 0.0012 494 164 499 260
person 0.0012 419 223 435 259
car 0.9880 0 225 31 259
car 0.0084 0 206 24 235
car 0.0082 2 216 26 245
car 0.0080 7 215 19 226
car 0.0058 8 225 21 234
car 0.0052 3 223 8 237
car 0.0042 3 214 9 227
car 0.0030 28 229 36 244
car 0.0020 1 225 3 253
car 0.0013 2 203 11 215
car 0.0011 0 200 23 224
car 0.0010 1 223 13 255
car 0.0010 3 205 20 216
bus 0.9668 42 -22 482 382
bus 0.0255 0 206 24 235
bus 0.0251 0 200 23 224
bus 0.0117 0 190 31 247
bus 0.0081 2 203 11 215
bus 0.0049 3 205 20 216
bus 0.0016 3 214 9 227
bus 0.0013 1 199 12 209
bus 0.0012 7 215 19 226
chair 0.0477 227 93 242 112
chair 0.0110 253 90 272 104
chair 0.0073 239 86 272 106
chair 0.0072 209 95 220 115
chair 0.0056 221 93 230 114
chair 0.0053 245 90 265 104
chair 0.0050 202 98 216 116
chair 0.0041 237 88 250 102
chair 0.0039 30 -26 418 346
chair 0.0038 225 80 245 112
chair 0.0036 142 116 156 130
chair 0.0031 204 91 222 117
chair 0.0028 178 106 191 122
chair 0.0016 274 86 290 101
chair 0.0015 172 106 186 124
chair 0.0014 219 89 234 117
chair 0.0013 275 74 307 101
chair 0.0012 149 114 165 129
chair 0.0010 235 95 248 112
