person 0.0247 19 0 38 9
person 0.0123 26 2 98 48
person 0.0069 36 1 82 82
person 0.0051 324 3 348 8
person 0.0051 27 1 47 7
person 0.0038 199 23 222 58
person 0.0034 76 0 101 42
person 0.0031 343 2 367 9
person 0.0027 7 0 50 12
person 0.0025 356 1 377 8
person 0.0020 6 2 31 7
person 0.0020 194 23 212 59
person 0.0017 301 1 330 7
person 0.0017 99 1 143 82
person 0.0016 277 0 318 3
person 0.0012 18 0 80 23
person 0.0012 357 1 375 20
person 0.0011 107 -7 293 185
person 0.0011 85 1 124 57
person 0.0010 330 2 362 6
person 0.0010 311 2 341 8
car 0.9900 141 -6 312 182
car 0.9876 248 19 367 335
car 0.9100 120 0 187 100
car 0.8352 96 0 139 65
car 0.6961 312 0 377 15
car 0.1761 77 -2 113 36
car 0.1551 98 0 177 64
car 0.1395 295 0 320 5
car 0.1076 296 0 357 12
car 0.0976 85 1 124 57
car 0.0455 16 0 109 31
car 0.0375 311 2 341 8
car 0.0352 268 0 326 7
car 0.0326 277 0 318 3
car 0.0165 301 1 330 7
car 0.0164 19 0 38 9
car 0.0155 194 0 306 7
car 0.0153 65 -2 136 36
car 0.0153 356 1 377 8
car 0.0136 42 0 118 44
car 0.0113 13 0 82 11
car 0.0103 265 0 312 2
car 0.0085 333 0 394 14
car 0.0066 238 0 319 7
car 0.0062 173 1 334 20
car 0.0060 77 0 115 13
car 0.0055 123 10 157 110
car 0.0048 80 3 312 23
car 0.0047 7 0 50 12
car 0.0045 363 0 382 4
car 0.0040 194 4 312 50
car 0.0038 75 1 115 6
car 0.0036 18 0 80 23
car 0.0036 69 0 106 51
car 0.0033 91 0 137 27
car 0.0033 27 1 47 7
car 0.0031 357 0 377 21
car 0.0027 6 2 31 7
car 0.0027 343 2 367 9
car 0.0025 330 2 362 6
car 0.0023 88 0 142 12
car 0.0023 324 3 348 8
car 0.0022 121 2 233 57
car 0.0020 277 -3 390 18
car 0.0019 72 0 100 4
car 0.0018 94 0 115 48
car 0.0017 345 -1 402 21
car 0.0016 150 9 241 167
car 0.0016 40 0 113 10
car 0.0013 256 0 321 24
car 0.0013 94 1 118 6
car 0.0012 62 0 91 3
car 0.0012 11 2 85 53
car 0.0012 27 1 67 4
car 0.0012 -3 0 25 4
car 0.0012 246 0 293 1
car 0.0011 168 4 266 49
car 0.0010 208 1 291 23
bus 0.0290 240 38 377 442
train 0.0240 240 38 377 442
boat 0.0020 50 162 198 229
bird 0.0030 126 162 145 191
bird 0.0023 129 169 139 187
bird 0.0014 158 171 173 203
bird 0.0013 134 159 149 194
bottle 0.0033 134 159 149 194
bottle 0.0020 136 167 147 188
tvmonitor 0.9993 87 250 284 468
