person 0.0308 400 174 410 190
person 0.0225 400 178 410 198
person 0.0216 203 163 214 174
person 0.0142 399 173 413 209
person 0.0130 275 162 296 183
person 0.0128 397 173 407 192
person 0.0061 208 164 218 173
person 0.0032 394 172 409 207
person 0.0024 135 174 144 181
person 0.0021 220 164 227 172
person 0.0014 382 175 392 189
person 0.0014 343 174 354 183
person 0.0012 191 166 200 174
person 0.0010 382 179 391 198
person 0.0010 103 148 415 231
train 0.9952 103 146 493 234
bottle 0.0010 465 297 486 333
chair 0.0033 0 290 58 336
chair 0.0024 0 284 32 308
diningtable 0.0250 0 284 32 308
diningtable 0.0243 -1 294 54 322
diningtable 0.0176 0 280 33 296
diningtable 0.0032 0 283 34 334
diningtable 0.0024 -5 284 36 291
diningtable 0.0015 -1 284 65 311
diningtable 0.0013 -1 299 58 345
