horse 0.0105 264 185 281 197
horse 0.0019 296 180 311 192
horse 0.0014 187 184 200 199
horse 0.0014 331 180 351 193
horse 0.0011 228 185 245 199
horse 0.0011 238 184 249 196
sheep 0.9766 137 183 152 194
sheep 0.9722 296 180 311 192
sheep 0.9710 228 185 245 199
sheep 0.9699 331 180 351 193
sheep 0.9691 184 184 197 199
sheep 0.9432 264 185 281 197
sheep 0.7809 238 184 249 196
sheep 0.0855 181 181 201 201
sheep 0.0265 344 178 352 187
sheep 0.0202 222 183 253 200
sheep 0.0167 240 181 247 187
sheep 0.0126 261 181 285 201
sheep 0.0119 305 182 311 191
sheep 0.0112 331 184 338 191
sheep 0.0094 263 187 272 195
sheep 0.0085 167 170 387 192
sheep 0.0070 163 179 353 201
sheep 0.0068 306 179 312 187
sheep 0.0061 293 175 314 192
sheep 0.0061 492 189 499 206
sheep 0.0060 342 181 351 192
sheep 0.0046 493 186 500 200
sheep 0.0039 249 185 255 191
sheep 0.0037 228 190 243 200
sheep 0.0035 226 187 232 194
sheep 0.0031 234 181 241 186
sheep 0.0029 132 180 154 199
sheep 0.0026 138 182 145 188
sheep 0.0025 155 179 159 183
sheep 0.0024 66 154 431 196
sheep 0.0024 262 178 266 182
sheep 0.0024 216 179 220 184
sheep 0.0022 105 181 299 203
sheep 0.0021 19 48 477 205
sheep 0.0017 173 180 177 186
sheep 0.0016 190 189 199 201
sheep 0.0016 292 184 298 190
sheep 0.0015 278 186 283 193
sheep 0.0015 11 197 493 308
sheep 0.0014 140 181 152 188
sheep 0.0014 233 178 398 203
sheep 0.0013 250 182 257 186
sheep 0.0012 185 190 195 201
sheep 0.0011 201 186 206 191
sheep 0.0011 497 166 500 177
sheep 0.0010 470 189 482 196
sheep 0.0010 105 170 299 193
sheep 0.0010 330 180 337 186
sheep 0.0010 193 181 199 186
cow 0.0563 264 185 281 197
cow 0.0151 238 184 249 196
cow 0.0121 187 184 200 199
cow 0.0118 228 185 245 199
cow 0.0089 296 180 311 192
cow 0.0075 135 183 151 194
cow 0.0058 331 180 351 193
cow 0.0015 492 189 499 206
cow 0.0013 181 181 201 201
cow 0.0012 493 186 500 200
cow 0.0010 261 181 285 201
