person 0.9947 5 7 191 362
person 0.4984 228 71 257 133
person 0.4073 173 65 188 84
person 0.4060 296 36 417 331
person 0.1774 232 69 255 105
person 0.1684 376 5 497 377
person 0.1100 308 86 392 270
person 0.0673 1 48 9 105
person 0.0552 322 1 477 304
person 0.0518 175 64 192 91
person 0.0468 20 49 43 83
person 0.0451 7 61 40 95
person 0.0397 0 40 20 121
person 0.0384 236 69 249 87
person 0.0304 235 69 270 139
person 0.0295 200 88 217 101
person 0.0268 226 103 292 215
person 0.0257 228 86 249 125
person 0.0250 359 220 497 365
person 0.0247 156 72 197 100
person 0.0241 13 71 35 96
person 0.0227 2 66 23 103
person 0.0215 169 66 191 102
person 0.0201 298 54 415 169
person 0.0199 269 111 324 249
person 0.0199 229 65 248 95
person 0.0188 277 78 395 201
person 0.0165 247 92 308 148
person 0.0159 -6 52 115 333
person 0.0159 230 76 244 94
person 0.0153 179 62 189 77
person 0.0153 187 88 204 99
person 0.0146 175 62 185 77
person 0.0137 160 65 193 89
person 0.0133 314 147 393 319
person 0.0126 238 76 249 93
person 0.0126 0 48 2 105
person 0.0109 0 41 19 199
person 0.0095 376 3 414 77
person 0.0092 243 133 317 267
person 0.0092 144 87 226 194
person 0.0084 160 67 172 85
person 0.0076 232 69 244 87
person 0.0075 158 86 214 102
person 0.0074 350 2 373 33
person 0.0073 189 87 220 106
person 0.0072 377 1 442 54
person 0.0070 105 53 142 114
person 0.0064 16 71 30 87
person 0.0061 0 28 8 90
person 0.0058 26 71 39 86
person 0.0057 241 73 261 115
person 0.0057 369 27 421 249
person 0.0049 355 8 390 80
person 0.0045 208 95 220 110
person 0.0045 153 66 166 85
person 0.0044 296 90 385 151
person 0.0044 239 99 282 177
person 0.0044 95 21 123 100
person 0.0043 470 89 498 418
person 0.0040 230 59 290 186
person 0.0039 470 223 499 362
person 0.0037 156 62 174 89
person 0.0036 227 147 298 291
person 0.0035 0 14 29 266
person 0.0035 231 111 262 140
person 0.0035 226 97 260 178
person 0.0032 225 0 511 370
person 0.0030 143 88 220 122
person 0.0030 240 79 315 204
person 0.0029 247 109 284 142
person 0.0029 104 82 134 110
person 0.0029 180 89 197 99
person 0.0027 107 76 185 122
person 0.0026 379 -1 444 162
person 0.0025 25 74 38 92
person 0.0025 152 90 167 104
person 0.0023 108 72 149 104
person 0.0023 148 153 221 250
person 0.0023 240 1 371 117
person 0.0023 3 63 41 136
person 0.0023 20 49 31 65
person 0.0023 160 60 170 77
person 0.0022 0 37 2 79
person 0.0022 8 73 21 95
person 0.0021 345 39 408 203
person 0.0021 288 13 436 127
person 0.0021 0 46 5 164
person 0.0021 9 68 21 87
person 0.0021 205 86 223 109
person 0.0020 17 40 36 75
person 0.0020 316 73 392 135
person 0.0019 104 82 120 95
person 0.0019 408 122 486 273
person 0.0018 0 41 61 320
person 0.0018 384 78 403 205
person 0.0018 450 71 498 361
person 0.0017 237 130 286 199
person 0.0017 91 13 156 186
person 0.0017 175 76 216 99
bicycle 0.0013 0 76 186 369
car 0.0081 143 88 220 122
car 0.0018 0 76 186 369
car 0.0018 141 96 226 144
train 0.0096 3 -5 251 371
dog 0.0025 135 98 239 189
horse 0.0011 135 98 239 189
cow 0.0024 135 98 239 189
chair 0.3140 147 247 225 371
chair 0.2561 229 137 291 207
chair 0.0893 268 148 321 273
chair 0.0579 312 121 393 310
chair 0.0368 379 179 405 299
chair 0.0330 359 220 497 365
chair 0.0265 387 10 495 292
chair 0.0249 142 100 251 192
chair 0.0241 229 90 256 135
chair 0.0149 280 135 319 223
chair 0.0143 374 119 410 309
chair 0.0118 227 170 294 305
chair 0.0116 383 121 405 273
chair 0.0111 470 223 499 362
chair 0.0108 199 200 296 334
chair 0.0095 364 199 393 308
chair 0.0082 231 111 262 140
chair 0.0073 228 129 263 197
chair 0.0070 141 96 226 144
chair 0.0062 230 113 241 134
chair 0.0060 226 160 262 220
chair 0.0058 303 145 326 251
chair 0.0054 240 117 316 241
chair 0.0043 234 161 255 203
chair 0.0042 365 182 415 323
chair 0.0041 153 86 201 102
chair 0.0040 150 161 221 262
chair 0.0039 408 122 486 273
chair 0.0037 236 118 254 133
chair 0.0035 470 89 498 418
chair 0.0034 228 107 244 140
chair 0.0033 133 86 156 189
chair 0.0031 322 1 477 304
chair 0.0031 476 193 498 322
chair 0.0029 373 56 418 262
chair 0.0029 314 171 365 329
chair 0.0028 231 119 256 146
chair 0.0026 232 138 255 168
chair 0.0023 348 159 401 315
chair 0.0023 255 160 291 203
chair 0.0022 319 158 350 275
chair 0.0021 228 106 239 127
chair 0.0021 246 117 263 134
chair 0.0020 143 88 220 122
chair 0.0020 146 125 222 186
chair 0.0020 239 195 311 275
chair 0.0020 458 153 487 239
chair 0.0020 281 49 399 321
chair 0.0019 314 171 324 232
chair 0.0019 1 284 25 376
chair 0.0018 151 159 207 185
chair 0.0018 390 134 402 194
chair 0.0018 249 -5 376 107
chair 0.0018 0 76 186 369
chair 0.0017 259 151 299 240
chair 0.0017 183 118 322 348
chair 0.0017 375 187 397 217
chair 0.0017 386 134 397 196
chair 0.0016 234 126 254 140
chair 0.0015 230 128 245 141
chair 0.0014 284 125 342 271
chair 0.0014 451 179 501 370
chair 0.0013 134 290 164 371
chair 0.0013 242 137 284 170
chair 0.0012 385 25 434 252
chair 0.0012 57 238 213 375
chair 0.0012 146 168 224 342
chair 0.0012 384 78 403 205
chair 0.0011 227 163 243 220
chair 0.0011 156 91 178 103
chair 0.0010 355 211 404 374
chair 0.0010 232 137 254 149
sofa 0.0468 359 220 497 365
sofa 0.0056 371 62 495 380
sofa 0.0029 452 219 501 363
sofa 0.0013 240 1 371 117
sofa 0.0011 221 184 288 327
sofa 0.0010 472 211 499 333
tvmonitor 0.0416 246 2 379 116
