person 0.9980 47 191 112 397
person 0.2701 170 218 213 378
person 0.1321 278 147 334 213
person 0.0478 264 147 329 249
person 0.0231 0 217 15 253
person 0.0223 270 188 311 246
person 0.0124 87 207 103 245
person 0.0115 232 170 263 236
person 0.0104 175 283 207 380
person 0.0093 176 233 206 317
person 0.0077 231 171 250 222
person 0.0074 294 160 333 194
person 0.0056 285 151 327 186
person 0.0037 222 189 239 242
person 0.0033 222 185 252 246
person 0.0032 166 278 198 351
person 0.0031 59 207 68 222
person 0.0029 119 209 129 222
person 0.0028 279 159 318 197
person 0.0025 234 167 256 211
person 0.0023 51 207 58 223
person 0.0022 280 168 297 206
person 0.0020 0 227 16 277
person 0.0017 238 183 257 227
person 0.0016 228 189 244 242
person 0.0016 125 209 135 221
person 0.0014 256 165 290 242
person 0.0014 0 236 47 272
person 0.0013 239 171 312 241
person 0.0013 47 200 62 249
person 0.0012 136 209 149 220
person 0.0012 91 209 99 220
person 0.0012 95 210 108 256
person 0.0010 289 187 330 251
person 0.0010 109 277 143 345
person 0.0010 179 223 187 249
person 0.0010 57 188 104 251
person 0.0010 184 50 347 379
bicycle 0.0654 292 272 331 365
bicycle 0.0379 292 317 332 391
bicycle 0.0221 292 322 332 359
bicycle 0.0012 280 305 336 368
bicycle 0.0011 292 238 330 321
car 0.1495 0 236 47 272
car 0.0372 0 217 15 253
car 0.0152 111 189 158 251
car 0.0057 142 219 162 247
car 0.0019 121 220 160 246
car 0.0011 156 214 162 237
car 0.0011 163 39 330 333
motorbike 0.0130 292 322 332 359
motorbike 0.0099 292 317 332 391
motorbike 0.0035 292 272 331 365
bus 0.9934 165 51 331 377
bus 0.9053 105 191 162 250
bus 0.0199 159 142 189 267
bus 0.0125 44 174 114 232
bus 0.0047 109 192 155 225
bus 0.0040 165 111 215 293
bus 0.0032 126 133 193 274
bus 0.0015 0 157 47 247
bus 0.0014 50 191 148 247
bus 0.0011 43 169 119 206
train 0.0405 164 60 330 408
train 0.0028 111 189 158 251
boat 0.0099 0 236 47 272
dog 0.0117 112 278 153 345
bottle 0.0011 153 339 166 350
