person 0.9989 216 43 385 262
person 0.9873 23 55 245 298
person 0.0464 481 132 498 262
person 0.0105 11 263 117 373
person 0.0059 487 27 499 253
person 0.0050 490 155 498 230
person 0.0044 -14 42 366 328
person 0.0043 476 62 500 330
person 0.0034 486 181 499 330
person 0.0030 0 102 62 256
person 0.0026 493 122 499 224
person 0.0019 0 140 52 326
person 0.0018 441 110 498 281
person 0.0014 0 226 27 358
person 0.0013 448 -17 498 257
person 0.0013 473 -24 498 264
person 0.0011 489 177 499 266
bottle 0.2249 453 256 483 320
bottle 0.0377 485 143 499 290
bottle 0.0081 490 190 499 271
bottle 0.0036 488 172 498 232
bottle 0.0030 314 264 356 319
bottle 0.0029 11 263 117 373
bottle 0.0012 485 196 499 349
bottle 0.0012 350 259 388 296
chair 0.1789 395 327 498 373
chair 0.0873 198 130 221 143
chair 0.0430 353 231 405 247
chair 0.0173 481 132 498 262
chair 0.0149 7 92 252 341
chair 0.0080 488 172 498 232
chair 0.0053 1 132 57 299
chair 0.0026 11 222 48 298
chair 0.0024 492 139 499 226
chair 0.0022 435 227 499 277
chair 0.0021 212 61 386 285
chair 0.0020 232 240 329 270
chair 0.0018 485 172 499 301
chair 0.0017 1 219 30 326
chair 0.0016 496 176 499 208
chair 0.0015 490 190 499 271
chair 0.0015 480 176 498 228
chair 0.0014 187 260 226 280
chair 0.0011 0 292 30 367
chair 0.0010 23 265 109 374
sofa 0.0037 1 132 57 299
sofa 0.0021 7 92 252 341
pottedplant 0.0152 19 67 176 146
pottedplant 0.0151 195 77 253 134
pottedplant 0.0066 8 52 212 268
pottedplant 0.0062 72 65 141 130
pottedplant 0.0037 13 32 176 125
pottedplant 0.0016 485 143 499 290
pottedplant 0.0015 35 98 132 138
diningtable 0.9878 20 218 488 377
diningtable 0.0429 137 241 439 358
diningtable 0.0073 10 117 88 165
diningtable 0.0058 -5 110 502 348
diningtable 0.0050 0 292 30 367
diningtable 0.0026 16 279 115 375
diningtable 0.0021 1 98 125 191
diningtable 0.0019 0 102 62 256
diningtable 0.0013 4 65 217 299
diningtable 0.0012 29 115 140 161
diningtable 0.0012 0 226 27 358
diningtable 0.0010 0 122 121 253
tvmonitor 0.0017 11 222 48 298
