person 0.9951 150 317 200 477
person 0.9706 80 311 154 489
person 0.9612 65 309 84 394
person 0.8224 47 303 67 382
person 0.5722 134 313 152 351
person 0.3342 156 313 172 352
person 0.1738 161 301 179 344
person 0.1725 149 318 159 359
person 0.0760 145 324 168 420
person 0.0654 149 321 156 342
person 0.0548 158 320 168 342
person 0.0475 158 315 167 330
person 0.0461 150 327 157 353
person 0.0430 55 306 66 322
person 0.0366 215 316 220 330
person 0.0324 211 318 217 343
person 0.0287 139 314 150 327
person 0.0262 159 303 186 366
person 0.0258 212 315 217 331
person 0.0227 149 315 157 331
person 0.0185 213 319 222 343
person 0.0169 167 302 178 321
person 0.0152 137 321 148 342
person 0.0148 154 319 168 377
person 0.0134 50 306 67 339
person 0.0094 158 329 167 350
person 0.0093 180 319 205 391
person 0.0081 159 312 192 400
person 0.0068 67 328 89 410
person 0.0066 157 306 166 320
person 0.0065 132 317 158 398
person 0.0063 61 310 76 376
person 0.0062 66 312 84 353
person 0.0057 68 338 83 383
person 0.0056 167 314 176 328
person 0.0054 139 307 148 322
person 0.0049 151 305 159 320
person 0.0049 207 314 219 350
person 0.0046 55 311 64 328
person 0.0045 61 310 70 330
person 0.0044 131 322 141 338
person 0.0042 152 338 158 357
person 0.0042 148 308 176 366
person 0.0040 189 314 195 331
person 0.0040 72 300 210 503
person 0.0039 146 305 160 341
person 0.0038 173 315 193 350
person 0.0037 165 321 174 340
person 0.0036 212 315 226 350
person 0.0035 177 314 188 327
person 0.0035 57 305 71 339
person 0.0030 188 331 195 350
person 0.0027 178 306 184 320
person 0.0021 45 314 57 369
person 0.0021 150 325 161 394
person 0.0020 198 314 206 333
person 0.0019 160 318 177 360
person 0.0018 139 331 149 349
person 0.0017 190 322 196 340
person 0.0016 155 304 190 339
person 0.0014 156 296 174 331
person 0.0013 155 322 191 357
person 0.0012 128 320 148 358
person 0.0012 172 305 190 341
person 0.0011 111 308 133 337
person 0.0011 205 302 218 344
bicycle 0.0058 70 347 83 390
cat 0.0028 59 401 78 418
dog 0.0018 59 401 78 418
chair 0.9880 204 412 261 499
chair 0.9824 258 427 337 501
chair 0.8557 244 401 293 419
chair 0.6888 330 432 377 500
chair 0.2392 231 400 250 418
chair 0.1530 339 374 375 425
chair 0.1265 310 383 345 412
chair 0.1196 238 414 366 492
chair 0.0942 232 407 317 449
chair 0.0886 293 404 315 416
chair 0.0865 325 373 372 500
chair 0.0815 234 402 271 459
chair 0.0559 218 403 260 463
chair 0.0551 334 379 375 401
chair 0.0421 253 401 291 462
chair 0.0413 316 400 338 413
chair 0.0333 327 385 347 413
chair 0.0288 286 376 324 408
chair 0.0269 311 397 344 416
chair 0.0234 328 387 348 396
chair 0.0206 307 379 325 412
chair 0.0198 352 375 374 387
chair 0.0183 312 399 351 465
chair 0.0180 316 417 356 492
chair 0.0158 350 375 374 405
chair 0.0153 327 391 347 403
chair 0.0148 310 384 347 443
chair 0.0141 231 401 253 434
chair 0.0129 229 400 294 438
chair 0.0128 242 416 335 435
chair 0.0117 230 416 271 440
chair 0.0103 190 400 205 416
chair 0.0101 274 414 340 426
chair 0.0099 318 382 374 436
chair 0.0096 285 372 342 417
chair 0.0090 348 387 375 478
chair 0.0090 238 411 316 429
chair 0.0088 326 384 368 410
chair 0.0080 288 402 324 418
chair 0.0076 302 373 363 420
chair 0.0071 221 416 289 489
chair 0.0068 308 381 321 402
chair 0.0064 230 416 253 454
chair 0.0063 337 374 376 392
chair 0.0061 295 412 357 426
chair 0.0061 345 392 377 422
chair 0.0060 333 470 376 499
chair 0.0056 289 432 374 499
chair 0.0054 273 401 312 462
chair 0.0054 315 407 377 459
chair 0.0052 311 380 358 402
chair 0.0050 250 403 370 435
chair 0.0050 322 426 370 446
chair 0.0048 230 399 273 418
chair 0.0048 317 401 339 434
chair 0.0047 250 403 269 417
chair 0.0046 321 431 371 457
chair 0.0042 173 407 293 496
chair 0.0041 279 401 293 416
chair 0.0040 296 411 317 421
chair 0.0037 231 419 251 433
chair 0.0036 332 382 354 415
chair 0.0034 289 414 307 423
chair 0.0033 267 403 290 417
chair 0.0033 294 399 332 465
chair 0.0027 352 381 374 393
chair 0.0026 256 401 318 417
chair 0.0026 198 406 230 467
chair 0.0026 313 396 341 405
chair 0.0025 240 403 308 496
chair 0.0025 182 397 210 472
chair 0.0023 353 420 375 453
chair 0.0020 228 407 273 431
chair 0.0020 209 420 254 451
chair 0.0019 333 441 377 474
chair 0.0018 278 417 355 433
chair 0.0018 351 400 374 434
chair 0.0017 247 410 270 445
chair 0.0017 294 402 341 415
chair 0.0016 310 387 323 407
chair 0.0016 258 404 277 415
chair 0.0016 236 411 259 445
chair 0.0016 335 407 376 430
chair 0.0016 295 403 317 432
chair 0.0015 345 384 368 392
chair 0.0015 206 409 221 447
chair 0.0013 329 398 344 415
chair 0.0012 348 414 362 426
chair 0.0011 353 423 373 432
chair 0.0011 317 414 338 424
chair 0.0010 230 413 252 423
chair 0.0010 302 416 330 424
chair 0.0010 356 430 374 443
chair 0.0010 311 401 325 414
sofa 0.0020 231 404 314 435
pottedplant 0.8975 218 319 240 364
pottedplant 0.0794 213 319 231 360
pottedplant 0.0716 195 334 211 350
pottedplant 0.0694 194 314 211 351
pottedplant 0.0494 212 315 226 350
pottedplant 0.0487 211 318 217 343
pottedplant 0.0430 291 359 304 377
pottedplant 0.0424 213 319 222 343
pottedplant 0.0286 207 314 219 350
pottedplant 0.0231 222 344 237 361
pottedplant 0.0209 207 334 216 348
pottedplant 0.0181 191 310 247 366
pottedplant 0.0167 288 354 308 382
pottedplant 0.0166 204 295 217 312
pottedplant 0.0091 197 322 207 341
pottedplant 0.0083 213 331 225 348
pottedplant 0.0079 188 331 195 350
pottedplant 0.0078 212 315 217 331
pottedplant 0.0069 196 341 209 353
pottedplant 0.0064 215 316 220 330
pottedplant 0.0059 214 342 228 357
pottedplant 0.0047 204 319 239 378
pottedplant 0.0043 183 306 215 366
pottedplant 0.0042 199 296 210 312
pottedplant 0.0042 203 293 217 330
pottedplant 0.0040 339 374 375 425
pottedplant 0.0038 205 342 217 353
pottedplant 0.0036 205 302 215 318
pottedplant 0.0035 198 314 206 333
pottedplant 0.0029 189 314 195 331
pottedplant 0.0025 224 318 234 329
pottedplant 0.0024 188 328 217 354
pottedplant 0.0024 206 317 239 348
pottedplant 0.0024 230 320 245 363
pottedplant 0.0023 213 284 245 361
pottedplant 0.0023 191 332 211 363
pottedplant 0.0021 185 312 197 352
pottedplant 0.0018 180 319 205 391
pottedplant 0.0018 223 322 237 340
pottedplant 0.0018 190 322 196 340
pottedplant 0.0017 206 334 239 363
pottedplant 0.0016 169 298 178 313
pottedplant 0.0015 209 241 230 272
pottedplant 0.0015 197 291 211 334
pottedplant 0.0014 164 285 177 300
pottedplant 0.0014 246 332 254 351
pottedplant 0.0013 161 306 236 362
pottedplant 0.0013 225 332 235 350
pottedplant 0.0012 201 286 233 357
pottedplant 0.0012 255 333 262 352
pottedplant 0.0012 213 294 221 310
pottedplant 0.0011 163 285 180 320
pottedplant 0.0011 236 331 244 349
pottedplant 0.0010 233 343 242 359
pottedplant 0.0010 159 293 189 352
diningtable 0.4337 237 409 349 448
diningtable 0.3496 238 414 366 492
diningtable 0.1616 242 416 335 435
diningtable 0.0833 259 414 338 427
diningtable 0.0579 322 426 370 446
diningtable 0.0532 231 404 314 435
diningtable 0.0452 317 421 375 437
diningtable 0.0364 230 415 288 438
diningtable 0.0288 250 403 370 435
diningtable 0.0282 290 418 363 434
diningtable 0.0253 295 412 357 426
diningtable 0.0138 326 378 370 400
diningtable 0.0105 294 410 368 454
diningtable 0.0066 328 387 348 396
diningtable 0.0063 235 418 280 452
diningtable 0.0060 307 377 347 406
diningtable 0.0048 321 431 371 457
diningtable 0.0041 336 422 356 431
diningtable 0.0037 347 422 363 430
diningtable 0.0032 326 384 368 410
diningtable 0.0030 258 427 337 501
diningtable 0.0030 316 412 374 428
diningtable 0.0028 221 416 289 489
diningtable 0.0027 228 404 290 453
diningtable 0.0026 329 410 374 500
diningtable 0.0026 249 424 327 446
diningtable 0.0024 276 427 358 444
diningtable 0.0023 298 390 367 437
diningtable 0.0023 240 403 308 496
diningtable 0.0022 311 397 344 416
diningtable 0.0021 327 391 347 403
diningtable 0.0021 302 416 330 424
diningtable 0.0021 299 421 367 488
diningtable 0.0018 296 411 317 421
diningtable 0.0015 335 407 376 430
diningtable 0.0015 317 386 350 411
diningtable 0.0015 313 396 341 405
diningtable 0.0014 326 420 345 431
diningtable 0.0014 293 404 315 416
diningtable 0.0012 303 422 329 428
diningtable 0.0011 233 400 291 419
diningtable 0.0010 289 414 307 423
