person 0.9165 140 149 256 314
car 0.0011 3 157 170 373
bottle 0.9816 199 245 243 369
bottle 0.0033 207 242 243 306
bottle 0.0024 189 224 224 280
bottle 0.0020 157 146 241 350
bottle 0.0019 208 232 242 262
bottle 0.0017 207 228 226 254
bottle 0.0014 228 302 241 354
bottle 0.0013 209 233 222 248
chair 0.0098 14 161 160 268
chair 0.0044 3 157 170 373
chair 0.0014 0 182 24 281
sofa 0.0018 3 157 170 373
pottedplant 0.0816 -1 174 26 255
pottedplant 0.0041 0 182 24 222
pottedplant 0.0038 0 187 14 236
pottedplant 0.0026 0 124 23 237
pottedplant 0.0013 3 157 170 373
pottedplant 0.0010 -1 106 27 325
diningtable 0.0024 -2 254 174 370
tvmonitor 0.1268 294 104 500 350
tvmonitor 0.0036 277 301 440 371
tvmonitor 0.0032 14 161 160 268
tvmonitor 0.0021 3 157 170 373
tvmonitor 0.0010 416 161 481 229
