car 0.0010 145 126 152 129
bird 0.1971 448 143 457 148
bird 0.0453 472 144 477 148
bird 0.0195 435 156 475 171
bird 0.0040 444 158 466 166
bird 0.0033 437 157 457 166
bird 0.0021 453 161 475 170
bird 0.0018 436 154 443 160
bird 0.0016 0 282 10 333
bird 0.0014 95 140 99 145
bird 0.0012 436 155 445 164
bird 0.0012 111 144 124 149
bird 0.0011 0 301 7 319
bird 0.0010 0 305 8 326
dog 0.0028 111 144 124 149
dog 0.0024 267 174 302 217
dog 0.0023 148 173 194 204
dog 0.0021 448 143 457 148
dog 0.0020 435 156 475 171
horse 0.1104 269 170 301 221
horse 0.0219 148 173 194 204
horse 0.0067 435 156 475 171
horse 0.0033 340 153 367 173
horse 0.0032 111 144 124 149
horse 0.0012 448 143 457 148
sheep 0.9738 148 171 193 200
sheep 0.9279 266 178 303 218
sheep 0.7486 340 153 367 173
sheep 0.3227 435 156 475 171
sheep 0.2656 448 143 457 148
sheep 0.2344 111 144 124 149
sheep 0.1028 437 157 457 166
sheep 0.0320 444 158 466 166
sheep 0.0174 436 155 445 164
sheep 0.0161 453 161 475 170
sheep 0.0159 95 140 99 145
sheep 0.0133 145 126 152 129
sheep 0.0129 472 144 477 148
sheep 0.0082 281 172 300 216
sheep 0.0081 111 144 118 148
sheep 0.0064 436 154 443 160
sheep 0.0049 284 167 300 178
sheep 0.0033 342 163 354 177
sheep 0.0033 352 164 365 175
sheep 0.0029 292 179 307 222
sheep 0.0023 143 128 151 132
sheep 0.0021 372 169 385 178
sheep 0.0019 340 153 397 176
sheep 0.0018 266 182 287 216
sheep 0.0015 439 153 452 159
sheep 0.0014 92 139 98 146
sheep 0.0014 456 164 475 173
sheep 0.0014 137 129 143 132
sheep 0.0014 341 157 377 181
sheep 0.0014 139 126 144 129
sheep 0.0014 113 146 124 152
sheep 0.0013 288 203 296 216
sheep 0.0013 341 153 361 161
sheep 0.0012 340 166 349 179
sheep 0.0012 367 179 375 188
sheep 0.0011 340 158 348 168
sheep 0.0010 93 122 96 127
cow 0.1107 435 156 475 171
cow 0.0658 148 171 193 200
cow 0.0534 269 170 301 221
cow 0.0240 340 153 367 173
cow 0.0196 111 144 124 149
cow 0.0176 437 157 457 166
cow 0.0069 444 158 466 166
cow 0.0066 448 143 457 148
cow 0.0052 453 161 475 170
cow 0.0025 472 144 477 148
cow 0.0024 436 155 445 164
cow 0.0022 95 140 99 145
chair 0.0017 149 171 198 201
