person 0.9816 59 87 302 330
person 0.7120 0 41 48 273
person 0.1541 24 35 409 311
person 0.0133 0 26 31 360
person 0.0127 0 95 120 326
person 0.0124 0 133 60 333
person 0.0053 378 160 484 314
person 0.0049 116 164 372 327
person 0.0044 127 83 362 271
person 0.0040 168 164 306 261
person 0.0030 133 101 289 228
person 0.0021 5 182 97 333
person 0.0015 0 110 15 278
person 0.0014 437 177 498 323
cat 0.2723 60 166 296 330
cat 0.0625 153 166 288 265
cat 0.0148 372 163 495 319
dog 0.7703 60 166 296 330
dog 0.6851 372 163 495 319
dog 0.0513 153 166 288 265
dog 0.0032 437 177 498 323
dog 0.0028 183 157 385 329
dog 0.0028 67 244 349 325
dog 0.0016 42 141 447 332
horse 0.0043 372 163 495 319
horse 0.0014 60 166 296 330
sheep 0.0025 140 163 284 322
cow 0.0032 372 163 495 319
bottle 0.0360 455 48 478 77
bottle 0.0027 338 235 376 287
bottle 0.0018 166 37 185 72
chair 0.8663 1 185 113 323
chair 0.1068 372 163 495 319
chair 0.0559 0 58 53 329
chair 0.0229 1 203 62 336
chair 0.0170 7 251 81 334
chair 0.0108 92 165 324 327
chair 0.0063 7 140 126 284
chair 0.0057 437 177 498 323
chair 0.0034 0 269 49 303
chair 0.0031 3 281 55 332
chair 0.0025 1 236 46 313
chair 0.0023 -2 188 63 238
chair 0.0019 0 183 18 322
chair 0.0018 0 140 15 287
chair 0.0012 1 187 9 269
chair 0.0012 0 188 12 230
chair 0.0011 27 134 402 334
chair 0.0010 46 234 84 309
sofa 0.0449 372 163 495 319
sofa 0.0249 1 185 113 323
sofa 0.0154 92 165 324 327
sofa 0.0076 46 81 451 330
sofa 0.0044 0 84 56 340
sofa 0.0037 437 177 498 323
sofa 0.0014 67 244 349 325
sofa 0.0013 153 166 288 265
sofa 0.0010 6 149 182 325
pottedplant 0.9017 56 128 140 198
pottedplant 0.0382 29 126 146 275
pottedplant 0.0120 0 95 120 326
pottedplant 0.0076 404 3 447 78
pottedplant 0.0051 35 107 243 319
pottedplant 0.0034 5 123 135 215
pottedplant 0.0024 47 157 131 306
pottedplant 0.0015 48 119 210 215
pottedplant 0.0013 13 10 178 314
pottedplant 0.0012 396 41 445 75
tvmonitor 0.0114 259 6 385 80
