person 0.1064 159 0 215 60
person 0.0138 0 295 63 373
person 0.0070 0 190 53 398
person 0.0067 154 9 251 163
person 0.0051 1 69 49 363
person 0.0023 323 339 496 373
person 0.0016 0 132 31 376
person 0.0011 0 261 22 365
cat 0.0036 323 339 496 373
dog 0.0383 323 339 496 373
bottle 0.0523 121 137 139 175
bottle 0.0163 30 193 65 248
bottle 0.0016 178 36 211 61
bottle 0.0014 115 137 129 172
bottle 0.0014 126 140 136 163
bottle 0.0011 129 137 143 171
chair 0.9944 206 285 367 376
chair 0.0355 323 339 496 373
chair 0.0060 0 295 63 373
chair 0.0032 0 106 51 364
chair 0.0031 118 174 389 349
chair 0.0028 238 299 475 374
chair 0.0015 0 289 26 374
sofa 0.0072 323 339 496 373
sofa 0.0018 0 295 63 373
pottedplant 0.0511 413 18 449 74
diningtable 0.0016 59 166 377 355
diningtable 0.0010 194 289 464 378
tvmonitor 0.9974 151 57 254 158
tvmonitor 0.9904 269 61 353 131
tvmonitor 0.0321 351 49 479 181
tvmonitor 0.0018 178 65 251 137
