person 0.9992 13 45 198 358
person 0.0172 473 107 500 144
person 0.0152 470 98 484 111
person 0.0098 486 107 499 143
person 0.0089 226 189 265 275
person 0.0089 239 96 254 108
person 0.0051 465 102 499 129
person 0.0045 494 110 499 140
person 0.0039 494 103 498 128
person 0.0038 242 96 263 108
person 0.0036 235 92 271 111
person 0.0036 475 101 495 112
person 0.0032 458 97 497 146
person 0.0030 227 164 290 272
person 0.0023 136 111 486 343
person 0.0023 458 97 497 119
person 0.0019 494 96 498 116
person 0.0013 337 188 476 279
bicycle 0.0018 467 107 499 143
car 0.9540 176 83 273 112
car 0.9398 99 105 505 350
car 0.4902 263 92 399 133
car 0.1236 24 66 216 359
car 0.0974 455 101 499 129
car 0.0742 0 62 43 88
car 0.0519 142 88 191 101
car 0.0519 128 81 143 94
car 0.0371 2 60 62 110
car 0.0346 0 58 33 112
car 0.0233 178 79 195 90
car 0.0231 442 101 497 144
car 0.0226 216 86 435 138
car 0.0200 467 107 499 143
car 0.0185 127 87 239 118
car 0.0139 140 73 191 98
car 0.0138 458 97 497 119
car 0.0137 233 88 271 109
car 0.0116 25 75 75 96
car 0.0108 335 41 409 89
car 0.0105 0 81 48 114
car 0.0087 1 63 7 89
car 0.0079 24 101 188 191
car 0.0074 2 75 7 94
car 0.0073 184 81 209 90
car 0.0064 133 96 226 134
car 0.0062 131 88 144 97
car 0.0062 1 56 12 95
car 0.0061 179 86 234 107
car 0.0056 3 79 22 91
car 0.0046 13 78 72 108
car 0.0045 370 40 453 87
car 0.0041 178 79 214 92
car 0.0040 494 96 498 116
car 0.0039 475 101 495 112
car 0.0038 0 70 22 100
car 0.0037 1 71 10 120
car 0.0037 320 70 492 138
car 0.0036 61 76 80 93
car 0.0035 27 70 77 86
car 0.0034 0 76 3 116
car 0.0034 152 91 183 97
car 0.0032 1 56 6 80
car 0.0029 487 96 499 136
car 0.0028 9 76 59 94
car 0.0027 134 96 201 109
car 0.0026 494 103 498 128
car 0.0026 124 86 140 97
car 0.0024 126 88 175 103
car 0.0024 435 112 474 136
car 0.0024 398 65 438 87
car 0.0022 371 62 495 102
car 0.0022 20 85 181 152
car 0.0022 -61 40 262 389
car 0.0021 369 79 496 124
car 0.0020 378 101 486 135
car 0.0020 326 34 487 123
car 0.0019 195 95 452 178
car 0.0017 142 90 152 96
car 0.0017 153 86 221 105
car 0.0016 181 83 253 92
car 0.0016 126 77 146 97
car 0.0016 476 109 495 119
car 0.0015 171 83 189 94
car 0.0015 50 85 200 114
car 0.0015 430 108 483 125
car 0.0015 455 111 478 118
car 0.0013 127 78 175 96
car 0.0013 55 79 72 91
car 0.0013 440 79 498 129
car 0.0012 0 55 24 84
car 0.0012 476 38 500 77
car 0.0011 193 81 216 87
car 0.0011 238 89 365 122
car 0.0010 351 53 442 101
car 0.0010 475 94 499 120
car 0.0010 465 109 487 119
car 0.0010 53 75 76 101
bus 0.0023 2 60 62 110
train 0.0010 -17 88 525 364
bird 0.0184 237 256 269 281
chair 0.3477 467 107 499 143
chair 0.0332 486 107 499 143
chair 0.0243 494 110 499 140
chair 0.0212 493 121 499 144
chair 0.0203 442 101 497 144
chair 0.0065 412 114 445 135
chair 0.0060 455 101 499 129
chair 0.0033 494 103 498 128
chair 0.0029 414 119 441 130
chair 0.0026 475 119 493 130
chair 0.0020 469 118 487 133
chair 0.0012 476 109 495 119
sofa 0.0010 467 107 499 143
diningtable 0.0065 467 107 499 143
diningtable 0.0025 455 101 499 129
diningtable 0.0020 494 110 499 140
diningtable 0.0010 414 119 441 130
tvmonitor 0.0017 131 44 495 349
