person 0.9948 0 -9 250 383
person 0.2698 281 251 356 372
person 0.0833 413 294 482 373
person 0.0561 304 243 482 363
person 0.0524 360 325 421 372
person 0.0309 417 288 478 341
person 0.0163 287 244 340 299
person 0.0108 341 294 417 367
person 0.0077 321 293 479 374
person 0.0069 359 297 382 337
person 0.0052 5 1 205 226
person 0.0041 358 288 421 341
person 0.0034 338 296 375 361
person 0.0032 433 299 478 335
person 0.0031 388 201 473 258
person 0.0028 353 296 392 362
person 0.0028 294 252 342 333
person 0.0027 0 16 105 360
person 0.0027 272 287 393 375
person 0.0019 452 276 483 351
person 0.0016 363 311 397 340
person 0.0014 380 301 414 333
person 0.0011 0 -6 56 399
person 0.0010 416 295 451 372
bird 0.0020 290 246 335 286
bird 0.0014 304 243 482 363
cat 0.3947 303 125 424 225
cat 0.0093 304 243 482 363
cat 0.0079 321 179 397 228
cat 0.0049 386 201 471 242
cat 0.0012 332 191 373 229
dog 0.0164 303 125 424 225
dog 0.0015 287 244 340 299
dog 0.0012 304 243 482 363
horse 0.0029 303 125 424 225
bottle 0.0021 266 180 302 222
chair 0.0090 332 191 373 229
chair 0.0057 29 288 59 369
chair 0.0025 11 288 47 370
chair 0.0025 386 201 471 242
chair 0.0023 331 187 403 233
chair 0.0022 266 180 302 222
sofa 0.0016 17 69 236 362
pottedplant 0.7881 303 125 424 225
pottedplant 0.0051 334 191 382 229
pottedplant 0.0043 4 5 241 308
pottedplant 0.0039 321 179 397 228
diningtable 0.0011 17 69 236 362
tvmonitor 0.9949 243 223 509 377
tvmonitor 0.0028 487 -1 499 42
tvmonitor 0.0026 272 251 389 363
