person 0.3909 122 165 137 200
person 0.1371 238 110 250 120
person 0.1332 178 164 194 199
person 0.0885 180 166 195 180
person 0.0719 336 126 344 135
person 0.0670 230 156 242 169
person 0.0627 215 154 222 164
person 0.0540 238 157 249 170
person 0.0502 144 167 154 181
person 0.0476 123 166 134 180
person 0.0443 208 103 421 207
person 0.0415 232 111 243 120
person 0.0411 124 169 135 189
person 0.0401 209 163 221 179
person 0.0394 362 194 376 205
person 0.0356 316 119 325 130
person 0.0353 353 194 368 204
person 0.0350 249 157 259 169
person 0.0257 10 161 148 249
person 0.0254 329 125 337 134
person 0.0235 343 194 359 204
person 0.0234 328 163 337 174
person 0.0230 248 110 261 120
person 0.0223 198 168 216 179
person 0.0218 187 163 203 179
person 0.0200 181 169 193 186
person 0.0160 117 165 127 179
person 0.0152 328 121 336 131
person 0.0134 157 171 176 183
person 0.0119 236 115 248 124
person 0.0118 171 166 189 196
person 0.0116 184 160 195 167
person 0.0116 256 111 269 120
person 0.0095 180 160 197 185
person 0.0095 150 168 168 180
person 0.0092 300 164 308 173
person 0.0089 308 117 316 128
person 0.0086 258 159 266 171
person 0.0078 187 160 201 169
person 0.0075 309 163 316 174
person 0.0074 298 116 307 127
person 0.0073 172 168 187 180
person 0.0070 123 179 134 200
person 0.0068 221 165 231 175
person 0.0068 336 195 350 204
person 0.0061 318 124 326 135
person 0.0053 280 165 288 174
person 0.0053 229 163 240 171
person 0.0053 240 162 248 172
person 0.0049 270 165 278 172
person 0.0049 170 170 185 186
person 0.0041 115 164 131 197
person 0.0038 336 121 344 131
person 0.0037 132 172 143 184
person 0.0037 251 116 261 123
person 0.0034 149 167 170 189
person 0.0034 236 126 248 136
person 0.0029 250 162 259 171
person 0.0029 179 181 190 197
person 0.0028 141 170 177 185
person 0.0028 449 180 483 244
person 0.0027 334 164 340 174
person 0.0027 298 126 308 141
person 0.0027 257 116 268 122
person 0.0024 141 165 156 193
person 0.0024 219 156 228 168
person 0.0023 372 193 385 206
person 0.0022 306 125 315 140
person 0.0022 453 176 474 222
person 0.0022 226 153 246 173
person 0.0021 265 110 277 119
person 0.0021 268 159 277 169
person 0.0020 260 163 267 171
person 0.0020 189 172 202 183
person 0.0020 317 163 325 173
person 0.0020 234 115 243 124
person 0.0019 185 163 203 196
person 0.0016 180 163 215 181
person 0.0014 117 169 127 188
person 0.0014 287 164 294 173
person 0.0014 493 177 499 187
person 0.0013 234 152 253 172
person 0.0012 155 170 199 188
person 0.0012 344 127 351 136
person 0.0011 59 169 101 191
person 0.0011 126 167 146 195
person 0.0010 156 156 166 167
person 0.0010 291 118 300 126
person 0.0010 336 134 345 148
person 0.0010 472 174 498 186
car 0.9992 305 186 405 243
car 0.9823 4 160 127 255
car 0.5202 437 173 456 183
car 0.4112 472 174 498 186
car 0.1392 493 177 499 187
car 0.1235 446 174 466 183
car 0.1045 439 172 474 190
car 0.0950 455 176 473 188
car 0.0721 157 171 176 183
car 0.0711 448 169 464 177
car 0.0647 427 168 444 177
car 0.0570 198 168 216 179
car 0.0547 494 181 499 194
car 0.0546 438 171 456 178
car 0.0530 476 168 496 177
car 0.0391 454 179 472 195
car 0.0375 455 174 497 191
car 0.0356 448 174 482 193
car 0.0348 432 173 447 182
car 0.0317 141 170 177 185
car 0.0277 422 169 436 177
car 0.0218 469 177 485 187
car 0.0153 492 165 498 177
car 0.0153 449 161 462 167
car 0.0098 455 170 472 177
car 0.0084 188 164 222 181
car 0.0082 471 163 499 184
car 0.0070 490 159 497 168
car 0.0065 150 167 184 181
car 0.0059 155 170 199 188
car 0.0044 150 168 168 180
car 0.0044 429 166 466 180
car 0.0043 482 160 492 167
car 0.0029 474 181 496 192
car 0.0029 429 160 441 168
car 0.0026 50 158 112 167
car 0.0026 209 163 221 179
car 0.0022 468 176 499 197
car 0.0020 423 172 436 181
car 0.0020 178 169 216 188
car 0.0017 435 170 459 188
car 0.0016 470 166 482 174
car 0.0012 208 172 219 182
car 0.0010 42 163 157 195
car 0.0010 180 166 195 180
bus 0.9998 221 91 356 216
bus 0.0075 350 121 426 186
bus 0.0018 112 112 412 199
