person 0.9941 44 73 239 313
person 0.9827 255 65 402 209
person 0.9551 362 74 462 241
person 0.9230 183 102 252 171
person 0.9135 255 86 330 186
person 0.8024 411 55 497 271
person 0.2277 53 59 124 185
person 0.2225 4 289 158 379
person 0.1458 321 67 481 278
person 0.0738 9 284 76 341
person 0.0681 443 74 499 353
person 0.0478 138 155 182 233
person 0.0412 90 67 124 103
person 0.0411 82 65 122 130
person 0.0355 72 105 92 143
person 0.0324 3 162 169 375
person 0.0292 260 86 303 164
person 0.0221 191 100 315 182
person 0.0179 66 81 106 157
person 0.0145 9 326 128 375
person 0.0144 50 84 221 210
person 0.0127 197 95 241 153
person 0.0126 163 91 198 156
person 0.0122 153 84 497 391
person 0.0102 0 147 21 247
person 0.0096 45 92 57 103
person 0.0095 131 88 198 232
person 0.0089 49 90 88 156
person 0.0085 76 105 91 122
person 0.0068 22 195 154 329
person 0.0064 1 280 83 375
person 0.0063 47 97 58 109
person 0.0053 83 101 94 112
person 0.0050 0 186 29 289
person 0.0046 228 107 293 167
person 0.0045 0 89 5 199
person 0.0043 44 108 84 169
person 0.0037 37 75 103 205
person 0.0036 81 103 94 123
person 0.0035 164 98 248 207
person 0.0032 371 115 515 404
person 0.0030 79 100 98 131
person 0.0030 169 115 204 152
person 0.0028 195 102 279 151
person 0.0028 0 131 5 233
person 0.0027 0 75 14 242
person 0.0026 181 93 218 154
person 0.0026 2 182 59 295
person 0.0026 55 101 66 109
person 0.0025 41 183 220 279
person 0.0025 175 101 197 150
person 0.0024 132 86 290 166
person 0.0024 185 117 205 149
person 0.0023 0 288 27 373
person 0.0022 64 97 78 111
person 0.0022 223 134 294 182
person 0.0021 1 150 9 253
person 0.0021 160 147 179 175
person 0.0021 466 17 501 335
person 0.0021 66 90 77 106
person 0.0020 0 219 53 363
person 0.0018 147 78 190 161
person 0.0018 69 118 88 149
person 0.0018 285 112 455 240
person 0.0017 0 233 25 352
person 0.0017 60 91 80 118
person 0.0016 57 92 65 105
person 0.0016 482 133 498 297
person 0.0016 90 75 112 113
person 0.0015 12 98 413 354
person 0.0015 77 101 88 112
person 0.0015 41 91 51 103
person 0.0014 317 62 353 134
person 0.0013 0 104 2 146
person 0.0013 398 65 463 178
person 0.0013 143 170 219 228
person 0.0012 91 85 108 126
person 0.0012 148 74 185 102
person 0.0012 439 14 497 229
person 0.0011 487 67 499 288
person 0.0011 93 88 103 104
person 0.0011 142 137 215 252
person 0.0010 0 236 5 320
person 0.0010 422 -3 508 441
bottle 0.0783 209 139 222 189
bottle 0.0101 235 183 253 217
bottle 0.0094 252 187 272 217
bottle 0.0038 248 175 263 210
bottle 0.0037 225 168 242 198
bottle 0.0034 203 144 216 185
bottle 0.0030 47 97 58 109
bottle 0.0026 213 140 232 185
bottle 0.0024 229 164 241 184
bottle 0.0023 235 165 252 199
bottle 0.0022 201 130 240 185
bottle 0.0021 238 182 251 201
bottle 0.0020 249 191 263 212
bottle 0.0020 254 177 272 209
bottle 0.0019 173 142 180 152
bottle 0.0018 270 172 289 197
bottle 0.0018 238 191 251 211
bottle 0.0017 217 157 234 189
bottle 0.0015 204 144 234 205
bottle 0.0015 45 92 57 103
bottle 0.0014 227 173 240 191
bottle 0.0012 222 174 234 191
bottle 0.0012 323 197 341 223
bottle 0.0011 256 192 271 210
bottle 0.0010 227 145 244 182
chair 0.7445 43 173 61 208
chair 0.6661 23 188 63 282
chair 0.1327 2 182 59 295
chair 0.0870 32 166 64 226
chair 0.0704 22 195 154 329
chair 0.0582 53 125 72 165
chair 0.0543 0 222 31 293
chair 0.0525 42 129 60 172
chair 0.0485 235 114 276 151
chair 0.0470 46 164 61 179
chair 0.0423 63 126 80 160
chair 0.0296 228 107 293 167
chair 0.0269 36 124 67 192
chair 0.0248 44 108 84 169
chair 0.0233 42 161 63 189
chair 0.0228 13 185 49 250
chair 0.0218 39 129 53 174
chair 0.0195 36 147 67 212
chair 0.0176 73 124 85 144
chair 0.0158 70 124 80 147
chair 0.0132 3 162 169 375
chair 0.0123 0 288 27 373
chair 0.0121 69 118 88 149
chair 0.0120 68 129 78 155
chair 0.0107 241 95 319 174
chair 0.0105 0 233 25 352
chair 0.0087 183 102 252 171
chair 0.0086 19 187 45 218
chair 0.0080 0 219 53 363
chair 0.0080 9 186 80 350
chair 0.0079 48 110 78 119
chair 0.0066 23 186 43 199
chair 0.0065 1 174 25 258
chair 0.0062 0 190 22 236
chair 0.0062 57 144 68 164
chair 0.0056 58 153 67 171
chair 0.0051 72 105 92 143
chair 0.0050 0 251 34 286
chair 0.0049 0 232 6 305
chair 0.0049 42 108 79 123
chair 0.0049 9 284 76 341
chair 0.0048 177 141 264 180
chair 0.0045 241 122 250 143
chair 0.0043 18 188 34 236
chair 0.0043 76 105 91 122
chair 0.0040 0 125 6 201
chair 0.0032 41 120 80 148
chair 0.0031 45 173 58 192
chair 0.0030 54 162 64 181
chair 0.0030 39 110 50 121
chair 0.0029 254 115 274 153
chair 0.0028 390 126 408 161
chair 0.0028 41 182 49 199
chair 0.0027 0 114 17 245
chair 0.0027 4 104 56 254
chair 0.0026 25 175 61 207
chair 0.0026 0 129 63 185
chair 0.0026 13 117 50 197
chair 0.0026 0 138 2 187
chair 0.0026 -1 255 139 365
chair 0.0023 1 169 60 230
chair 0.0023 58 133 68 153
chair 0.0022 9 182 125 292
chair 0.0021 195 102 279 151
chair 0.0020 0 60 14 218
chair 0.0020 408 215 448 248
chair 0.0019 190 116 203 131
chair 0.0019 43 189 60 230
chair 0.0019 53 145 68 179
chair 0.0018 179 161 213 188
chair 0.0018 22 192 59 230
chair 0.0015 201 130 240 185
chair 0.0015 50 172 65 210
chair 0.0015 17 205 33 256
chair 0.0015 156 221 177 234
chair 0.0015 0 233 32 265
chair 0.0015 0 166 33 341
chair 0.0014 223 134 294 182
chair 0.0014 0 284 8 369
chair 0.0014 244 116 266 150
chair 0.0014 18 182 49 206
chair 0.0014 41 173 49 192
chair 0.0013 48 201 59 217
chair 0.0012 437 65 499 326
chair 0.0012 235 119 255 145
chair 0.0012 0 240 55 300
chair 0.0012 22 189 40 247
chair 0.0012 48 137 57 166
chair 0.0012 1 81 5 189
chair 0.0012 0 257 2 301
chair 0.0011 39 121 49 130
chair 0.0011 49 90 88 156
chair 0.0011 40 127 50 137
chair 0.0011 0 237 2 301
chair 0.0011 224 109 259 170
chair 0.0010 229 118 242 132
chair 0.0010 0 279 67 375
sofa 0.0012 188 107 285 167
sofa 0.0012 0 288 27 373
sofa 0.0011 180 136 529 387
diningtable 0.8575 176 160 474 374
diningtable 0.0221 42 108 79 123
diningtable 0.0213 165 257 486 361
diningtable 0.0189 40 114 81 134
diningtable 0.0104 17 113 83 167
diningtable 0.0103 0 222 31 293
diningtable 0.0094 172 309 417 371
diningtable 0.0072 169 154 324 225
diningtable 0.0071 48 110 78 119
diningtable 0.0059 41 120 80 148
diningtable 0.0053 0 190 22 236
diningtable 0.0050 13 100 86 143
diningtable 0.0043 157 292 280 366
diningtable 0.0041 35 110 70 175
diningtable 0.0034 186 176 295 219
diningtable 0.0032 185 156 296 199
diningtable 0.0028 44 80 274 349
diningtable 0.0023 161 143 198 167
diningtable 0.0022 171 174 330 261
diningtable 0.0021 164 138 248 183
diningtable 0.0019 42 125 61 168
diningtable 0.0019 228 111 278 121
diningtable 0.0018 40 127 50 137
diningtable 0.0018 231 110 276 145
diningtable 0.0017 1 174 25 258
diningtable 0.0017 2 180 10 258
diningtable 0.0016 6 125 59 141
diningtable 0.0016 2 178 8 282
diningtable 0.0016 188 107 285 167
diningtable 0.0015 6 118 59 134
diningtable 0.0014 39 121 49 130
diningtable 0.0014 166 148 205 175
diningtable 0.0013 219 175 430 266
diningtable 0.0013 162 153 248 200
diningtable 0.0013 169 179 241 222
diningtable 0.0013 0 127 2 160
diningtable 0.0012 161 260 326 352
diningtable 0.0011 52 117 74 154
diningtable 0.0011 339 245 406 294
diningtable 0.0010 47 110 91 138
tvmonitor 0.1715 34 79 68 108
tvmonitor 0.0424 23 59 76 110
tvmonitor 0.0138 31 58 70 79
tvmonitor 0.0125 45 92 57 103
tvmonitor 0.0088 32 64 69 88
tvmonitor 0.0068 29 68 67 125
tvmonitor 0.0036 41 91 51 103
tvmonitor 0.0025 0 41 15 161
tvmonitor 0.0020 36 81 66 91
tvmonitor 0.0016 29 78 64 98
tvmonitor 0.0011 57 92 65 105
