person 0.9971 177 79 485 378
person 0.9884 185 124 310 327
person 0.9866 3 135 128 291
person 0.2133 360 121 386 166
person 0.1031 185 164 402 356
person 0.0997 105 144 337 315
person 0.0606 263 203 389 311
person 0.0217 66 156 208 234
person 0.0165 1 159 17 310
person 0.0094 2 127 65 305
person 0.0055 129 176 226 226
person 0.0041 300 98 498 346
person 0.0039 0 168 6 274
person 0.0035 1 213 20 335
person 0.0035 118 151 315 240
person 0.0031 298 168 418 280
person 0.0028 0 214 8 284
person 0.0026 8 167 185 359
person 0.0025 353 126 371 162
person 0.0021 0 107 26 362
person 0.0017 107 170 230 256
person 0.0014 0 129 15 263
person 0.0014 437 0 500 94
person 0.0014 355 124 386 148
person 0.0013 488 67 499 288
person 0.0013 446 65 499 365
person 0.0012 368 129 404 162
person 0.0012 353 140 367 162
person 0.0012 355 126 368 139
person 0.0012 475 3 497 389
person 0.0011 207 240 376 347
person 0.0010 387 132 404 161
cat 0.0016 201 193 387 321
dog 0.0125 201 193 387 321
dog 0.0024 314 216 391 288
dog 0.0016 291 184 385 320
dog 0.0013 359 124 396 164
bottle 0.5505 87 277 122 356
bottle 0.0262 159 315 191 352
bottle 0.0147 0 288 12 328
bottle 0.0105 0 296 7 319
bottle 0.0094 175 246 200 315
bottle 0.0073 110 259 136 333
bottle 0.0055 1 164 5 184
bottle 0.0053 145 142 154 164
bottle 0.0036 112 279 128 335
bottle 0.0028 151 142 161 165
bottle 0.0023 0 170 4 194
bottle 0.0022 0 266 8 331
bottle 0.0021 121 263 157 327
bottle 0.0020 169 225 196 288
bottle 0.0020 0 167 10 217
bottle 0.0019 143 137 160 164
bottle 0.0016 0 181 6 202
bottle 0.0015 123 272 160 366
bottle 0.0013 132 147 141 164
bottle 0.0012 14 283 33 330
bottle 0.0012 162 129 179 163
bottle 0.0012 162 140 175 163
bottle 0.0011 0 289 5 309
bottle 0.0010 176 230 194 266
chair 0.1141 298 179 374 293
chair 0.0938 112 186 152 201
chair 0.0425 114 189 151 211
chair 0.0218 124 188 208 236
chair 0.0210 114 193 150 227
chair 0.0202 181 139 317 302
chair 0.0182 305 182 368 250
chair 0.0151 142 221 180 280
chair 0.0129 314 216 391 288
chair 0.0115 263 203 389 311
chair 0.0111 30 220 67 282
chair 0.0090 107 170 230 256
chair 0.0087 130 201 200 270
chair 0.0078 1 213 20 335
chair 0.0069 156 191 351 315
chair 0.0056 185 164 402 356
chair 0.0050 0 214 8 284
chair 0.0049 7 237 43 314
chair 0.0030 98 175 338 276
chair 0.0029 26 239 38 300
chair 0.0029 0 168 6 274
chair 0.0028 0 257 7 277
chair 0.0027 305 218 501 391
chair 0.0026 0 252 5 271
chair 0.0025 0 245 9 292
chair 0.0024 9 151 161 289
chair 0.0024 114 195 130 227
chair 0.0022 120 202 132 221
chair 0.0021 0 228 3 272
chair 0.0019 8 205 124 328
chair 0.0018 93 176 161 222
chair 0.0017 27 207 107 266
chair 0.0017 359 124 396 164
chair 0.0016 0 201 5 220
chair 0.0015 147 139 163 164
chair 0.0014 273 147 280 162
chair 0.0014 28 175 141 219
chair 0.0014 1 186 53 357
chair 0.0014 27 238 61 308
chair 0.0014 389 143 403 161
chair 0.0013 9 140 84 325
chair 0.0013 116 196 143 205
chair 0.0013 1 159 17 310
chair 0.0012 120 190 156 198
chair 0.0011 232 133 479 371
chair 0.0011 456 294 499 371
chair 0.0010 320 292 485 385
chair 0.0010 312 182 366 207
chair 0.0010 276 136 293 164
chair 0.0010 0 222 62 286
chair 0.0010 444 238 498 386
sofa 0.2763 181 139 317 302
sofa 0.2554 298 179 374 293
sofa 0.1549 185 164 402 356
sofa 0.0962 124 188 208 236
sofa 0.0809 156 191 351 315
sofa 0.0638 98 175 338 276
sofa 0.0338 107 170 230 256
sofa 0.0296 129 117 461 392
sofa 0.0287 305 182 368 250
sofa 0.0219 74 172 355 351
sofa 0.0202 314 216 391 288
sofa 0.0186 263 203 389 311
sofa 0.0153 130 201 200 270
sofa 0.0087 286 158 385 201
sofa 0.0059 1 184 19 324
sofa 0.0057 9 151 161 289
sofa 0.0045 107 160 222 201
sofa 0.0044 142 221 180 280
sofa 0.0040 305 218 501 391
sofa 0.0031 93 176 161 222
sofa 0.0030 307 167 403 224
sofa 0.0024 118 151 315 240
sofa 0.0019 273 171 367 218
sofa 0.0019 112 186 152 201
sofa 0.0013 323 227 481 312
sofa 0.0013 117 194 156 228
sofa 0.0013 294 144 430 251
sofa 0.0013 66 171 202 272
sofa 0.0012 114 189 151 211
sofa 0.0011 135 195 199 225
sofa 0.0010 133 94 201 169
sofa 0.0010 264 147 370 180
sofa 0.0010 150 247 359 351
pottedplant 0.9913 131 89 202 157
pottedplant 0.3767 192 141 234 164
pottedplant 0.3376 61 213 179 316
pottedplant 0.0581 125 137 145 164
pottedplant 0.0371 4 149 133 358
pottedplant 0.0295 27 233 176 359
pottedplant 0.0124 120 238 162 314
pottedplant 0.0099 111 223 178 281
pottedplant 0.0095 122 129 154 164
pottedplant 0.0095 8 248 114 348
pottedplant 0.0090 49 214 128 336
pottedplant 0.0081 19 178 232 356
pottedplant 0.0064 437 0 500 94
pottedplant 0.0063 223 136 234 150
pottedplant 0.0060 79 244 123 313
pottedplant 0.0054 357 122 393 165
pottedplant 0.0044 190 149 236 171
pottedplant 0.0042 0 157 11 210
pottedplant 0.0041 121 253 159 284
pottedplant 0.0041 141 128 159 163
pottedplant 0.0036 0 164 8 238
pottedplant 0.0034 196 147 218 160
pottedplant 0.0033 192 148 204 161
pottedplant 0.0031 112 227 172 356
pottedplant 0.0030 132 147 141 164
pottedplant 0.0027 53 259 125 323
pottedplant 0.0027 218 139 236 164
pottedplant 0.0026 160 112 180 161
pottedplant 0.0024 87 259 126 333
pottedplant 0.0020 12 264 85 332
pottedplant 0.0020 125 92 161 156
pottedplant 0.0019 204 147 226 160
pottedplant 0.0017 2 296 46 361
pottedplant 0.0016 0 129 15 263
pottedplant 0.0014 145 142 154 164
pottedplant 0.0014 132 130 145 143
pottedplant 0.0014 139 117 160 151
pottedplant 0.0013 157 109 199 163
pottedplant 0.0013 161 136 178 164
pottedplant 0.0013 0 181 6 202
pottedplant 0.0012 130 136 143 150
pottedplant 0.0012 390 5 501 121
pottedplant 0.0012 55 219 163 263
pottedplant 0.0012 179 140 258 180
pottedplant 0.0012 127 196 202 315
pottedplant 0.0011 442 -21 502 222
pottedplant 0.0011 110 238 143 318
diningtable 0.0406 5 220 240 368
diningtable 0.0369 7 296 240 372
diningtable 0.0052 108 161 227 240
diningtable 0.0049 61 208 355 375
diningtable 0.0038 0 168 6 274
diningtable 0.0031 107 160 222 201
diningtable 0.0030 188 127 308 273
diningtable 0.0023 0 201 5 220
diningtable 0.0022 9 151 161 289
diningtable 0.0017 98 175 338 276
diningtable 0.0015 67 255 278 357
diningtable 0.0013 1 232 20 353
diningtable 0.0013 118 151 315 240
diningtable 0.0012 22 337 148 368
diningtable 0.0012 0 257 7 277
diningtable 0.0012 0 245 9 292
diningtable 0.0012 1 159 17 310
diningtable 0.0011 274 156 334 168
diningtable 0.0010 150 247 359 351
diningtable 0.0010 0 252 5 271
tvmonitor 0.0128 -1 81 22 153
tvmonitor 0.0062 0 89 14 146
tvmonitor 0.0050 300 131 322 155
tvmonitor 0.0011 322 143 358 161
