person 0.0173 476 139 499 256
person 0.0023 471 97 500 373
person 0.0012 450 114 499 280
person 0.0011 492 163 499 241
person 0.0011 485 60 499 260
bottle 0.0258 164 176 185 213
bottle 0.0175 196 185 212 214
bottle 0.0091 195 190 205 212
bottle 0.0090 199 185 210 202
bottle 0.0077 200 191 211 212
bottle 0.0076 387 216 397 232
bottle 0.0049 169 177 181 193
bottle 0.0026 211 194 223 213
bottle 0.0025 218 194 230 213
bottle 0.0013 411 207 431 242
bottle 0.0011 167 192 184 210
chair 0.9975 131 207 208 348
chair 0.9658 235 217 331 373
chair 0.8632 100 194 140 302
chair 0.7764 262 189 332 312
chair 0.3181 226 185 261 216
chair 0.1624 165 188 186 213
chair 0.1193 95 189 124 293
chair 0.0727 276 195 326 279
chair 0.0610 208 171 358 378
chair 0.0504 471 261 500 369
chair 0.0346 444 256 502 371
chair 0.0335 474 175 500 257
chair 0.0318 275 196 311 229
chair 0.0291 165 192 204 212
chair 0.0278 73 186 100 285
chair 0.0251 385 218 413 238
chair 0.0213 89 206 201 319
chair 0.0187 196 208 282 338
chair 0.0181 238 304 329 364
chair 0.0161 259 197 302 274
chair 0.0161 273 197 295 227
chair 0.0140 485 203 499 256
chair 0.0120 109 192 145 209
chair 0.0114 256 196 293 225
chair 0.0111 130 202 287 322
chair 0.0099 248 192 314 244
chair 0.0095 86 232 98 286
chair 0.0093 138 193 177 213
chair 0.0076 158 197 331 273
chair 0.0076 133 193 143 207
chair 0.0072 115 194 140 205
chair 0.0066 265 204 304 234
chair 0.0066 132 189 142 200
chair 0.0065 273 233 322 306
chair 0.0059 247 218 315 292
chair 0.0054 104 195 140 228
chair 0.0051 176 199 196 210
chair 0.0050 164 192 177 210
chair 0.0049 100 193 261 274
chair 0.0048 73 144 137 286
chair 0.0046 387 216 397 232
chair 0.0043 125 176 207 213
chair 0.0041 161 176 195 212
chair 0.0040 481 196 499 352
chair 0.0040 274 203 292 219
chair 0.0039 166 206 238 340
chair 0.0039 489 180 498 244
chair 0.0037 468 164 500 382
chair 0.0037 221 194 296 315
chair 0.0035 77 230 90 287
chair 0.0035 241 218 281 297
chair 0.0033 238 187 407 275
chair 0.0032 403 359 509 375
chair 0.0032 186 199 288 235
chair 0.0031 119 189 138 200
chair 0.0031 458 184 496 251
chair 0.0030 292 214 331 288
chair 0.0029 224 186 261 243
chair 0.0027 203 180 273 219
chair 0.0027 389 217 403 229
chair 0.0026 280 204 322 236
chair 0.0025 92 233 106 285
chair 0.0023 197 189 232 214
chair 0.0023 134 157 201 207
chair 0.0023 453 216 466 233
chair 0.0023 169 177 181 193
chair 0.0022 148 205 169 215
chair 0.0022 496 196 499 227
chair 0.0022 290 228 330 254
chair 0.0022 156 200 202 219
chair 0.0020 139 202 178 218
chair 0.0020 105 193 114 209
chair 0.0019 173 188 221 213
chair 0.0019 260 209 390 303
chair 0.0019 102 191 115 251
chair 0.0019 209 210 309 256
chair 0.0018 425 219 467 238
chair 0.0018 412 196 492 243
chair 0.0017 71 152 103 239
chair 0.0017 138 196 156 210
chair 0.0017 157 183 246 218
chair 0.0017 277 194 292 207
chair 0.0017 259 231 299 308
chair 0.0016 307 241 455 379
chair 0.0016 110 184 144 204
chair 0.0016 221 198 266 221
chair 0.0015 166 198 198 270
chair 0.0015 10 142 53 213
chair 0.0014 276 193 309 215
chair 0.0014 497 187 499 216
chair 0.0014 477 259 499 296
chair 0.0014 91 177 119 257
chair 0.0014 281 193 300 207
chair 0.0014 57 183 88 286
chair 0.0014 250 220 297 241
chair 0.0014 81 147 341 326
chair 0.0014 256 193 269 212
chair 0.0014 113 191 163 211
chair 0.0013 111 213 219 253
chair 0.0013 367 235 501 371
sofa 0.0039 471 261 500 369
sofa 0.0014 444 256 502 371
pottedplant 0.2735 75 114 144 240
pottedplant 0.1115 99 116 143 207
pottedplant 0.0202 144 38 220 204
pottedplant 0.0127 47 15 219 206
pottedplant 0.0094 193 37 250 204
pottedplant 0.0092 196 185 212 214
pottedplant 0.0088 72 134 104 223
pottedplant 0.0080 86 127 126 227
pottedplant 0.0079 102 29 237 131
pottedplant 0.0059 197 189 232 214
pottedplant 0.0057 100 154 141 234
pottedplant 0.0052 108 22 306 201
pottedplant 0.0046 63 123 117 271
pottedplant 0.0042 215 189 232 215
pottedplant 0.0040 20 20 168 130
pottedplant 0.0030 66 102 198 203
pottedplant 0.0029 88 62 150 221
pottedplant 0.0024 237 151 272 206
pottedplant 0.0024 180 183 262 220
pottedplant 0.0021 72 167 101 269
pottedplant 0.0016 226 185 261 216
pottedplant 0.0015 211 194 223 213
pottedplant 0.0015 22 36 112 94
pottedplant 0.0013 83 170 162 218
pottedplant 0.0012 68 141 192 225
pottedplant 0.0012 80 182 101 221
diningtable 0.8985 321 232 479 379
diningtable 0.1956 320 227 491 298
diningtable 0.1886 111 205 235 335
diningtable 0.0586 90 185 327 345
diningtable 0.0491 318 236 474 268
diningtable 0.0490 111 194 305 271
diningtable 0.0467 196 208 282 338
diningtable 0.0397 194 212 236 227
diningtable 0.0335 127 203 276 232
diningtable 0.0183 122 212 280 249
diningtable 0.0151 316 200 498 277
diningtable 0.0094 333 225 460 258
diningtable 0.0076 194 203 235 222
diningtable 0.0071 186 199 288 235
diningtable 0.0067 198 213 271 228
diningtable 0.0057 226 185 261 216
diningtable 0.0050 471 261 500 369
diningtable 0.0036 444 256 502 371
diningtable 0.0029 370 220 490 254
diningtable 0.0027 187 224 291 285
diningtable 0.0024 388 236 514 272
diningtable 0.0020 204 215 228 221
diningtable 0.0018 209 210 309 256
diningtable 0.0017 152 220 221 239
diningtable 0.0017 202 217 238 332
diningtable 0.0016 193 218 238 238
diningtable 0.0016 157 183 246 218
diningtable 0.0016 241 217 288 241
diningtable 0.0016 385 218 413 238
diningtable 0.0016 166 198 237 319
diningtable 0.0014 99 189 140 296
diningtable 0.0013 158 211 216 231
diningtable 0.0013 192 218 277 239
diningtable 0.0012 477 254 499 286
diningtable 0.0012 312 125 501 336
diningtable 0.0011 202 224 326 367
diningtable 0.0011 409 222 501 367
