person 0.3312 68 58 76 81
person 0.3165 66 59 80 87
person 0.2180 190 162 207 177
person 0.2015 73 59 82 87
person 0.0720 105 73 119 112
person 0.0582 196 158 210 174
person 0.0521 105 76 117 91
person 0.0463 220 157 233 173
person 0.0387 102 73 118 85
person 0.0269 180 156 211 176
person 0.0120 217 158 236 182
person 0.0093 133 71 142 77
person 0.0065 228 158 242 173
person 0.0054 113 79 120 90
person 0.0040 96 68 107 85
person 0.0034 99 68 119 89
person 0.0030 223 155 244 177
person 0.0027 95 78 104 91
person 0.0026 178 159 197 172
person 0.0025 131 66 142 75
person 0.0024 62 60 69 76
person 0.0023 93 63 109 90
person 0.0021 159 155 198 176
person 0.0018 125 71 137 78
person 0.0014 117 63 140 73
person 0.0014 168 157 186 170
person 0.0012 152 158 168 170
person 0.0012 62 65 69 85
person 0.0012 181 163 198 176
person 0.0011 98 63 107 74
person 0.0011 112 74 122 82
person 0.0010 4 319 100 373
car 0.9943 115 135 275 243
car 0.1479 99 61 145 76
car 0.0335 90 64 155 108
car 0.0244 96 63 146 86
car 0.0104 105 73 153 100
car 0.0081 102 73 118 85
car 0.0028 93 67 128 86
car 0.0013 117 63 140 73
car 0.0012 91 73 130 98
bus 0.0013 90 64 155 108
bus 0.0010 105 73 153 100
dog 0.0014 68 61 78 87
horse 0.0028 66 59 80 87
