person 0.9770 5 196 23 249
person 0.8836 456 211 479 267
person 0.6470 0 196 9 245
person 0.1079 463 207 474 219
person 0.1032 469 206 477 219
person 0.0553 494 202 499 221
person 0.0505 1 202 6 221
person 0.0482 0 206 5 233
person 0.0337 15 196 26 246
person 0.0333 459 210 473 225
person 0.0305 470 211 479 224
person 0.0291 -4 122 460 301
person 0.0288 399 168 437 197
person 0.0282 401 177 414 191
person 0.0274 18 199 25 225
person 0.0244 11 198 17 207
person 0.0223 2 196 6 210
person 0.0215 359 168 379 192
person 0.0201 494 210 499 229
person 0.0183 0 212 3 248
person 0.0165 19 198 24 207
person 0.0089 466 210 483 254
person 0.0088 493 194 498 210
person 0.0081 0 208 8 267
person 0.0070 397 169 417 193
person 0.0064 8 202 19 221
person 0.0058 370 173 382 191
person 0.0058 0 225 3 252
person 0.0057 400 183 413 194
person 0.0046 394 176 408 191
person 0.0044 478 205 493 218
person 0.0043 494 216 498 243
person 0.0042 458 208 478 232
person 0.0041 419 165 435 199
person 0.0037 451 214 467 264
person 0.0035 490 197 499 244
person 0.0030 55 147 432 238
person 0.0028 477 209 495 253
person 0.0025 8 189 34 254
person 0.0023 423 173 434 193
person 0.0022 458 201 478 223
person 0.0022 478 211 494 227
person 0.0020 18 210 24 228
person 0.0017 0 182 9 225
person 0.0016 5 221 23 254
person 0.0016 3 185 6 202
person 0.0016 422 184 433 198
person 0.0016 455 213 465 225
person 0.0015 494 226 498 253
person 0.0015 489 216 499 263
person 0.0014 129 155 166 175
person 0.0014 454 206 464 218
person 0.0014 460 199 474 209
person 0.0014 367 168 385 193
person 0.0013 451 214 483 248
person 0.0013 440 195 454 208
person 0.0013 408 175 423 191
person 0.0013 395 184 408 193
person 0.0012 354 172 369 192
person 0.0010 467 199 481 209
bicycle 0.0356 5 207 22 251
bicycle 0.0120 16 228 26 248
bicycle 0.0102 10 229 21 249
bicycle 0.0045 0 225 3 252
bicycle 0.0026 -1 226 29 252
bicycle 0.0022 0 208 8 267
bicycle 0.0019 14 210 26 250
bicycle 0.0019 0 212 3 248
bicycle 0.0015 10 220 19 241
car 0.0393 494 202 499 221
car 0.0229 493 194 498 210
car 0.0181 468 198 500 223
car 0.0157 494 210 499 229
car 0.0147 453 190 499 212
car 0.0052 489 193 499 229
car 0.0044 468 207 501 229
car 0.0029 494 187 499 202
car 0.0023 494 216 498 243
car 0.0022 478 205 493 218
car 0.0021 469 206 477 219
car 0.0017 490 207 498 254
car 0.0016 477 196 496 208
car 0.0015 -4 122 460 301
car 0.0013 463 207 474 219
car 0.0010 471 182 498 251
car 0.0010 456 186 494 247
car 0.0010 477 204 497 237
motorbike 0.0073 5 207 22 251
bus 0.9991 21 102 470 296
bus 0.0512 453 190 499 212
bus 0.0262 455 168 496 229
bus 0.0045 468 198 500 223
bus 0.0041 48 173 443 271
bus 0.0036 493 194 498 210
bus 0.0022 489 183 499 223
bus 0.0013 494 202 499 221
bus 0.0010 446 121 498 273
train 0.0051 9 104 448 292
chair 0.0012 457 229 478 265
chair 0.0012 5 207 22 251
