person 0.0848 477 131 490 144
person 0.0716 191 61 223 91
person 0.0419 386 117 406 144
person 0.0272 474 131 483 144
person 0.0227 247 68 283 103
person 0.0202 278 71 315 124
person 0.0148 240 65 254 85
person 0.0142 243 67 266 104
person 0.0124 321 85 339 125
person 0.0119 361 79 374 99
person 0.0104 263 72 300 123
person 0.0096 359 80 379 107
person 0.0087 386 123 398 141
person 0.0086 474 135 482 146
person 0.0067 256 78 291 111
person 0.0067 282 67 304 105
person 0.0065 240 62 272 92
person 0.0062 183 64 223 129
person 0.0056 237 65 257 107
person 0.0053 171 58 233 109
person 0.0047 394 88 401 106
person 0.0046 386 86 395 105
person 0.0046 390 117 402 137
person 0.0046 194 66 218 101
person 0.0044 473 125 494 147
person 0.0041 245 61 311 114
person 0.0040 239 69 276 123
person 0.0038 290 64 314 108
person 0.0038 246 68 260 85
person 0.0035 198 60 215 75
person 0.0032 425 129 433 138
person 0.0031 373 86 383 102
person 0.0031 197 64 235 127
person 0.0030 493 128 497 145
person 0.0029 219 69 230 84
person 0.0029 197 67 215 84
person 0.0028 430 137 445 146
person 0.0028 196 56 231 83
person 0.0027 276 62 311 95
person 0.0025 299 74 334 126
person 0.0024 495 132 498 153
person 0.0023 351 78 371 113
person 0.0022 118 23 408 241
person 0.0021 341 77 360 116
person 0.0021 318 69 353 126
person 0.0020 254 63 290 94
person 0.0018 327 86 338 106
person 0.0018 337 70 372 127
person 0.0018 275 91 311 120
person 0.0017 203 68 226 102
person 0.0016 244 55 265 85
person 0.0016 462 116 500 194
person 0.0015 424 136 431 147
person 0.0015 191 67 206 84
person 0.0014 451 134 462 152
person 0.0014 327 93 337 115
person 0.0014 442 135 455 150
person 0.0014 357 86 368 104
person 0.0013 208 67 224 85
person 0.0013 218 61 254 89
person 0.0013 247 77 261 93
person 0.0012 224 58 260 112
person 0.0011 272 69 295 104
person 0.0011 359 79 369 97
person 0.0011 353 117 367 135
person 0.0010 215 60 233 90
person 0.0010 52 122 69 183
person 0.0010 481 110 488 117
person 0.0010 395 96 402 108
car 0.9868 420 135 455 170
car 0.3619 456 114 499 195
car 0.2133 451 129 464 140
car 0.2085 451 134 462 152
car 0.0416 448 130 463 158
car 0.0235 452 139 461 163
car 0.0234 428 133 459 158
car 0.0199 442 135 455 150
car 0.0046 429 131 442 138
car 0.0045 425 129 433 138
car 0.0030 437 133 455 140
car 0.0022 430 137 445 146
car 0.0017 457 129 467 141
car 0.0012 458 133 466 151
car 0.0011 421 152 430 170
bus 0.9999 133 5 440 238
bus 0.3685 456 114 499 195
