person 0.8414 286 146 296 168
person 0.5738 297 146 308 167
person 0.2006 366 152 375 169
person 0.1792 304 146 315 165
person 0.1748 281 147 291 165
person 0.1228 373 152 382 170
person 0.0613 252 146 270 163
person 0.0446 299 143 308 153
person 0.0400 232 155 255 191
person 0.0384 251 147 271 182
person 0.0328 188 144 328 176
person 0.0288 306 143 314 152
person 0.0241 75 136 420 188
person 0.0221 258 155 268 169
person 0.0212 356 153 365 168
person 0.0135 281 154 289 168
person 0.0127 336 146 352 183
person 0.0113 287 144 296 152
person 0.0105 278 145 295 168
person 0.0095 476 147 498 163
person 0.0089 268 149 275 162
person 0.0080 266 148 283 187
person 0.0075 305 154 315 168
person 0.0064 347 154 355 171
person 0.0053 354 151 366 165
person 0.0047 313 136 392 168
person 0.0047 233 145 252 158
person 0.0047 362 144 380 169
person 0.0045 230 146 243 159
person 0.0041 267 143 366 174
person 0.0040 284 148 298 174
person 0.0037 23 146 42 160
person 0.0036 240 155 249 171
person 0.0036 76 148 88 161
person 0.0034 250 155 261 169
person 0.0032 225 134 261 195
person 0.0031 413 149 443 161
person 0.0029 132 148 150 160
person 0.0028 370 144 385 169
person 0.0028 246 155 263 189
person 0.0026 310 147 336 160
person 0.0025 59 124 436 160
person 0.0025 269 160 280 186
person 0.0025 274 144 313 167
person 0.0025 334 148 348 161
person 0.0024 268 155 275 173
person 0.0024 218 154 293 195
person 0.0023 157 143 285 171
person 0.0022 83 147 101 160
person 0.0022 346 140 352 150
person 0.0022 85 155 96 169
person 0.0020 401 147 415 162
person 0.0020 259 162 269 183
person 0.0016 163 134 354 158
person 0.0016 249 162 258 187
person 0.0016 198 155 218 189
person 0.0016 244 133 280 191
person 0.0015 448 148 463 160
person 0.0015 254 143 268 153
person 0.0015 1 155 7 168
person 0.0014 203 146 232 160
person 0.0014 240 161 250 186
person 0.0013 384 147 406 161
person 0.0013 412 149 423 160
person 0.0013 344 149 355 164
person 0.0012 219 144 232 151
person 0.0012 96 162 403 240
person 0.0012 74 143 91 168
person 0.0012 103 145 117 152
person 0.0012 427 149 444 161
person 0.0011 282 144 290 153
person 0.0011 270 158 289 187
person 0.0011 77 141 85 149
person 0.0011 216 147 234 161
person 0.0010 100 146 117 160
person 0.0010 436 147 457 160
person 0.0010 313 144 330 152
person 0.0010 336 141 348 149
person 0.0010 1 146 12 164
bicycle 0.0038 373 152 382 170
bicycle 0.0015 305 154 315 168
bicycle 0.0014 298 153 307 168
car 0.9495 200 145 235 163
car 0.9118 153 143 186 161
car 0.8996 100 143 155 165
car 0.7579 305 144 340 163
car 0.5895 46 144 99 166
car 0.5472 233 145 252 158
car 0.5292 250 145 271 166
car 0.5188 384 147 406 161
car 0.5106 413 147 444 163
car 0.4743 1 141 45 164
car 0.4460 429 141 486 163
car 0.3513 247 147 265 160
car 0.3158 476 145 499 165
car 0.1730 318 137 384 164
car 0.1617 14 140 50 156
car 0.1511 1 146 12 164
car 0.1226 0 143 22 164
car 0.1168 230 146 243 159
car 0.1143 74 145 111 166
car 0.1039 487 148 499 164
car 0.0651 92 147 110 162
car 0.0538 88 144 132 165
car 0.0427 139 144 155 159
car 0.0419 452 144 498 164
car 0.0416 310 147 336 160
car 0.0414 59 124 436 160
car 0.0403 281 147 291 165
car 0.0357 157 142 182 155
car 0.0353 1 155 7 168
car 0.0280 181 149 194 161
car 0.0268 383 145 432 163
car 0.0232 1 142 10 153
car 0.0204 83 147 101 160
car 0.0185 297 146 308 167
car 0.0180 100 146 117 160
car 0.0176 190 148 201 161
car 0.0165 230 144 260 162
car 0.0162 29 146 79 164
car 0.0156 279 144 327 167
car 0.0154 50 149 74 160
car 0.0151 82 144 102 151
car 0.0148 172 143 308 172
car 0.0144 254 143 268 153
car 0.0143 286 146 296 168
car 0.0142 23 146 42 160
car 0.0139 344 144 394 166
car 0.0132 132 148 150 160
car 0.0129 304 146 315 165
car 0.0122 412 149 423 160
car 0.0121 17 142 117 169
car 0.0116 319 149 340 162
car 0.0106 88 144 193 171
car 0.0106 250 144 264 153
car 0.0105 37 136 391 187
car 0.0104 2 143 21 152
car 0.0091 456 150 476 161
car 0.0084 491 155 498 166
car 0.0081 153 135 328 157
car 0.0077 97 151 146 170
car 0.0076 13 147 36 161
car 0.0073 267 143 366 174
car 0.0069 427 149 444 161
car 0.0063 41 151 63 161
car 0.0059 35 151 52 161
car 0.0051 468 150 483 161
car 0.0051 216 147 234 161
car 0.0050 251 147 271 182
car 0.0047 122 144 239 174
car 0.0046 103 145 117 152
car 0.0046 38 154 88 168
car 0.0044 55 150 105 170
car 0.0040 123 144 172 161
car 0.0039 90 145 110 152
car 0.0038 37 156 66 164
car 0.0038 118 141 159 156
car 0.0037 166 146 204 163
car 0.0036 199 147 210 159
car 0.0033 14 142 37 149
car 0.0032 206 144 227 153
car 0.0031 245 144 297 166
car 0.0030 0 139 33 158
car 0.0025 203 147 242 174
car 0.0024 401 147 415 162
car 0.0023 373 147 382 168
car 0.0023 151 147 165 159
car 0.0023 268 149 275 162
car 0.0023 421 139 474 157
car 0.0022 431 143 445 151
car 0.0021 306 143 314 152
car 0.0021 436 147 457 160
car 0.0020 313 144 330 152
car 0.0018 -29 124 297 165
car 0.0018 111 149 129 159
car 0.0017 278 145 295 168
car 0.0016 356 145 511 167
car 0.0015 389 145 404 152
car 0.0015 1 153 45 169
car 0.0015 150 149 188 173
car 0.0015 77 137 287 156
car 0.0015 287 144 296 152
motorbike 0.0025 297 146 308 167
motorbike 0.0010 279 144 327 167
aeroplane 0.0024 433 142 496 163
aeroplane 0.0013 17 142 117 169
aeroplane 0.0012 313 136 392 168
bus 0.0037 429 141 486 163
bus 0.0032 476 145 499 165
bus 0.0028 321 134 380 161
bus 0.0014 413 149 443 161
boat 0.0789 227 187 283 194
boat 0.0473 218 154 293 195
boat 0.0392 225 189 262 193
boat 0.0385 228 157 262 190
boat 0.0271 266 158 284 188
boat 0.0116 224 178 286 193
boat 0.0072 246 156 284 189
boat 0.0047 199 157 354 190
boat 0.0030 253 154 272 189
boat 0.0025 262 187 288 192
boat 0.0022 268 183 284 190
boat 0.0017 277 165 345 178
boat 0.0017 237 189 270 192
boat 0.0016 238 148 279 197
boat 0.0014 1 183 6 201
boat 0.0013 315 128 387 163
boat 0.0010 197 141 358 174
boat 0.0010 231 182 257 190
bird 0.0037 225 150 262 198
horse 0.0024 313 136 392 168
