person 0.0619 171 183 186 200
person 0.0496 100 175 114 224
person 0.0256 152 187 162 233
person 0.0202 180 184 191 200
person 0.0195 324 166 357 197
person 0.0182 249 193 262 210
person 0.0166 84 181 91 205
person 0.0154 295 167 329 196
person 0.0143 27 190 34 206
person 0.0121 82 178 93 220
person 0.0120 0 212 4 232
person 0.0095 172 177 183 193
person 0.0087 319 166 340 195
person 0.0081 80 184 97 240
person 0.0067 181 177 191 191
person 0.0061 84 187 92 212
person 0.0060 341 165 356 180
person 0.0060 311 168 334 195
person 0.0054 153 183 163 198
person 0.0051 81 187 89 212
person 0.0049 1 195 3 228
person 0.0049 291 168 313 195
person 0.0047 282 168 304 196
person 0.0046 0 220 4 236
person 0.0037 175 178 193 204
person 0.0036 246 189 265 213
person 0.0035 295 175 309 190
person 0.0034 0 183 2 220
person 0.0034 330 161 354 189
person 0.0033 287 175 300 190
person 0.0033 315 176 328 190
person 0.0031 0 184 7 238
person 0.0030 324 175 335 190
person 0.0028 169 184 189 217
person 0.0027 172 190 187 205
person 0.0026 305 175 320 190
person 0.0025 342 172 355 191
person 0.0025 154 177 163 192
person 0.0024 94 189 111 232
person 0.0023 252 188 273 212
person 0.0023 153 196 161 227
person 0.0022 201 184 210 201
person 0.0021 165 182 173 199
person 0.0021 180 191 190 205
person 0.0020 276 168 295 198
person 0.0020 255 194 271 210
person 0.0018 286 162 321 189
person 0.0018 303 161 341 190
person 0.0017 191 183 201 201
person 0.0016 200 175 208 188
person 0.0015 77 189 92 233
person 0.0015 170 172 188 199
person 0.0013 278 175 291 191
person 0.0012 84 118 367 263
person 0.0011 106 188 114 212
person 0.0011 98 181 107 203
person 0.0010 136 190 143 215
person 0.0010 294 167 309 180
person 0.0010 337 177 347 190
person 0.0010 324 167 337 180
person 0.0010 279 183 291 199
car 0.0012 0 212 4 232
car 0.0011 375 187 388 218
bus 0.9989 119 121 380 263
bus 0.0053 100 171 115 215
bus 0.0016 89 166 119 227
bus 0.0012 88 167 155 217
train 0.0068 84 118 367 263
train 0.0023 89 166 119 227
tvmonitor 0.0010 100 171 115 215
