person 0.0731 337 152 363 197
person 0.0063 458 106 492 172
person 0.0051 309 153 370 195
person 0.0015 307 172 339 197
person 0.0015 321 167 363 196
person 0.0015 454 94 499 223
person 0.0011 245 142 256 182
bottle 0.2857 245 140 256 165
bottle 0.0440 247 154 256 172
bottle 0.0139 242 144 255 178
bottle 0.0088 278 142 285 164
bottle 0.0081 259 146 269 162
bottle 0.0073 246 138 256 154
bottle 0.0040 181 139 196 174
bottle 0.0039 244 153 253 171
bottle 0.0030 248 163 258 180
bottle 0.0029 258 157 268 170
bottle 0.0029 246 152 259 191
bottle 0.0020 279 140 285 152
bottle 0.0017 357 175 365 193
bottle 0.0013 244 129 258 161
bottle 0.0012 242 137 252 153
bottle 0.0010 278 141 285 188
chair 0.9389 191 172 255 284
chair 0.6605 142 146 175 207
chair 0.6430 1 203 46 348
chair 0.4762 132 143 164 210
chair 0.4024 171 148 197 256
chair 0.2455 180 142 195 181
chair 0.2197 110 143 142 219
chair 0.0921 226 147 245 158
chair 0.0640 174 148 235 258
chair 0.0610 458 108 495 210
chair 0.0571 120 152 139 211
chair 0.0537 204 217 251 285
chair 0.0355 178 168 217 261
chair 0.0218 258 129 274 145
chair 0.0206 158 153 179 207
chair 0.0202 151 148 181 241
chair 0.0197 184 141 194 169
chair 0.0186 167 155 185 210
chair 0.0167 179 154 196 209
chair 0.0158 200 156 242 238
chair 0.0157 187 137 203 172
chair 0.0156 257 128 276 158
chair 0.0154 204 200 269 273
chair 0.0148 309 153 370 195
chair 0.0133 247 157 280 238
chair 0.0125 182 152 193 171
chair 0.0120 0 203 24 347
chair 0.0116 334 166 366 196
chair 0.0111 264 147 282 160
chair 0.0109 128 144 147 204
chair 0.0108 121 144 138 183
chair 0.0107 260 139 283 167
chair 0.0105 225 143 248 166
chair 0.0098 253 203 328 304
chair 0.0096 170 134 197 191
chair 0.0092 259 146 269 162
chair 0.0084 90 141 127 221
chair 0.0082 193 153 201 171
chair 0.0082 138 133 147 150
chair 0.0081 139 158 161 203
chair 0.0078 221 147 229 159
chair 0.0073 260 124 282 149
chair 0.0073 140 145 163 182
chair 0.0073 163 166 275 272
chair 0.0071 194 138 215 167
chair 0.0071 209 149 224 160
chair 0.0070 197 155 212 167
chair 0.0069 140 137 153 149
chair 0.0067 259 136 273 148
chair 0.0066 181 144 214 212
chair 0.0061 1 204 45 274
chair 0.0061 218 159 252 237
chair 0.0055 191 143 199 167
chair 0.0052 123 154 158 223
chair 0.0051 278 142 285 164
chair 0.0049 198 156 252 171
chair 0.0047 169 143 186 182
chair 0.0045 177 183 260 247
chair 0.0045 174 192 203 268
chair 0.0044 165 145 174 161
chair 0.0044 307 172 339 197
chair 0.0043 122 145 133 162
chair 0.0042 113 154 131 211
chair 0.0042 182 135 215 186
chair 0.0039 204 156 228 164
chair 0.0038 172 166 243 226
chair 0.0038 141 148 161 158
chair 0.0037 175 162 269 195
chair 0.0037 198 148 213 163
chair 0.0036 261 137 282 148
chair 0.0036 257 140 273 168
chair 0.0035 227 134 248 157
chair 0.0034 123 154 135 172
chair 0.0033 279 140 285 152
chair 0.0032 456 158 496 227
chair 0.0031 326 173 339 195
chair 0.0030 161 142 177 184
chair 0.0030 135 155 230 196
chair 0.0029 158 139 198 170
chair 0.0026 181 164 192 178
chair 0.0025 267 156 282 191
chair 0.0025 192 162 257 179
chair 0.0024 145 165 190 196
chair 0.0024 2 207 41 239
chair 0.0023 229 138 243 153
chair 0.0023 162 134 172 152
chair 0.0022 139 149 176 175
chair 0.0022 312 176 328 195
chair 0.0021 454 175 498 209
chair 0.0021 132 132 146 176
chair 0.0020 170 146 180 162
chair 0.0019 256 150 287 202
chair 0.0018 79 124 141 229
chair 0.0018 197 142 232 164
chair 0.0018 172 156 183 170
chair 0.0018 246 190 274 274
chair 0.0017 130 139 197 183
chair 0.0017 187 154 229 170
chair 0.0017 265 147 284 180
chair 0.0017 443 212 500 370
sofa 0.0396 309 153 370 195
sofa 0.0074 253 203 328 304
sofa 0.0043 312 132 398 195
sofa 0.0038 443 212 500 370
sofa 0.0023 339 151 400 195
sofa 0.0019 321 167 363 196
sofa 0.0019 314 193 396 311
sofa 0.0015 361 167 398 195
sofa 0.0015 337 152 363 197
sofa 0.0014 307 172 339 197
pottedplant 0.0086 253 203 328 304
pottedplant 0.0031 245 142 256 182
pottedplant 0.0029 110 59 141 142
pottedplant 0.0025 226 131 262 156
pottedplant 0.0025 90 141 127 221
pottedplant 0.0013 79 124 141 229
pottedplant 0.0013 197 133 235 160
pottedplant 0.0012 246 152 259 191
pottedplant 0.0012 110 143 142 219
pottedplant 0.0012 250 102 281 132
pottedplant 0.0010 233 250 341 353
diningtable 0.2580 184 161 253 280
diningtable 0.1454 175 162 269 195
diningtable 0.0724 177 183 260 247
diningtable 0.0704 174 168 262 220
diningtable 0.0447 153 153 281 239
diningtable 0.0144 249 167 280 194
diningtable 0.0098 139 149 176 175
diningtable 0.0089 3 214 45 339
diningtable 0.0075 141 148 161 158
diningtable 0.0071 183 182 267 202
diningtable 0.0064 198 156 252 171
diningtable 0.0055 171 145 274 182
diningtable 0.0053 212 156 298 193
diningtable 0.0052 138 153 177 193
diningtable 0.0050 178 168 217 261
diningtable 0.0049 204 200 269 273
diningtable 0.0047 192 162 257 179
diningtable 0.0043 135 143 166 166
diningtable 0.0041 247 176 281 204
diningtable 0.0041 247 148 280 205
diningtable 0.0037 110 143 142 219
diningtable 0.0035 174 148 235 258
diningtable 0.0032 195 173 275 194
diningtable 0.0032 128 129 299 194
diningtable 0.0029 179 154 196 209
diningtable 0.0024 143 144 192 166
diningtable 0.0023 145 158 168 166
diningtable 0.0022 140 145 163 182
diningtable 0.0020 207 222 247 237
diningtable 0.0017 0 203 24 347
diningtable 0.0017 246 190 274 274
diningtable 0.0017 92 121 126 145
diningtable 0.0016 141 156 161 167
diningtable 0.0015 147 156 168 204
diningtable 0.0015 135 155 230 196
diningtable 0.0014 123 154 135 172
diningtable 0.0014 176 169 218 196
diningtable 0.0013 233 250 341 353
diningtable 0.0013 132 143 164 210
diningtable 0.0013 120 152 139 211
diningtable 0.0013 158 139 198 170
diningtable 0.0012 222 150 266 173
diningtable 0.0012 236 298 350 371
diningtable 0.0012 173 158 200 263
diningtable 0.0011 189 190 260 211
diningtable 0.0011 171 197 241 266
diningtable 0.0010 2 207 41 239
diningtable 0.0010 246 187 281 216
tvmonitor 0.0013 458 106 492 172
tvmonitor 0.0010 342 55 393 131
