person 0.9967 105 95 249 377
person 0.9804 302 92 430 375
person 0.9603 232 142 321 376
person 0.0103 162 105 349 368
person 0.0039 211 99 345 207
person 0.0019 240 211 250 229
person 0.0013 78 257 141 371
person 0.0012 60 93 448 366
person 0.0010 1 229 119 370
chair 0.2337 435 269 499 367
chair 0.0191 421 265 447 364
chair 0.0032 427 285 445 330
chair 0.0024 407 264 431 365
chair 0.0021 430 267 462 364
chair 0.0014 421 231 447 323
chair 0.0012 413 222 492 369
chair 0.0012 392 288 497 372
chair 0.0011 421 253 438 304
sofa 0.0165 435 269 499 367
sofa 0.0017 99 133 320 370
sofa 0.0016 78 300 420 371
pottedplant 0.0217 -8 10 113 374
pottedplant 0.0023 -1 210 94 375
diningtable 0.0011 435 269 499 367
tvmonitor 0.0017 436 114 497 283
