person 0.9315 236 141 250 178
person 0.5955 272 153 283 177
person 0.1115 273 150 290 178
person 0.0368 241 149 249 173
person 0.0257 478 145 499 178
person 0.0228 240 145 247 164
person 0.0160 491 154 499 174
person 0.0153 234 138 244 176
person 0.0136 491 162 499 183
person 0.0124 485 155 499 189
person 0.0083 239 151 286 179
person 0.0079 475 126 501 194
person 0.0067 269 164 283 175
person 0.0066 480 156 494 172
person 0.0044 274 164 287 176
person 0.0039 236 145 242 163
person 0.0038 277 149 285 162
person 0.0029 494 143 498 166
person 0.0027 491 172 499 188
person 0.0025 235 151 242 172
person 0.0022 274 153 280 161
person 0.0018 488 160 500 202
person 0.0015 253 172 277 178
person 0.0014 479 146 492 163
person 0.0013 495 136 498 154
person 0.0011 241 142 246 150
person 0.0010 244 172 264 177
boat 0.2391 239 151 286 179
boat 0.0364 232 167 283 180
boat 0.0176 237 175 287 182
boat 0.0058 484 146 500 181
boat 0.0056 229 140 312 179
boat 0.0045 273 150 290 178
boat 0.0033 246 165 298 178
boat 0.0021 491 162 499 183
boat 0.0021 246 177 281 180
boat 0.0020 477 139 498 172
boat 0.0016 268 153 285 177
boat 0.0016 253 172 277 178
boat 0.0014 239 177 271 180
boat 0.0013 491 154 499 174
boat 0.0011 275 154 285 173
boat 0.0010 480 156 494 172
bird 0.0176 478 145 499 178
bird 0.0157 485 155 499 189
bird 0.0147 146 137 157 145
bird 0.0098 491 162 499 183
bird 0.0057 275 154 285 173
bird 0.0053 280 141 285 148
bird 0.0047 491 172 499 188
bird 0.0040 491 154 499 174
bird 0.0035 480 156 494 172
bird 0.0034 273 150 290 178
bird 0.0024 475 126 501 194
bird 0.0017 146 134 157 142
bird 0.0016 277 149 285 162
bird 0.0014 488 160 500 202
bird 0.0011 479 146 492 163
bird 0.0010 239 151 286 179
dog 0.0148 272 153 283 177
dog 0.0102 491 172 499 188
dog 0.0072 485 155 499 189
dog 0.0067 491 162 499 183
dog 0.0025 273 150 290 178
dog 0.0022 478 145 499 178
dog 0.0018 488 160 500 202
dog 0.0013 491 154 499 174
horse 0.0232 485 155 499 189
horse 0.0187 478 145 499 178
horse 0.0138 491 162 499 183
horse 0.0132 491 172 499 188
horse 0.0054 488 160 500 202
horse 0.0046 476 137 501 210
horse 0.0028 491 154 499 174
horse 0.0025 239 151 286 179
horse 0.0022 480 156 494 172
horse 0.0013 273 150 290 178
horse 0.0012 482 136 501 255
horse 0.0010 481 161 494 178
horse 0.0010 237 139 249 176
sheep 0.0132 485 155 499 189
sheep 0.0122 491 162 499 183
sheep 0.0068 478 145 499 178
sheep 0.0050 491 172 499 188
sheep 0.0046 491 154 499 174
sheep 0.0014 488 160 500 202
sheep 0.0011 480 156 494 172
cow 0.0266 485 155 499 189
cow 0.0243 491 162 499 183
cow 0.0229 478 145 499 178
cow 0.0133 491 172 499 188
cow 0.0077 491 154 499 174
cow 0.0046 480 156 494 172
cow 0.0041 488 160 500 202
cow 0.0038 475 126 501 194
cow 0.0012 481 161 494 178
