person 0.9509 429 0 471 45
person 0.9009 55 23 76 67
person 0.1417 269 2 286 31
person 0.1317 0 36 6 58
person 0.1243 1 30 8 50
person 0.0857 94 37 107 54
person 0.0765 81 38 100 54
person 0.0585 0 29 12 62
person 0.0457 156 23 166 30
person 0.0452 105 31 116 47
person 0.0356 9 34 18 48
person 0.0327 9 36 19 56
person 0.0253 2 32 20 58
person 0.0218 112 31 123 48
person 0.0210 274 2 286 21
person 0.0202 75 35 86 47
person 0.0199 76 37 88 52
person 0.0192 94 34 107 45
person 0.0182 159 22 172 30
person 0.0177 104 36 116 53
person 0.0125 17 37 29 46
person 0.0104 260 8 291 79
person 0.0104 102 27 119 53
person 0.0103 85 34 98 46
person 0.0101 1 45 5 63
person 0.0100 26 36 42 45
person 0.0094 172 22 181 30
person 0.0089 491 30 498 45
person 0.0080 479 32 495 44
person 0.0069 47 35 60 46
person 0.0067 73 33 91 58
person 0.0063 112 39 124 51
person 0.0060 109 28 127 52
person 0.0057 82 35 117 54
person 0.0055 91 29 111 53
person 0.0048 475 8 500 45
person 0.0041 69 33 77 46
person 0.0035 17 39 29 49
person 0.0033 105 26 114 37
person 0.0031 90 15 281 72
person 0.0030 487 6 500 49
person 0.0029 32 36 51 46
person 0.0028 266 6 286 50
person 0.0023 56 32 66 47
person 0.0021 1 23 6 38
person 0.0018 51 31 89 62
person 0.0018 70 40 78 53
person 0.0017 463 31 472 42
person 0.0017 385 8 396 26
person 0.0016 495 12 499 47
person 0.0015 0 27 7 85
person 0.0015 468 32 480 43
person 0.0015 420 10 485 64
person 0.0015 476 24 499 49
person 0.0014 43 29 81 52
person 0.0013 377 8 398 51
person 0.0011 489 22 499 73
person 0.0011 494 35 498 57
person 0.0010 397 0 434 33
person 0.0010 113 26 123 35
bicycle 0.0129 0 36 6 58
bicycle 0.0054 67 75 507 359
bicycle 0.0033 1 45 5 63
bicycle 0.0029 9 36 19 56
bicycle 0.0017 0 29 12 62
bicycle 0.0014 378 18 497 351
car 0.2256 106 13 294 46
car 0.2119 66 19 285 184
car 0.1693 90 15 281 72
car 0.1149 64 16 503 369
car 0.1149 47 35 60 46
car 0.1085 17 37 29 46
car 0.1043 20 40 49 49
car 0.0956 185 8 282 46
car 0.0873 81 38 100 54
car 0.0784 235 10 273 32
car 0.0779 365 35 497 172
car 0.0661 76 37 88 52
car 0.0611 367 9 498 283
car 0.0608 22 38 59 52
car 0.0596 17 39 29 49
car 0.0524 45 30 80 62
car 0.0283 26 36 42 45
car 0.0282 16 35 53 49
car 0.0282 82 35 117 54
car 0.0236 32 36 51 46
car 0.0214 75 35 86 47
car 0.0089 243 10 284 73
car 0.0083 0 36 6 58
car 0.0079 94 34 107 45
car 0.0076 114 28 184 48
car 0.0070 9 34 18 48
car 0.0066 56 32 66 47
car 0.0063 95 21 195 53
car 0.0058 90 29 128 51
car 0.0046 1 30 8 50
car 0.0043 69 33 77 46
car 0.0042 9 36 19 56
car 0.0041 94 37 107 54
car 0.0040 85 34 98 46
car 0.0039 112 38 258 80
car 0.0035 105 31 116 47
car 0.0032 55 40 65 50
car 0.0031 4 36 45 55
car 0.0030 73 33 91 58
car 0.0028 2 32 20 58
car 0.0026 131 42 154 49
car 0.0024 102 29 158 50
car 0.0024 70 40 78 53
car 0.0023 47 30 93 50
car 0.0021 269 2 286 31
car 0.0019 64 35 101 58
car 0.0018 116 132 392 320
car 0.0017 91 29 111 53
car 0.0017 429 30 500 171
car 0.0017 102 27 119 53
car 0.0014 0 29 12 62
car 0.0014 56 20 74 63
car 0.0012 105 26 114 37
car 0.0012 -1 29 32 53
car 0.0012 112 31 123 48
car 0.0011 124 23 134 31
car 0.0011 27 30 77 50
car 0.0010 109 28 127 52
motorbike 0.5433 64 16 503 369
motorbike 0.2001 365 35 497 172
motorbike 0.1294 367 9 498 283
motorbike 0.0087 361 50 438 151
motorbike 0.0042 90 23 307 183
motorbike 0.0040 0 36 6 58
motorbike 0.0018 77 35 107 55
motorbike 0.0017 134 78 278 190
motorbike 0.0016 116 132 392 320
motorbike 0.0015 0 29 12 62
motorbike 0.0012 94 37 107 54
motorbike 0.0012 414 12 500 154
boat 0.0096 52 16 466 365
bottle 0.0064 425 18 432 34
bottle 0.0018 463 31 472 42
chair 0.5133 17 54 64 116
chair 0.0179 12 77 59 114
chair 0.0062 427 4 472 45
chair 0.0047 0 36 6 58
chair 0.0040 24 51 60 87
chair 0.0038 375 19 398 56
chair 0.0033 12 81 35 111
chair 0.0017 200 58 248 76
chair 0.0016 35 88 92 189
chair 0.0013 55 72 73 100
chair 0.0013 1 45 5 63
chair 0.0012 12 49 76 152
chair 0.0012 31 73 73 101
sofa 0.0010 66 19 285 184
pottedplant 0.0052 260 8 291 79
pottedplant 0.0037 472 -2 502 54
pottedplant 0.0015 265 17 286 58
pottedplant 0.0012 389 23 429 56
pottedplant 0.0011 383 3 444 52
diningtable 0.0012 286 52 358 98
