bottle 0.2243 397 221 417 276
bottle 0.2025 258 134 268 171
bottle 0.1879 248 137 259 172
bottle 0.1553 250 141 258 166
bottle 0.1084 304 143 315 170
bottle 0.0851 268 131 279 172
bottle 0.0818 392 216 424 288
bottle 0.0690 251 136 257 156
bottle 0.0574 350 252 368 287
bottle 0.0558 244 137 251 155
bottle 0.0533 243 136 254 172
bottle 0.0409 279 132 289 173
bottle 0.0279 259 133 266 159
bottle 0.0245 284 134 295 173
bottle 0.0133 320 228 337 259
bottle 0.0105 248 155 258 170
bottle 0.0088 353 259 365 279
bottle 0.0079 270 139 278 169
bottle 0.0076 194 151 202 168
bottle 0.0076 398 210 417 252
bottle 0.0066 361 252 380 288
bottle 0.0044 243 156 252 169
bottle 0.0043 259 156 269 171
bottle 0.0036 214 137 345 176
bottle 0.0033 204 149 213 165
bottle 0.0018 268 157 277 172
bottle 0.0017 278 155 286 172
bottle 0.0015 331 255 353 286
bottle 0.0014 408 218 426 262
bottle 0.0014 296 142 314 170
bottle 0.0014 392 228 410 272
bottle 0.0014 321 232 335 249
bottle 0.0013 395 270 405 286
bottle 0.0013 250 129 257 142
bottle 0.0013 388 209 408 250
bottle 0.0012 353 252 367 265
bottle 0.0012 397 249 415 286
bottle 0.0011 402 229 416 247
bottle 0.0011 338 253 361 287
bottle 0.0010 42 17 461 277
chair 0.9753 90 226 189 372
chair 0.9034 112 185 174 251
chair 0.7885 172 249 321 366
chair 0.7575 377 191 442 253
chair 0.5405 330 182 370 249
chair 0.2412 165 182 228 248
chair 0.1195 255 219 285 242
chair 0.0596 111 217 399 365
chair 0.0253 167 216 226 247
chair 0.0177 333 188 417 251
chair 0.0169 381 199 420 269
chair 0.0167 187 164 226 242
chair 0.0150 431 325 500 372
chair 0.0112 324 210 391 257
chair 0.0074 232 227 472 366
chair 0.0066 376 195 443 306
chair 0.0056 121 170 167 235
chair 0.0043 115 188 164 218
chair 0.0042 119 205 204 257
chair 0.0036 411 194 443 266
chair 0.0032 177 269 266 377
chair 0.0031 1 182 22 286
chair 0.0025 436 250 502 375
chair 0.0024 434 354 498 374
chair 0.0024 331 216 367 247
chair 0.0022 110 182 179 326
chair 0.0019 386 197 434 226
chair 0.0018 388 209 408 250
chair 0.0017 167 214 188 247
chair 0.0017 387 206 431 236
chair 0.0017 0 196 7 283
chair 0.0017 144 173 175 256
chair 0.0017 298 180 331 244
chair 0.0016 325 163 360 241
chair 0.0015 84 205 172 260
chair 0.0013 0 181 9 241
chair 0.0013 382 290 494 374
chair 0.0013 323 177 388 296
chair 0.0012 465 266 481 308
chair 0.0010 199 276 366 374
chair 0.0010 458 264 480 293
chair 0.0010 381 212 420 247
sofa 0.0013 431 325 500 372
pottedplant 0.0277 11 10 179 278
pottedplant 0.0026 4 182 113 278
pottedplant 0.0021 350 252 368 287
pottedplant 0.0020 330 254 369 286
diningtable 0.9901 173 225 475 369
diningtable 0.1256 95 199 411 353
diningtable 0.0061 91 225 340 319
diningtable 0.0057 172 249 321 366
diningtable 0.0037 255 224 456 323
diningtable 0.0037 75 231 197 365
diningtable 0.0012 215 163 378 185
diningtable 0.0010 20 41 485 337
