person 0.5988 325 261 333 281
person 0.4521 309 263 315 281
person 0.4286 303 262 309 282
person 0.2498 406 258 415 277
person 0.2263 319 263 325 281
person 0.1151 409 253 424 288
person 0.0983 404 255 419 286
person 0.0920 376 260 387 274
person 0.0650 411 258 420 279
person 0.0598 422 255 430 270
person 0.0522 396 259 402 275
person 0.0346 418 253 431 288
person 0.0222 384 260 393 275
person 0.0180 373 256 390 287
person 0.0179 412 254 422 270
person 0.0134 338 260 346 278
person 0.0133 434 260 444 270
person 0.0094 4 240 19 281
person 0.0091 402 273 417 285
person 0.0088 380 261 396 291
person 0.0085 383 268 395 287
person 0.0077 373 269 388 287
person 0.0075 364 241 374 252
person 0.0074 322 258 337 284
person 0.0058 432 257 447 268
person 0.0057 452 259 462 267
person 0.0054 394 254 402 271
person 0.0048 412 269 422 286
person 0.0048 213 242 222 252
person 0.0041 392 272 404 285
person 0.0040 384 255 395 270
person 0.0037 327 259 332 267
person 0.0037 420 269 431 287
person 0.0032 1 253 4 284
person 0.0031 391 255 405 287
person 0.0030 453 261 462 268
person 0.0027 337 242 411 290
person 0.0026 400 254 435 285
person 0.0024 458 257 469 267
person 0.0022 7 258 17 279
person 0.0020 493 257 499 280
person 0.0019 172 220 299 286
person 0.0019 315 258 332 282
person 0.0017 347 242 356 252
person 0.0016 1 236 11 284
person 0.0016 268 260 276 281
person 0.0014 366 262 375 274
person 0.0014 0 240 2 282
person 0.0013 434 260 455 269
person 0.0013 373 236 384 249
person 0.0013 297 255 311 283
person 0.0013 337 270 344 281
person 0.0012 407 250 426 275
person 0.0011 494 248 499 274
person 0.0011 365 254 375 269
person 0.0010 346 236 358 250
person 0.0010 191 241 201 252
person 0.0010 328 228 399 281
person 0.0010 355 242 365 251
person 0.0010 460 262 469 270
person 0.0010 354 237 366 250
bicycle 0.0065 326 269 333 282
car 0.4107 433 258 455 268
car 0.0714 434 260 444 270
car 0.0313 488 247 499 290
car 0.0280 493 257 499 280
car 0.0246 452 259 462 267
car 0.0148 453 261 462 268
car 0.0121 338 260 346 278
car 0.0119 430 255 463 269
car 0.0117 494 248 499 274
car 0.0074 493 264 499 289
car 0.0069 460 262 469 270
car 0.0047 458 257 469 267
car 0.0023 422 255 430 270
car 0.0017 431 260 478 272
car 0.0016 487 219 499 281
car 0.0016 325 261 333 281
car 0.0015 345 256 393 282
car 0.0011 459 257 495 280
car 0.0010 456 218 499 288
car 0.0010 3 225 63 279
motorbike 0.0026 326 269 333 282
bus 0.9823 158 219 317 284
bus 0.9811 335 225 409 283
bus 0.7638 456 218 499 288
bus 0.0544 487 219 499 281
bus 0.0542 236 228 318 281
bus 0.0223 283 227 317 283
bus 0.0140 473 226 498 310
bus 0.0067 494 248 499 274
bus 0.0062 488 247 499 290
bus 0.0060 433 258 455 268
bus 0.0050 457 222 496 257
bus 0.0040 416 230 497 279
bus 0.0036 291 237 313 281
bus 0.0035 428 239 464 263
bus 0.0034 479 232 497 285
bus 0.0032 430 255 463 269
bus 0.0022 310 219 436 289
bus 0.0022 400 250 435 272
bus 0.0020 493 257 499 280
bus 0.0019 294 223 331 285
bus 0.0017 478 215 499 268
bus 0.0015 284 238 306 279
bus 0.0014 337 238 350 282
bus 0.0012 338 260 346 278
bus 0.0011 377 228 412 282
bus 0.0011 277 229 350 281
bus 0.0010 303 239 317 280
bus 0.0010 401 249 419 275
train 0.0099 167 213 316 275
train 0.0069 468 218 498 289
train 0.0029 439 222 501 282
train 0.0018 335 225 409 283
train 0.0012 487 219 499 281
