person 0.9727 190 103 319 248
person 0.3710 165 183 414 254
person 0.0698 289 178 421 248
person 0.0334 113 184 250 255
person 0.0288 204 96 420 253
person 0.0064 2 154 8 165
person 0.0049 270 185 373 243
person 0.0031 4 154 17 165
person 0.0027 296 177 380 224
person 0.0026 1 159 8 178
person 0.0023 113 171 166 188
person 0.0019 281 205 395 248
person 0.0018 118 122 382 262
person 0.0016 1 147 7 161
person 0.0014 1 149 21 179
person 0.0011 216 212 381 255
person 0.0010 6 151 17 159
car 0.0019 2 154 8 165
dog 0.0977 110 195 254 257
dog 0.0113 137 198 430 256
dog 0.0017 287 185 416 244
dog 0.0016 181 188 261 244
dog 0.0011 112 233 176 271
horse 0.0077 105 195 406 260
horse 0.0038 113 184 250 255
sheep 0.0068 113 184 250 255
sheep 0.0065 105 195 406 260
cow 0.1241 105 195 406 260
cow 0.0204 110 195 254 257
cow 0.0011 289 178 421 248
chair 0.0059 113 171 166 188
