person 0.9955 47 190 97 341
person 0.3554 402 176 410 191
person 0.0634 224 176 230 187
person 0.0515 216 176 220 185
person 0.0361 402 183 410 193
person 0.0275 261 176 266 189
person 0.0195 298 171 305 177
person 0.0180 230 178 235 187
person 0.0179 399 176 406 190
person 0.0169 53 216 94 278
person 0.0151 252 175 258 185
person 0.0110 291 171 297 176
person 0.0094 365 197 375 207
person 0.0086 28 183 41 197
person 0.0065 113 212 127 232
person 0.0062 9 182 22 198
person 0.0053 241 176 250 185
person 0.0047 308 170 313 177
person 0.0047 300 176 305 182
person 0.0040 76 177 90 193
person 0.0039 118 165 139 197
person 0.0035 201 170 208 179
person 0.0031 395 185 406 196
person 0.0029 277 169 286 177
person 0.0028 162 162 174 218
person 0.0027 311 177 316 184
person 0.0027 110 189 130 233
person 0.0023 111 248 184 296
person 0.0022 82 176 94 192
person 0.0022 234 169 261 196
person 0.0022 109 167 140 231
person 0.0022 201 173 210 184
person 0.0021 318 183 324 194
person 0.0021 130 179 142 199
person 0.0018 109 226 182 284
person 0.0014 122 173 137 191
person 0.0013 13 166 34 199
person 0.0013 335 196 347 206
person 0.0013 25 167 41 198
person 0.0012 119 175 141 203
person 0.0012 51 165 71 196
person 0.0012 131 175 143 227
person 0.0012 0 176 3 205
person 0.0012 267 172 276 189
person 0.0012 66 182 77 195
person 0.0012 151 221 180 282
person 0.0011 14 182 31 198
person 0.0011 7 144 186 356
person 0.0010 8 178 40 201
bicycle 0.9978 113 286 220 367
bicycle 0.0215 402 183 410 193
bicycle 0.0079 35 263 66 292
bicycle 0.0044 402 176 410 191
bicycle 0.0044 115 324 169 372
bicycle 0.0039 136 314 221 372
bicycle 0.0014 395 185 406 196
bicycle 0.0011 42 255 62 285
bicycle 0.0010 224 176 230 187
car 0.9993 290 194 419 244
car 0.3281 232 170 261 197
car 0.1659 269 161 320 203
car 0.0421 402 176 410 191
car 0.0174 402 183 410 193
car 0.0103 261 176 266 189
car 0.0081 224 176 230 187
car 0.0057 395 185 406 196
car 0.0053 230 178 235 187
car 0.0051 267 172 276 189
car 0.0049 216 176 220 185
car 0.0048 201 173 210 184
car 0.0044 335 186 347 192
car 0.0033 327 185 337 193
car 0.0032 190 184 201 199
car 0.0032 193 176 204 186
car 0.0028 109 226 182 284
car 0.0026 111 248 184 296
car 0.0025 384 190 398 196
car 0.0025 252 175 258 185
car 0.0024 271 163 316 186
car 0.0023 163 235 179 277
car 0.0020 267 165 284 195
car 0.0019 399 176 406 190
car 0.0016 318 183 324 194
car 0.0012 151 221 180 282
car 0.0011 343 186 356 192
car 0.0010 285 185 389 217
car 0.0010 241 176 250 185
motorbike 0.0104 402 183 410 193
motorbike 0.0024 402 176 410 191
motorbike 0.0013 111 274 218 363
bus 0.9896 -4 128 192 307
bus 0.6836 269 161 320 203
bus 0.0494 234 169 261 196
bus 0.0038 271 163 316 186
bus 0.0018 487 157 499 384
train 0.0028 -4 107 191 296
train 0.0011 269 161 320 205
dog 0.0027 402 183 410 193
bottle 0.0039 163 330 170 342
bottle 0.0035 164 336 171 348
bottle 0.0022 175 328 182 342
bottle 0.0019 95 247 99 256
bottle 0.0018 157 329 164 341
bottle 0.0010 173 336 181 349
bottle 0.0010 163 321 171 333
tvmonitor 0.0011 274 163 323 202
