person 0.0027 0 -13 281 326
motorbike 0.0014 0 144 62 327
bird 0.9946 196 76 317 313
cat 0.0215 204 69 306 295
horse 0.0036 204 76 305 339
sheep 0.0014 204 69 306 295
bottle 0.0671 200 73 296 318
chair 0.0014 1 160 62 339
chair 0.0010 204 83 290 335
pottedplant 0.8193 289 4 507 324
pottedplant 0.8057 0 -13 281 326
pottedplant 0.2928 0 144 62 327
pottedplant 0.1433 -1 79 108 331
pottedplant 0.0517 199 59 350 305
pottedplant 0.0194 2 67 124 189
pottedplant 0.0164 -4 1 125 265
pottedplant 0.0082 0 155 56 206
pottedplant 0.0079 0 70 56 242
pottedplant 0.0062 0 70 23 166
pottedplant 0.0036 0 79 46 158
pottedplant 0.0033 21 101 160 226
pottedplant 0.0023 0 224 62 353
pottedplant 0.0022 0 86 19 226
pottedplant 0.0021 6 135 116 276
pottedplant 0.0019 2 30 89 169
pottedplant 0.0017 128 12 290 268
pottedplant 0.0017 65 158 270 332
pottedplant 0.0016 0 16 21 146
pottedplant 0.0013 5 160 87 221
pottedplant 0.0012 14 0 239 191
pottedplant 0.0011 1 14 29 264
diningtable 0.0057 -1 141 88 327
