person 0.9996 98 34 218 328
person 0.9996 284 84 390 334
person 0.9766 195 58 301 341
person 0.0339 201 72 291 211
person 0.0156 343 124 377 159
person 0.0057 142 91 153 109
person 0.0034 444 117 452 123
person 0.0030 385 110 391 122
person 0.0027 463 116 470 123
person 0.0024 201 66 367 278
person 0.0021 412 112 425 121
person 0.0019 342 115 362 154
person 0.0016 76 69 88 83
person 0.0012 421 116 428 122
person 0.0011 299 109 378 164
car 0.1545 412 112 425 121
car 0.0594 493 116 499 125
car 0.0328 494 112 500 121
car 0.0155 467 112 484 121
car 0.0122 481 116 490 123
car 0.0107 420 111 433 121
car 0.0084 469 115 482 122
car 0.0058 480 112 490 120
car 0.0053 444 117 452 123
car 0.0031 421 116 428 122
car 0.0022 463 116 470 123
car 0.0017 428 109 440 121
car 0.0013 457 108 496 124
car 0.0010 463 112 472 121
chair 0.0015 358 126 380 157
chair 0.0010 343 124 377 159
pottedplant 0.2451 174 214 255 301
pottedplant 0.2247 276 235 354 306
pottedplant 0.0252 113 86 145 118
pottedplant 0.0093 142 217 292 330
pottedplant 0.0027 281 111 388 342
