person 0.9967 161 121 277 378
person 0.9891 223 87 372 376
person 0.0100 474 172 480 178
person 0.0065 493 268 500 367
person 0.0063 486 211 499 373
person 0.0060 450 182 456 188
person 0.0055 475 176 480 182
person 0.0048 481 176 488 183
person 0.0040 482 289 499 373
person 0.0039 488 300 499 370
person 0.0038 103 74 473 380
person 0.0037 480 173 486 178
person 0.0036 493 176 497 184
person 0.0030 456 171 459 175
person 0.0023 447 183 454 188
person 0.0021 495 238 499 377
person 0.0018 495 169 498 180
person 0.0016 475 115 500 393
car 0.0019 480 173 486 178
car 0.0018 474 172 480 178
bird 0.0044 474 172 480 178
bird 0.0018 480 173 486 178
bird 0.0012 450 182 456 188
bird 0.0010 493 176 497 184
dog 0.0024 482 289 499 373
dog 0.0021 488 300 499 370
sheep 0.0347 450 182 456 188
sheep 0.0190 447 183 454 188
sheep 0.0140 475 176 480 182
sheep 0.0118 481 176 488 183
sheep 0.0095 493 176 497 184
sheep 0.0050 474 172 480 178
sheep 0.0023 480 173 486 178
sheep 0.0017 446 185 452 190
sofa 0.0013 165 113 313 386
