person 0.9909 155 26 317 217
person 0.0212 480 195 498 228
person 0.0026 480 183 500 284
person 0.0018 482 133 498 259
person 0.0012 174 0 196 34
person 0.0012 488 37 498 274
car 0.0085 11 120 41 147
car 0.0010 10 133 37 147
bird 0.0013 201 155 276 201
chair 0.5602 159 42 318 196
chair 0.0754 10 150 167 239
chair 0.0261 266 47 328 190
chair 0.0209 231 61 350 179
chair 0.0116 308 54 331 190
chair 0.0060 266 44 316 118
chair 0.0060 11 120 41 147
chair 0.0047 104 64 335 253
chair 0.0038 305 45 367 193
chair 0.0029 488 37 498 274
chair 0.0023 279 105 311 173
chair 0.0022 3 44 176 229
chair 0.0021 480 189 500 319
chair 0.0020 -1 32 52 243
chair 0.0018 306 119 328 195
chair 0.0018 299 120 319 146
chair 0.0016 0 66 17 246
chair 0.0015 480 198 498 235
chair 0.0014 274 89 314 117
chair 0.0012 87 128 353 206
chair 0.0010 0 177 5 260
chair 0.0010 307 146 319 195
sofa 0.0121 149 46 304 199
sofa 0.0099 8 107 168 236
sofa 0.0012 6 44 333 215
diningtable 0.9985 22 172 495 338
diningtable 0.0103 149 46 304 199
diningtable 0.0043 99 199 408 309
diningtable 0.0019 135 230 289 319
diningtable 0.0010 8 52 179 137
diningtable 0.0010 10 229 190 330
