person 0.5881 141 108 171 175
person 0.5051 108 103 143 182
person 0.2946 94 82 167 200
person 0.0181 132 107 167 195
person 0.0124 140 116 159 170
person 0.0068 283 120 304 147
person 0.0048 437 166 499 307
person 0.0018 142 109 158 142
person 0.0018 147 107 167 141
person 0.0013 133 101 193 215
person 0.0011 145 116 154 131
person 0.0011 438 93 500 262
bicycle 0.0012 246 93 362 229
car 0.0175 488 143 498 156
car 0.0037 478 144 496 156
cat 0.0012 488 177 499 220
dog 0.0050 438 149 500 288
dog 0.0023 436 176 499 248
bottle 0.0175 192 85 200 107
bottle 0.0167 419 138 431 151
bottle 0.0114 189 67 200 108
bottle 0.0104 459 131 478 156
bottle 0.0104 200 89 207 107
bottle 0.0076 186 84 193 106
bottle 0.0066 354 127 366 145
bottle 0.0065 442 144 451 153
bottle 0.0045 413 136 426 149
bottle 0.0031 194 95 201 107
bottle 0.0028 192 47 200 62
bottle 0.0024 187 95 193 107
bottle 0.0017 209 47 216 62
bottle 0.0016 351 119 368 147
bottle 0.0016 398 136 415 149
bottle 0.0014 201 48 212 63
bottle 0.0012 396 117 418 151
bottle 0.0011 191 42 197 56
bottle 0.0010 437 142 454 150
bottle 0.0010 191 71 197 101
chair 0.0808 217 177 259 258
chair 0.0469 437 166 499 307
chair 0.0199 185 179 258 286
chair 0.0059 204 184 241 281
chair 0.0041 184 187 222 287
chair 0.0026 240 177 270 250
chair 0.0017 205 174 266 226
chair 0.0013 234 207 256 253
chair 0.0012 184 161 221 236
chair 0.0011 217 191 238 229
chair 0.0010 207 130 267 260
sofa 0.3782 437 166 499 307
sofa 0.0034 443 173 494 255
sofa 0.0033 370 154 493 247
pottedplant 0.6229 232 45 419 231
pottedplant 0.5149 246 93 362 229
pottedplant 0.0780 351 119 368 147
pottedplant 0.0673 419 138 431 151
pottedplant 0.0468 398 136 415 149
pottedplant 0.0459 396 117 418 151
pottedplant 0.0389 459 131 478 156
pottedplant 0.0384 354 127 366 145
pottedplant 0.0351 413 136 426 149
pottedplant 0.0202 277 136 350 244
pottedplant 0.0196 116 187 156 216
pottedplant 0.0140 488 143 498 156
pottedplant 0.0121 422 139 469 151
pottedplant 0.0084 340 85 414 147
pottedplant 0.0081 283 69 439 181
pottedplant 0.0071 478 144 496 156
pottedplant 0.0057 294 153 339 238
pottedplant 0.0053 180 170 202 191
pottedplant 0.0051 437 142 454 150
pottedplant 0.0043 362 124 400 145
pottedplant 0.0043 393 131 425 150
pottedplant 0.0039 96 5 486 257
pottedplant 0.0032 245 90 308 147
pottedplant 0.0028 405 137 451 151
pottedplant 0.0025 408 114 429 150
pottedplant 0.0024 415 113 436 150
pottedplant 0.0020 481 138 495 153
pottedplant 0.0020 397 92 432 148
pottedplant 0.0019 442 144 451 153
pottedplant 0.0019 132 28 369 228
pottedplant 0.0019 409 131 429 152
pottedplant 0.0019 457 133 493 156
pottedplant 0.0019 426 141 450 149
pottedplant 0.0018 458 91 493 154
pottedplant 0.0016 342 82 376 150
pottedplant 0.0015 476 133 498 156
pottedplant 0.0015 356 112 426 154
pottedplant 0.0015 126 184 148 215
pottedplant 0.0015 396 135 408 148
pottedplant 0.0014 461 142 474 155
pottedplant 0.0012 415 133 434 153
pottedplant 0.0012 386 122 480 157
pottedplant 0.0012 343 120 376 146
pottedplant 0.0012 189 67 200 108
pottedplant 0.0011 363 134 400 149
pottedplant 0.0010 469 142 479 155
pottedplant 0.0010 111 191 130 215
pottedplant 0.0010 249 107 465 214
diningtable 0.0045 185 179 258 286
diningtable 0.0013 217 177 259 258
diningtable 0.0012 151 171 268 263
tvmonitor 0.9950 72 80 192 200
tvmonitor 0.1625 102 96 173 209
tvmonitor 0.0056 55 70 216 258
tvmonitor 0.0029 136 105 167 176
tvmonitor 0.0022 108 103 143 182
