person 0.8613 23 57 101 216
person 0.8077 69 65 108 124
person 0.7309 181 1 259 81
person 0.6206 340 79 360 107
person 0.5883 371 37 444 88
person 0.4531 434 172 472 247
person 0.4238 21 36 429 295
person 0.4170 439 60 501 164
person 0.4137 23 65 482 122
person 0.3410 2 49 43 263
person 0.3314 110 72 130 98
person 0.2908 30 55 526 205
person 0.2660 308 80 319 91
person 0.2537 99 70 119 98
person 0.2430 23 68 39 100
person 0.2355 0 61 30 136
person 0.1708 363 77 373 93
person 0.1647 315 80 326 93
person 0.1447 114 73 128 92
person 0.1434 356 81 367 100
person 0.1352 474 55 501 109
person 0.1352 64 73 77 89
person 0.1313 0 62 22 211
person 0.1291 336 78 346 91
person 0.1260 469 59 500 145
person 0.1055 316 82 326 99
person 0.1002 0 109 22 278
person 0.0961 322 80 340 110
person 0.0942 108 67 319 168
person 0.0890 356 78 365 94
person 0.0884 326 79 336 90
person 0.0794 15 67 36 99
person 0.0775 334 78 350 109
person 0.0740 326 83 337 101
person 0.0711 27 73 38 95
person 0.0686 121 71 133 83
person 0.0670 428 55 443 70
person 0.0642 335 82 344 102
person 0.0561 361 82 372 98
person 0.0519 345 78 355 90
person 0.0502 25 66 35 84
person 0.0497 17 67 27 83
person 0.0475 11 68 22 83
person 0.0467 96 74 108 91
person 0.0413 116 70 128 83
person 0.0360 6 72 40 167
person 0.0350 17 75 28 91
person 0.0321 359 71 375 97
person 0.0310 313 80 332 107
person 0.0305 65 66 103 98
person 0.0302 395 36 438 76
person 0.0265 179 2 260 157
person 0.0263 297 77 309 88
person 0.0248 5 66 25 98
person 0.0226 103 72 136 109
person 0.0205 422 104 489 162
person 0.0204 11 73 23 91
person 0.0201 27 84 37 99
person 0.0198 353 73 371 99
person 0.0191 83 68 119 124
person 0.0191 309 81 321 98
person 0.0187 109 23 457 163
person 0.0186 430 75 475 157
person 0.0183 448 172 487 252
person 0.0181 363 67 372 81
person 0.0180 375 39 447 160
person 0.0179 216 50 254 82
person 0.0172 326 50 478 138
person 0.0156 83 24 416 97
person 0.0156 120 72 132 90
person 0.0156 0 187 26 276
person 0.0142 103 67 116 84
person 0.0133 169 49 201 76
person 0.0129 441 81 500 232
person 0.0123 494 168 500 250
person 0.0122 72 64 95 89
person 0.0118 134 9 292 94
person 0.0114 470 89 498 178
person 0.0114 57 61 119 109
person 0.0111 425 50 445 73
person 0.0104 290 70 298 80
person 0.0102 473 168 498 257
person 0.0102 98 51 117 79
person 0.0099 2 62 6 86
person 0.0095 326 93 338 111
person 0.0092 2 73 24 116
person 0.0083 356 70 364 81
person 0.0081 425 59 435 70
person 0.0080 0 57 11 110
person 0.0078 101 59 114 72
person 0.0078 74 67 91 83
person 0.0072 419 40 441 72
person 0.0069 7 107 38 240
person 0.0069 183 7 224 77
person 0.0069 7 56 39 114
person 0.0065 62 70 80 94
person 0.0063 371 59 410 90
person 0.0060 113 70 143 101
person 0.0060 492 85 499 160
person 0.0058 422 93 486 255
bicycle 0.0020 326 93 338 111
bicycle 0.0013 434 172 472 247
car 0.0078 108 67 319 168
car 0.0043 14 51 496 213
car 0.0022 261 75 302 88
car 0.0020 21 65 432 320
car 0.0014 210 77 337 123
motorbike 0.9950 46 61 460 319
motorbike 0.0128 30 55 526 205
motorbike 0.0080 326 93 338 111
motorbike 0.0044 434 172 472 247
motorbike 0.0033 321 86 339 114
dog 0.0013 120 68 383 168
dog 0.0010 52 59 497 321
diningtable 0.0014 14 51 496 213
tvmonitor 0.0090 57 51 80 77
tvmonitor 0.0016 101 59 114 72
tvmonitor 0.0012 98 59 109 73
