person 0.6814 170 360 185 398
person 0.5227 223 412 231 420
person 0.0654 169 368 178 390
person 0.0614 129 386 137 396
person 0.0558 109 386 115 395
person 0.0489 150 392 155 399
person 0.0438 98 386 105 396
person 0.0312 121 386 127 395
person 0.0277 177 392 183 399
person 0.0264 137 385 144 397
person 0.0210 174 367 183 391
person 0.0208 169 393 173 399
person 0.0165 158 393 163 399
person 0.0140 169 383 176 396
person 0.0102 175 384 182 397
person 0.0099 140 392 145 398
person 0.0086 130 391 136 398
person 0.0084 174 361 184 379
person 0.0084 148 387 155 397
person 0.0083 256 412 262 416
person 0.0076 94 386 101 395
person 0.0058 119 367 124 377
person 0.0057 219 412 228 420
person 0.0052 121 392 126 399
person 0.0045 167 369 181 402
person 0.0042 170 365 178 379
person 0.0041 128 364 134 374
person 0.0037 114 369 118 375
person 0.0036 156 412 162 417
person 0.0034 137 376 144 384
person 0.0031 111 391 116 398
person 0.0030 119 372 124 383
person 0.0029 256 410 263 415
person 0.0029 158 386 164 396
person 0.0026 98 349 178 407
person 0.0020 147 364 158 377
person 0.0017 94 369 190 419
person 0.0014 99 390 104 399
person 0.0013 112 374 117 384
person 0.0012 125 353 162 382
person 0.0010 223 409 231 417
person 0.0010 242 414 254 419
aeroplane 0.0042 116 71 185 416
train 0.0033 106 112 178 401
boat 0.9314 93 79 192 424
boat 0.0756 94 369 190 419
boat 0.0058 98 349 178 407
boat 0.0037 126 350 162 376
boat 0.0027 95 110 151 406
boat 0.0023 100 396 185 419
boat 0.0013 156 412 162 417
bird 0.0240 223 412 231 420
bird 0.0158 256 412 262 416
bird 0.0089 149 85 155 93
bird 0.0038 256 410 263 415
bird 0.0028 149 79 154 87
bird 0.0013 242 414 254 419
dog 0.0036 223 412 231 420
