person 0.9997 129 134 226 375
person 0.9937 216 118 338 360
person 0.0830 116 163 312 366
person 0.0518 220 121 258 191
person 0.0059 434 258 499 373
person 0.0041 143 66 350 314
person 0.0034 225 199 341 329
person 0.0030 255 184 335 295
person 0.0018 278 182 346 366
person 0.0012 7 157 110 279
bicycle 0.0032 6 213 88 367
cat 0.0232 225 199 341 329
cat 0.0063 255 198 331 274
cat 0.0047 260 250 311 322
cat 0.0022 123 125 236 359
cat 0.0022 427 181 465 224
cat 0.0015 211 135 347 366
dog 0.1255 256 197 339 345
dog 0.0434 255 198 331 274
dog 0.0089 260 242 312 315
dog 0.0043 222 151 339 302
dog 0.0038 263 198 302 247
dog 0.0022 153 212 357 323
bottle 0.0264 495 208 500 235
bottle 0.0111 436 184 457 223
bottle 0.0106 423 187 439 219
bottle 0.0096 390 195 403 214
bottle 0.0047 452 201 461 223
bottle 0.0044 311 336 331 371
bottle 0.0033 402 196 413 214
bottle 0.0020 494 177 500 243
bottle 0.0017 422 201 435 219
bottle 0.0017 444 182 466 222
bottle 0.0013 387 195 398 212
bottle 0.0010 434 203 442 220
bottle 0.0010 472 209 494 232
chair 0.1494 334 204 402 313
chair 0.1476 432 277 498 377
chair 0.0749 153 157 349 365
chair 0.0621 343 200 380 248
chair 0.0445 324 245 398 375
chair 0.0219 76 226 372 367
chair 0.0189 342 203 400 259
chair 0.0144 192 341 239 372
chair 0.0102 6 213 88 367
chair 0.0052 378 286 496 373
chair 0.0042 93 250 152 374
chair 0.0037 8 224 42 323
chair 0.0035 199 296 356 368
chair 0.0026 2 206 56 347
chair 0.0023 195 354 237 374
chair 0.0022 258 218 339 362
chair 0.0021 490 260 498 315
chair 0.0019 495 274 499 304
chair 0.0018 482 232 499 353
chair 0.0018 199 333 348 369
chair 0.0017 478 285 498 308
chair 0.0016 344 200 375 222
chair 0.0016 326 209 341 252
chair 0.0015 136 156 224 380
chair 0.0015 425 354 507 375
chair 0.0015 22 219 85 282
chair 0.0015 494 282 499 309
chair 0.0013 193 339 239 355
chair 0.0012 109 243 239 360
chair 0.0010 493 253 498 362
chair 0.0010 2 212 26 339
sofa 0.2275 76 226 372 367
sofa 0.1815 153 157 349 365
sofa 0.0686 432 277 498 377
sofa 0.0083 334 204 402 313
sofa 0.0066 372 247 500 366
sofa 0.0019 93 250 152 374
sofa 0.0016 225 199 341 329
sofa 0.0016 343 200 380 248
sofa 0.0014 368 192 498 276
sofa 0.0012 66 147 493 376
pottedplant 0.9679 10 168 96 223
pottedplant 0.1784 22 219 85 282
pottedplant 0.1526 0 289 46 370
pottedplant 0.1275 8 152 110 244
pottedplant 0.1195 6 213 88 367
pottedplant 0.0930 5 292 83 369
pottedplant 0.0782 40 246 70 276
pottedplant 0.0667 15 171 91 295
pottedplant 0.0627 0 261 29 366
pottedplant 0.0504 35 230 72 272
pottedplant 0.0335 120 179 158 246
pottedplant 0.0259 13 323 74 374
pottedplant 0.0259 31 299 102 368
pottedplant 0.0241 294 151 340 237
pottedplant 0.0199 0 154 117 371
pottedplant 0.0183 37 227 71 252
pottedplant 0.0168 70 249 146 374
pottedplant 0.0158 125 5 317 198
pottedplant 0.0149 61 139 228 374
pottedplant 0.0134 135 181 161 221
pottedplant 0.0123 14 168 51 225
pottedplant 0.0121 24 238 44 280
pottedplant 0.0120 3 243 43 343
pottedplant 0.0117 55 248 112 373
pottedplant 0.0108 64 317 103 375
pottedplant 0.0093 31 278 68 353
pottedplant 0.0081 3 279 63 352
pottedplant 0.0079 67 219 95 296
pottedplant 0.0066 0 313 30 377
pottedplant 0.0064 286 146 345 282
pottedplant 0.0057 113 65 319 306
pottedplant 0.0053 70 242 102 345
pottedplant 0.0049 49 226 85 313
pottedplant 0.0047 36 322 72 352
pottedplant 0.0043 42 183 78 222
pottedplant 0.0042 16 216 45 295
pottedplant 0.0041 31 228 70 314
pottedplant 0.0037 124 182 158 205
pottedplant 0.0030 119 172 173 228
pottedplant 0.0027 35 273 72 302
pottedplant 0.0025 0 336 23 375
pottedplant 0.0025 45 272 88 358
pottedplant 0.0024 2 212 26 339
pottedplant 0.0023 26 181 95 243
pottedplant 0.0023 0 298 11 354
pottedplant 0.0018 123 108 198 241
pottedplant 0.0018 19 220 34 278
pottedplant 0.0017 22 339 67 374
pottedplant 0.0016 15 170 36 211
pottedplant 0.0016 427 181 465 224
pottedplant 0.0015 131 110 295 199
pottedplant 0.0015 0 303 23 350
pottedplant 0.0014 30 284 143 372
pottedplant 0.0014 65 222 81 276
pottedplant 0.0014 72 227 92 274
pottedplant 0.0014 369 19 501 277
pottedplant 0.0014 116 131 177 263
pottedplant 0.0014 30 229 52 271
pottedplant 0.0013 495 208 500 235
pottedplant 0.0013 126 182 151 220
pottedplant 0.0013 14 238 83 303
pottedplant 0.0012 71 173 94 215
pottedplant 0.0012 1 310 43 344
pottedplant 0.0012 10 266 82 324
pottedplant 0.0011 1 317 12 373
pottedplant 0.0011 26 241 64 277
pottedplant 0.0011 89 194 153 355
pottedplant 0.0011 134 120 198 192
pottedplant 0.0011 73 244 92 293
pottedplant 0.0010 6 154 55 358
pottedplant 0.0010 77 133 192 246
pottedplant 0.0010 38 265 71 292
pottedplant 0.0010 0 173 32 377
pottedplant 0.0010 25 196 46 224
diningtable 0.0893 368 202 497 319
diningtable 0.0029 367 210 499 258
diningtable 0.0015 352 192 479 275
diningtable 0.0013 372 247 500 366
