person 0.9726 -1 2 60 161
person 0.9720 250 0 313 56
person 0.9444 181 0 249 62
person 0.9048 358 3 498 122
person 0.5130 36 -2 87 120
person 0.3014 330 -2 387 99
person 0.1142 39 -1 80 37
person 0.0932 -2 15 15 145
person 0.0579 101 1 139 18
person 0.0376 65 0 101 35
person 0.0366 131 1 189 48
person 0.0338 45 35 78 119
person 0.0317 67 2 78 21
person 0.0197 73 2 176 42
person 0.0191 44 24 503 351
person 0.0177 0 -6 28 207
person 0.0173 379 4 491 68
person 0.0170 17 0 83 50
person 0.0156 327 6 501 206
person 0.0140 69 2 91 24
person 0.0131 73 1 106 23
person 0.0111 64 3 99 79
person 0.0111 64 2 83 33
person 0.0106 0 47 9 123
person 0.0098 104 0 154 34
person 0.0084 139 0 276 78
person 0.0075 0 0 21 90
person 0.0074 121 0 157 21
person 0.0074 225 1 353 79
person 0.0064 0 42 14 231
person 0.0059 138 2 231 56
person 0.0058 92 0 107 20
person 0.0058 62 1 191 75
person 0.0055 168 29 204 61
person 0.0051 44 3 131 46
person 0.0050 1 44 6 166
person 0.0050 84 2 101 21
person 0.0049 69 7 80 25
person 0.0049 29 6 100 73
person 0.0046 236 7 253 52
person 0.0044 148 16 216 65
person 0.0041 147 1 184 37
person 0.0040 0 1 61 52
person 0.0037 151 0 184 21
person 0.0034 41 3 64 34
person 0.0032 34 2 54 35
person 0.0031 302 4 342 75
person 0.0031 1 7 8 88
person 0.0027 58 12 152 64
person 0.0026 198 9 271 65
person 0.0026 5 20 47 110
person 0.0025 103 9 183 67
person 0.0024 302 2 376 80
person 0.0023 492 -5 500 61
person 0.0023 6 57 49 137
person 0.0022 0 43 57 230
person 0.0021 75 3 126 36
person 0.0019 51 0 74 23
person 0.0018 128 0 172 35
person 0.0017 477 -11 499 68
person 0.0016 89 1 108 38
person 0.0015 72 7 86 25
person 0.0015 -2 11 112 131
person 0.0014 33 51 66 140
person 0.0013 194 34 214 64
person 0.0013 62 7 81 47
person 0.0012 259 16 479 115
person 0.0012 299 -1 344 23
person 0.0012 455 -2 494 61
person 0.0012 51 -3 113 128
person 0.0011 483 -19 498 140
person 0.0011 185 32 208 63
person 0.0011 0 -18 6 76
person 0.0010 222 3 255 57
person 0.0010 172 0 185 16
person 0.0010 100 3 118 18
bicycle 0.0110 302 4 342 75
bicycle 0.0087 206 301 367 378
bicycle 0.0064 43 338 165 377
bicycle 0.0059 304 14 338 42
bicycle 0.0055 301 0 372 49
bicycle 0.0052 301 2 342 35
bicycle 0.0031 302 0 377 93
bicycle 0.0022 374 257 500 354
bicycle 0.0022 374 210 497 322
bicycle 0.0017 370 297 500 375
bicycle 0.0015 40 302 317 375
bicycle 0.0013 226 340 368 374
bicycle 0.0012 38 63 509 364
car 0.0311 25 15 485 219
car 0.0020 38 63 509 364
motorbike 0.9978 26 20 483 355
motorbike 0.0196 96 36 485 198
motorbike 0.0070 302 4 342 75
motorbike 0.0046 206 301 367 378
motorbike 0.0028 302 2 376 80
motorbike 0.0017 171 265 393 366
motorbike 0.0016 347 7 490 89
motorbike 0.0010 301 2 342 35
dog 0.0024 38 63 509 364
chair 0.0020 347 7 490 89
chair 0.0018 0 128 61 176
chair 0.0012 327 46 495 153
diningtable 0.0031 -1 123 62 168
