person 0.9888 129 63 264 358
person 0.0030 281 5 380 47
person 0.0025 447 72 501 286
bicycle 0.3033 260 149 343 285
bicycle 0.0245 151 0 177 94
bicycle 0.0104 117 0 176 99
bicycle 0.0085 128 104 353 329
bicycle 0.0076 266 183 338 250
bicycle 0.0020 148 164 352 279
bicycle 0.0018 229 83 362 296
bicycle 0.0018 160 139 339 239
bicycle 0.0015 161 -2 188 87
bicycle 0.0013 235 135 315 182
bicycle 0.0011 127 0 162 60
motorbike 0.0276 241 134 352 266
motorbike 0.0027 134 70 350 317
motorbike 0.0010 263 167 342 292
cat 0.0106 447 72 501 286
dog 0.0024 447 72 501 286
bottle 0.0012 156 218 185 245
chair 0.0534 151 0 177 94
chair 0.0524 125 2 166 91
chair 0.0045 161 -2 188 87
chair 0.0044 162 5 177 67
chair 0.0020 449 107 502 322
chair 0.0016 343 0 380 48
pottedplant 0.0216 447 72 501 286
pottedplant 0.0063 271 4 367 46
pottedplant 0.0036 441 123 502 383
pottedplant 0.0023 466 104 500 326
