person 0.0046 405 143 497 326
person 0.0024 267 -8 447 366
person 0.0014 415 87 498 187
person 0.0013 97 11 243 139
person 0.0012 101 6 179 157
bottle 0.9811 119 -6 279 353
bottle 0.9572 256 0 418 355
bottle 0.0167 156 6 486 357
bottle 0.0130 336 1 413 204
bottle 0.0038 308 29 486 334
bottle 0.0028 397 93 497 345
bottle 0.0024 122 22 448 188
bottle 0.0021 100 5 254 217
bottle 0.0013 93 106 409 199
chair 0.0034 60 2 451 359
chair 0.0016 415 87 498 187
sofa 0.0096 60 2 451 359
diningtable 0.7929 12 222 480 373
diningtable 0.1710 60 2 451 359
diningtable 0.0073 50 256 380 355
diningtable 0.0021 10 254 117 355
