person 0.1198 125 16 513 319
person 0.0063 87 65 347 261
person 0.0039 69 4 504 104
person 0.0036 466 301 499 331
person 0.0021 468 249 499 329
person 0.0016 100 42 467 217
cat 0.9878 85 61 425 278
cat 0.0312 -17 9 459 319
dog 0.0062 104 71 407 315
chair 0.5675 49 35 468 298
chair 0.0384 -2 153 117 328
chair 0.0027 1 -6 115 335
chair 0.0026 54 3 510 176
chair 0.0019 87 65 347 261
chair 0.0016 218 5 507 325
sofa 0.9068 63 -6 503 281
sofa 0.0411 104 71 407 315
sofa 0.0107 69 4 504 104
sofa 0.0076 1 -6 115 335
sofa 0.0057 0 154 100 320
sofa 0.0031 289 9 507 325
sofa 0.0022 380 32 501 309
