person 0.0124 281 149 289 161
person 0.0017 325 162 333 177
person 0.0017 358 137 367 154
dog 0.0039 247 157 342 286
horse 0.0096 148 159 209 268
horse 0.0081 107 134 141 189
horse 0.0053 245 167 366 299
horse 0.0034 104 136 121 176
horse 0.0019 249 152 335 264
horse 0.0013 143 128 166 138
sheep 0.0278 169 134 195 145
sheep 0.0144 105 131 122 145
sheep 0.0139 245 167 366 299
sheep 0.0120 169 137 195 161
sheep 0.0086 107 134 141 189
sheep 0.0064 121 131 142 143
sheep 0.0051 103 133 122 165
sheep 0.0044 249 152 335 264
sheep 0.0042 119 129 135 138
sheep 0.0039 141 131 167 142
sheep 0.0037 143 128 166 138
sheep 0.0029 152 157 204 245
sheep 0.0025 154 139 172 157
sheep 0.0023 141 139 164 176
sheep 0.0013 194 136 207 147
sheep 0.0010 192 140 209 153
sheep 0.0010 190 141 212 176
cow 0.9929 152 157 204 245
cow 0.9760 245 156 359 284
cow 0.9336 107 134 141 189
cow 0.7920 167 137 196 161
cow 0.7337 141 139 164 176
cow 0.5463 103 133 122 165
cow 0.4206 190 141 212 176
cow 0.4204 141 131 167 142
cow 0.3969 121 131 142 143
cow 0.3736 142 135 170 164
cow 0.2798 169 134 195 145
cow 0.2684 154 139 172 157
cow 0.2184 165 141 200 172
cow 0.2114 122 140 142 181
cow 0.1656 105 131 122 145
cow 0.1473 143 128 166 138
cow 0.1448 138 134 170 188
cow 0.1403 202 144 224 174
cow 0.1267 192 140 209 153
cow 0.0939 120 134 152 189
cow 0.0919 183 143 204 174
cow 0.0739 152 133 170 144
cow 0.0643 145 142 179 171
cow 0.0631 179 139 217 189
cow 0.0499 165 140 183 155
cow 0.0438 194 136 207 147
cow 0.0418 186 141 200 154
cow 0.0414 119 129 135 138
cow 0.0369 122 139 142 155
cow 0.0297 203 143 220 153
cow 0.0272 193 142 226 193
cow 0.0272 107 134 140 162
cow 0.0271 138 134 152 143
cow 0.0258 102 137 117 175
cow 0.0258 285 190 370 293
cow 0.0231 136 149 153 181
cow 0.0206 263 191 359 260
cow 0.0198 117 129 139 150
cow 0.0182 139 156 149 177
cow 0.0169 148 137 208 184
cow 0.0140 153 129 167 138
cow 0.0133 144 139 162 157
cow 0.0133 139 139 153 156
cow 0.0128 187 147 200 169
cow 0.0114 206 146 221 167
cow 0.0114 136 137 157 165
cow 0.0114 184 136 199 147
cow 0.0110 186 139 217 160
cow 0.0091 194 146 208 168
cow 0.0090 118 135 149 160
cow 0.0089 196 170 210 185
cow 0.0084 118 128 201 169
cow 0.0076 107 136 120 157
cow 0.0071 108 146 118 170
cow 0.0068 167 136 180 144
cow 0.0066 175 148 210 181
cow 0.0062 120 131 168 147
cow 0.0062 142 130 178 149
cow 0.0061 138 148 148 170
cow 0.0053 130 147 141 170
cow 0.0049 154 148 172 163
cow 0.0041 161 151 203 178
cow 0.0041 207 146 228 184
cow 0.0039 103 138 114 159
cow 0.0039 147 147 161 166
cow 0.0037 153 131 234 170
cow 0.0035 173 128 188 138
cow 0.0032 172 132 206 151
cow 0.0030 132 157 140 176
cow 0.0029 253 162 333 242
cow 0.0026 146 159 157 175
cow 0.0025 210 145 225 156
cow 0.0024 244 143 313 268
cow 0.0024 186 156 200 174
cow 0.0024 104 146 113 169
cow 0.0024 108 156 116 174
cow 0.0023 107 129 120 138
cow 0.0022 172 148 192 164
cow 0.0021 193 159 211 194
cow 0.0021 195 158 208 175
cow 0.0020 162 151 184 163
cow 0.0020 200 139 222 163
cow 0.0017 106 144 124 185
cow 0.0017 150 158 196 192
cow 0.0013 100 128 118 154
cow 0.0012 140 129 152 137
cow 0.0011 132 155 236 251
cow 0.0010 82 127 159 166
cow 0.0010 332 190 370 258
