person 0.0042 103 -25 520 229
person 0.0036 83 19 206 175
person 0.0015 149 136 407 299
car 0.0058 114 -4 509 258
car 0.0025 1 62 105 180
bird 0.0043 342 205 471 288
cat 0.1463 132 150 370 309
cat 0.0556 114 -4 509 258
cat 0.0548 202 188 376 295
cat 0.0433 347 220 471 276
cat 0.0026 165 127 321 209
dog 0.9376 133 133 372 304
dog 0.8606 86 0 499 249
dog 0.0334 202 188 376 295
dog 0.0196 165 127 321 209
dog 0.0050 347 220 471 276
horse 0.0034 86 0 499 249
sheep 0.0016 342 205 471 288
sheep 0.0011 132 150 370 309
cow 0.0965 56 -12 472 210
cow 0.0016 149 136 407 299
chair 0.2986 72 0 451 187
chair 0.2465 1 62 105 180
chair 0.0241 149 136 407 299
chair 0.0199 69 17 512 295
chair 0.0056 105 73 311 167
chair 0.0027 96 27 231 174
chair 0.0012 223 93 334 149
sofa 0.2253 1 62 105 180
sofa 0.0485 103 -25 520 229
sofa 0.0047 134 151 420 316
sofa 0.0046 60 281 495 329
diningtable 0.0233 114 -4 509 258
diningtable 0.0021 134 151 420 316
diningtable 0.0018 102 250 470 334
tvmonitor 0.0013 1 62 105 180
