person 0.9986 400 -5 499 372
person 0.9973 90 -7 171 199
person 0.9925 66 -1 102 97
person 0.9453 2 -1 47 205
person 0.9179 158 6 201 84
person 0.8510 385 1 436 75
person 0.5355 185 2 205 34
person 0.3824 297 5 325 81
person 0.3472 258 1 292 39
person 0.2141 0 12 30 265
person 0.1860 6 5 47 88
person 0.1542 117 0 516 377
person 0.0958 13 0 38 34
person 0.0848 248 4 263 36
person 0.0651 11 93 44 191
person 0.0587 421 11 487 78
person 0.0578 0 48 26 189
person 0.0536 466 28 479 46
person 0.0464 199 0 218 25
person 0.0436 252 2 305 52
person 0.0397 152 3 202 161
person 0.0336 30 10 68 72
person 0.0282 221 0 257 59
person 0.0247 293 3 314 36
person 0.0239 383 2 432 41
person 0.0225 464 0 500 38
person 0.0225 16 33 46 168
person 0.0192 191 8 203 29
person 0.0192 95 79 162 196
person 0.0185 253 2 271 38
person 0.0182 464 23 482 50
person 0.0182 151 2 186 18
person 0.0167 293 10 312 66
person 0.0156 312 2 330 37
person 0.0151 430 44 463 71
person 0.0147 1 70 16 284
person 0.0143 200 8 212 27
person 0.0143 183 4 260 75
person 0.0141 301 6 320 50
person 0.0120 132 0 365 78
person 0.0116 296 3 312 19
person 0.0106 248 4 259 14
person 0.0106 442 1 498 52
person 0.0089 178 5 212 80
person 0.0085 39 5 224 78
person 0.0082 139 -3 199 100
person 0.0079 151 0 187 35
person 0.0078 319 1 341 38
person 0.0074 149 2 168 16
person 0.0073 318 26 432 128
person 0.0072 286 12 305 46
person 0.0072 27 20 59 95
person 0.0072 166 0 187 14
person 0.0070 0 5 29 84
person 0.0067 17 -7 65 177
person 0.0065 314 3 327 19
person 0.0063 185 12 203 65
person 0.0059 3 1 61 55
person 0.0058 42 9 64 50
person 0.0058 297 7 311 27
person 0.0057 259 1 291 20
person 0.0053 248 10 263 62
person 0.0052 264 2 285 14
person 0.0052 417 49 457 80
person 0.0049 304 4 317 19
person 0.0048 248 19 307 72
person 0.0047 305 8 317 25
person 0.0046 257 2 271 13
person 0.0046 1 14 44 376
person 0.0045 273 2 292 14
person 0.0044 315 6 346 77
person 0.0043 149 2 171 36
person 0.0042 188 0 221 32
person 0.0040 247 3 279 53
person 0.0039 474 11 499 44
person 0.0037 24 2 61 35
person 0.0037 29 28 52 172
person 0.0037 182 3 193 18
person 0.0036 286 2 299 16
person 0.0036 206 0 220 17
person 0.0034 69 7 193 137
person 0.0033 47 10 82 72
person 0.0031 139 0 159 14
person 0.0029 325 14 339 26
person 0.0029 182 1 214 22
person 0.0028 193 17 203 35
person 0.0027 37 -7 104 100
person 0.0027 403 34 465 84
person 0.0026 188 2 203 18
person 0.0025 34 8 55 50
person 0.0023 158 7 176 46
person 0.0022 0 55 24 411
person 0.0022 465 20 499 52
person 0.0021 0 39 3 191
person 0.0021 131 1 169 18
person 0.0021 1 119 13 348
person 0.0020 414 -3 491 127
person 0.0020 179 26 200 72
person 0.0019 44 8 57 28
person 0.0019 258 15 268 38
bicycle 0.0067 248 19 307 72
bicycle 0.0017 251 38 294 75
bicycle 0.0012 50 18 74 59
car 0.0043 30 10 68 72
car 0.0037 76 -17 440 339
car 0.0033 1 15 26 375
car 0.0023 0 7 60 80
car 0.0019 15 2 74 58
car 0.0016 39 5 224 78
car 0.0016 49 10 124 77
car 0.0014 306 40 435 174
car 0.0012 1 90 14 301
motorbike 0.9984 111 1 448 382
motorbike 0.3229 248 19 307 72
motorbike 0.1781 251 38 294 75
motorbike 0.0824 50 18 74 59
motorbike 0.0618 30 10 68 72
motorbike 0.0219 35 27 73 63
motorbike 0.0164 263 34 301 63
motorbike 0.0093 41 18 67 57
motorbike 0.0092 15 2 74 58
motorbike 0.0076 59 33 78 61
motorbike 0.0062 252 2 305 52
motorbike 0.0060 282 29 303 67
motorbike 0.0053 47 10 82 72
motorbike 0.0050 271 40 293 72
motorbike 0.0041 225 33 300 79
motorbike 0.0037 254 26 293 53
motorbike 0.0035 291 7 319 77
motorbike 0.0028 27 20 59 95
motorbike 0.0028 285 18 304 57
motorbike 0.0028 246 36 288 61
motorbike 0.0028 33 24 53 73
motorbike 0.0023 56 38 74 58
motorbike 0.0019 33 11 101 69
motorbike 0.0016 0 7 60 80
motorbike 0.0013 13 -11 74 103
motorbike 0.0011 44 13 74 45
motorbike 0.0010 245 -6 313 93
motorbike 0.0010 0 12 30 265
motorbike 0.0010 283 40 300 56
bottle 0.0056 430 44 463 71
bottle 0.0049 24 97 42 134
bottle 0.0037 345 43 354 58
bottle 0.0035 141 70 174 102
bottle 0.0020 26 115 37 135
chair 0.0088 388 29 432 65
chair 0.0027 345 43 354 58
chair 0.0023 388 16 434 101
chair 0.0015 332 32 352 64
chair 0.0013 338 45 350 64
chair 0.0012 337 41 348 59
