person 0.9985 127 15 173 112
person 0.5135 290 32 314 88
person 0.0581 297 28 313 51
person 0.0237 293 24 316 58
person 0.0180 302 30 318 93
person 0.0103 131 20 147 47
person 0.0103 111 32 195 111
person 0.0089 165 16 193 61
person 0.0084 175 14 200 63
person 0.0051 85 6 188 120
person 0.0046 318 28 319 54
person 0.0042 315 18 319 53
person 0.0034 126 16 150 58
person 0.0034 130 129 158 146
person 0.0032 160 7 197 45
person 0.0031 318 40 319 55
person 0.0030 179 9 193 36
person 0.0029 132 7 173 43
person 0.0024 159 24 201 71
person 0.0021 124 45 161 150
person 0.0020 303 23 317 49
person 0.0018 305 67 319 91
person 0.0018 121 18 145 39
person 0.0017 139 9 164 34
person 0.0017 316 25 319 82
person 0.0017 1 35 4 46
person 0.0017 284 33 319 69
person 0.0015 297 33 309 74
person 0.0014 318 43 319 62
person 0.0014 157 18 180 38
person 0.0014 132 126 146 143
person 0.0014 62 27 161 90
person 0.0012 318 18 319 40
person 0.0011 89 28 273 136
person 0.0010 306 52 320 122
person 0.0010 0 36 3 58
person 0.0010 294 40 305 77
person 0.0010 156 17 181 57
person 0.0010 285 59 294 69
bicycle 0.0053 75 20 322 198
car 0.0016 58 59 102 92
bus 0.0018 116 20 188 103
horse 0.9975 66 22 311 194
horse 0.0253 73 26 200 178
horse 0.0212 100 22 178 101
horse 0.0115 58 59 102 92
horse 0.0061 89 28 273 136
horse 0.0060 246 94 317 155
horse 0.0054 62 27 161 90
horse 0.0034 161 18 199 58
horse 0.0018 78 37 102 90
horse 0.0016 5 35 110 88
horse 0.0010 67 28 111 94
sheep 0.0013 77 35 293 182
