person 0.0118 177 241 301 359
person 0.0080 457 353 500 376
person 0.0065 71 123 78 142
person 0.0050 123 212 384 368
person 0.0049 0 122 15 272
person 0.0031 27 89 473 356
person 0.0029 0 166 5 256
person 0.0024 0 150 9 211
person 0.0022 478 253 499 370
person 0.0017 75 125 83 141
person 0.0015 46 115 445 175
person 0.0014 375 132 382 150
person 0.0014 296 129 309 137
person 0.0012 490 144 499 199
person 0.0011 47 138 61 153
bicycle 0.0107 450 229 482 287
car 0.1197 28 116 110 151
car 0.0673 152 137 200 148
car 0.0558 0 126 11 182
car 0.0435 -1 112 17 200
car 0.0426 296 129 309 137
car 0.0400 49 108 98 143
car 0.0347 49 133 98 153
car 0.0249 316 131 329 138
car 0.0208 1 134 7 154
car 0.0139 47 138 61 153
car 0.0116 78 108 120 141
car 0.0113 0 109 10 160
car 0.0111 41 99 312 173
car 0.0108 0 124 5 146
car 0.0102 1 139 6 166
car 0.0092 324 131 336 137
car 0.0089 0 145 11 200
car 0.0083 12 134 71 156
car 0.0062 163 138 193 145
car 0.0056 51 139 70 152
car 0.0054 304 131 318 138
car 0.0052 201 136 250 148
car 0.0043 153 130 165 139
car 0.0035 -4 118 70 161
car 0.0034 4 106 95 146
car 0.0034 1 124 24 164
car 0.0031 80 122 118 144
car 0.0028 45 133 63 157
car 0.0028 0 112 3 140
car 0.0025 162 135 231 149
car 0.0023 -4 131 68 181
car 0.0022 333 132 347 137
car 0.0022 65 133 118 149
car 0.0020 153 139 184 145
car 0.0020 82 129 101 144
car 0.0020 138 128 159 138
car 0.0020 296 121 309 132
car 0.0019 56 86 219 160
car 0.0017 54 103 156 144
car 0.0017 99 109 118 141
car 0.0015 103 127 114 142
car 0.0014 152 131 204 144
car 0.0014 94 129 110 143
car 0.0014 133 128 147 136
car 0.0013 1 143 4 184
car 0.0012 57 141 84 148
car 0.0012 292 128 334 139
car 0.0012 111 127 254 156
car 0.0012 128 136 192 150
car 0.0011 201 133 212 141
car 0.0011 174 128 238 143
car 0.0010 313 130 368 140
car 0.0010 20 140 84 161
car 0.0010 22 112 32 124
aeroplane 0.0011 153 211 413 365
bus 0.0125 43 109 124 144
bus 0.0010 -1 112 17 200
bus 0.0010 56 89 294 160
train 0.0016 -1 112 17 200
train 0.0011 43 109 124 144
boat 0.0023 175 201 392 355
boat 0.0019 2 211 444 378
dog 0.0138 450 229 482 287
chair 0.8247 177 241 301 359
chair 0.8160 298 249 403 349
chair 0.6295 199 207 359 323
chair 0.4876 450 229 482 287
chair 0.1800 153 211 413 365
chair 0.0957 103 253 184 321
chair 0.0121 451 237 468 281
chair 0.0116 463 229 484 274
chair 0.0103 81 250 200 360
chair 0.0068 455 244 477 287
chair 0.0047 457 353 500 376
chair 0.0042 478 253 499 370
chair 0.0031 258 271 334 350
chair 0.0024 122 289 364 369
chair 0.0017 37 222 309 371
chair 0.0017 179 278 270 348
chair 0.0013 484 195 498 354
chair 0.0012 457 317 499 379
chair 0.0012 35 162 463 377
chair 0.0011 495 262 499 371
chair 0.0010 83 230 355 317
chair 0.0010 182 266 289 320
sofa 0.0063 166 250 289 361
sofa 0.0063 199 207 359 323
sofa 0.0017 81 250 200 360
sofa 0.0017 123 212 384 368
sofa 0.0012 103 253 184 321
diningtable 0.0049 245 305 479 368
diningtable 0.0034 450 229 482 287
diningtable 0.0021 478 253 499 370
diningtable 0.0014 457 353 500 376
diningtable 0.0012 494 247 499 348
diningtable 0.0010 450 249 500 370
