person 0.0225 23 119 60 190
person 0.0088 160 181 489 365
person 0.0068 20 120 61 266
person 0.0062 48 55 59 72
person 0.0059 42 34 84 92
person 0.0058 66 43 82 82
person 0.0056 70 45 79 63
person 0.0055 45 48 65 82
person 0.0033 74 46 82 60
person 0.0022 48 47 59 63
person 0.0021 73 67 83 83
person 0.0019 29 116 55 164
person 0.0019 171 250 397 351
person 0.0018 55 57 64 71
person 0.0017 70 67 79 82
person 0.0014 29 119 51 148
person 0.0014 48 67 59 83
person 0.0013 70 42 77 53
person 0.0012 382 248 500 351
person 0.0012 475 288 499 371
person 0.0011 49 41 59 53
person 0.0011 287 222 442 313
person 0.0010 58 46 67 61
bicycle 0.0049 44 58 82 87
bird 0.0012 48 55 59 72
cat 0.0015 475 288 499 371
dog 0.0017 130 272 229 309
dog 0.0014 475 288 499 371
bottle 0.0010 142 55 156 99
chair 0.0216 9 285 45 368
chair 0.0028 62 211 380 367
chair 0.0027 10 211 56 368
chair 0.0026 17 248 74 369
chair 0.0022 27 258 58 365
chair 0.0018 21 128 61 302
chair 0.0013 15 239 48 347
chair 0.0012 478 329 499 370
sofa 0.9993 35 207 509 364
sofa 0.0681 115 250 397 357
sofa 0.0011 235 181 490 359
pottedplant 0.9871 312 40 399 157
pottedplant 0.0409 328 50 409 211
pottedplant 0.0042 383 67 413 162
pottedplant 0.0039 320 48 359 144
pottedplant 0.0027 333 60 406 140
pottedplant 0.0011 353 73 392 157
pottedplant 0.0010 319 44 385 117
