person 0.9992 180 21 373 348
person 0.9751 315 65 334 121
person 0.7292 341 75 359 118
person 0.7018 364 63 381 104
person 0.2459 295 78 312 113
person 0.0595 294 83 304 101
person 0.0371 300 73 318 116
person 0.0247 276 67 295 104
person 0.0226 275 49 293 80
person 0.0170 285 57 314 117
person 0.0073 283 64 302 105
person 0.0058 372 73 381 97
person 0.0054 345 104 356 118
person 0.0039 342 65 369 119
person 0.0037 358 61 384 116
person 0.0032 368 68 377 82
person 0.0032 366 73 376 96
person 0.0030 277 68 286 78
person 0.0028 328 71 337 84
person 0.0024 372 68 380 84
person 0.0024 287 77 304 109
person 0.0022 341 99 358 126
person 0.0019 307 85 316 102
person 0.0017 224 28 286 80
person 0.0015 281 49 301 85
person 0.0014 304 69 334 138
person 0.0011 355 79 368 95
person 0.0011 343 78 356 94
person 0.0011 297 94 308 112
person 0.0011 366 87 376 99
person 0.0010 372 86 380 99
person 0.0010 160 98 252 207
person 0.0010 311 100 329 126
person 0.0010 317 105 327 120
person 0.0010 292 58 311 97
bicycle 0.7854 290 166 373 356
bicycle 0.1566 183 65 377 349
bicycle 0.0456 291 246 354 353
bicycle 0.0117 265 146 339 344
bicycle 0.0036 219 179 358 336
bicycle 0.0022 271 142 329 191
bicycle 0.0015 260 100 391 351
bicycle 0.0013 289 141 331 160
car 0.0018 160 98 252 207
train 0.0017 122 -4 393 367
train 0.0010 168 75 351 342
dog 0.0020 345 104 356 118
chair 0.0015 158 110 251 215
tvmonitor 0.0017 162 104 269 224
