person 0.4854 262 97 476 350
person 0.2416 277 33 467 244
person 0.0406 291 79 435 197
person 0.0100 216 14 517 373
person 0.0021 293 128 434 240
person 0.0014 1 15 181 353
person 0.0013 279 193 502 381
bicycle 0.4392 28 110 303 357
bicycle 0.0840 8 142 503 364
bicycle 0.0078 139 107 356 359
bicycle 0.0025 179 247 297 364
bicycle 0.0023 215 169 453 362
bicycle 0.0014 186 203 307 336
motorbike 0.2303 11 114 280 352
motorbike 0.0117 71 105 504 350
motorbike 0.0027 1 15 181 353
motorbike 0.0024 25 -1 402 371
cat 0.0019 281 171 497 369
dog 0.0254 251 175 485 367
dog 0.0023 257 187 411 327
sheep 0.0420 254 193 484 378
sheep 0.0031 257 187 411 327
bottle 0.0044 56 257 147 330
chair 0.0021 278 13 501 259
chair 0.0018 413 186 496 326
chair 0.0013 11 114 280 352
chair 0.0012 290 79 492 366
chair 0.0011 71 105 504 350
pottedplant 0.0297 68 0 268 296
pottedplant 0.0041 25 -1 402 371
pottedplant 0.0019 167 12 233 189
pottedplant 0.0014 1 9 187 300
pottedplant 0.0013 110 25 242 176
pottedplant 0.0012 182 92 218 189
diningtable 0.0023 454 318 500 375
tvmonitor 0.9922 262 6 511 197
tvmonitor 0.0565 290 44 452 173
