person 0.0042 -6 276 416 375
person 0.0023 485 132 498 342
person 0.0018 425 17 432 39
bottle 0.0024 285 182 297 215
bottle 0.0010 288 183 296 201
chair 0.3457 0 283 373 371
chair 0.1761 0 255 22 369
chair 0.1214 391 239 463 377
chair 0.0847 97 264 388 343
chair 0.0497 0 230 20 322
chair 0.0364 5 283 80 331
chair 0.0216 0 251 13 305
chair 0.0127 170 283 422 368
chair 0.0126 0 255 61 369
chair 0.0111 485 208 498 377
chair 0.0104 0 256 9 338
chair 0.0063 0 161 15 312
chair 0.0055 0 266 198 342
chair 0.0047 383 211 409 296
chair 0.0044 477 292 498 375
chair 0.0043 494 239 500 336
chair 0.0043 394 240 457 307
chair 0.0038 0 251 9 270
chair 0.0037 387 193 463 323
chair 0.0031 413 259 452 368
chair 0.0028 0 289 9 363
chair 0.0026 0 238 10 283
chair 0.0022 0 273 3 303
chair 0.0019 386 233 414 311
chair 0.0017 15 289 154 325
chair 0.0017 299 209 377 273
chair 0.0016 22 227 61 284
chair 0.0015 0 288 5 307
chair 0.0014 478 311 499 344
chair 0.0014 0 262 21 311
chair 0.0013 0 256 8 277
chair 0.0012 9 223 80 330
chair 0.0012 410 149 499 324
chair 0.0012 411 224 485 361
chair 0.0011 398 253 427 370
chair 0.0011 451 214 498 233
chair 0.0010 379 225 396 270
sofa 0.9396 -6 276 416 375
sofa 0.0758 97 264 388 343
sofa 0.0217 0 255 22 369
sofa 0.0177 4 291 248 367
sofa 0.0066 170 283 422 368
sofa 0.0046 485 208 498 377
sofa 0.0037 5 283 80 331
sofa 0.0035 0 255 61 369
sofa 0.0024 494 239 500 336
sofa 0.0020 0 266 198 342
sofa 0.0020 0 230 20 322
sofa 0.0014 110 246 341 309
pottedplant 0.2626 45 15 67 56
pottedplant 0.1737 41 12 96 58
pottedplant 0.0620 70 17 93 55
pottedplant 0.0017 44 55 131 185
pottedplant 0.0015 48 42 60 56
pottedplant 0.0015 63 43 78 55
pottedplant 0.0015 54 43 70 56
pottedplant 0.0015 75 44 90 56
pottedplant 0.0013 44 39 79 56
pottedplant 0.0012 0 161 15 312
pottedplant 0.0011 49 33 72 59
diningtable 0.0232 110 246 341 309
diningtable 0.0124 0 255 22 369
diningtable 0.0093 19 268 403 352
diningtable 0.0089 0 251 13 305
diningtable 0.0061 391 239 463 377
diningtable 0.0033 63 28 437 330
diningtable 0.0021 0 230 20 322
diningtable 0.0017 0 251 9 270
diningtable 0.0017 384 215 491 322
diningtable 0.0016 0 256 9 338
diningtable 0.0014 485 208 498 377
diningtable 0.0011 0 238 10 283
diningtable 0.0011 0 288 5 307
tvmonitor 0.8954 213 152 292 213
tvmonitor 0.0013 97 20 122 54
tvmonitor 0.0012 304 220 375 276
tvmonitor 0.0011 400 9 464 49
