person 0.0677 93 7 304 184
person 0.0641 161 17 238 143
person 0.0347 96 54 118 93
person 0.0215 91 54 123 106
person 0.0125 83 125 116 142
person 0.0106 111 80 147 102
person 0.0063 127 48 147 80
person 0.0050 119 74 140 100
person 0.0044 93 67 114 102
person 0.0039 99 56 114 74
person 0.0034 182 33 223 125
person 0.0024 127 48 144 65
person 0.0016 121 78 136 94
person 0.0014 90 81 129 103
person 0.0014 82 38 97 72
person 0.0011 165 62 235 130
person 0.0010 197 42 236 120
tvmonitor 0.9971 56 4 301 190
tvmonitor 0.0048 404 167 483 218
tvmonitor 0.0042 -20 -37 368 292
tvmonitor 0.0028 1 69 13 244
