person 0.0099 414 227 419 232
person 0.0092 405 227 414 232
person 0.0035 388 225 394 231
person 0.0020 394 226 401 233
car 0.0380 340 177 362 183
car 0.0221 333 158 342 165
car 0.0182 451 214 465 223
car 0.0159 351 177 365 182
car 0.0110 456 214 473 224
car 0.0090 471 220 480 225
car 0.0083 331 177 353 182
car 0.0044 495 225 499 232
car 0.0043 452 209 465 220
car 0.0038 480 221 489 226
car 0.0035 71 160 438 260
car 0.0035 456 210 469 219
car 0.0032 494 219 499 226
car 0.0031 170 156 188 164
car 0.0019 176 158 193 166
car 0.0018 323 176 363 185
car 0.0015 354 158 365 164
car 0.0014 162 156 176 164
car 0.0014 481 225 489 229
car 0.0014 169 153 185 162
car 0.0012 333 173 346 178
bus 0.0011 409 202 462 218
train 0.9829 147 163 433 268
train 0.0318 54 161 375 245
train 0.0121 42 153 205 184
train 0.0103 62 154 283 214
train 0.0066 -21 151 463 275
train 0.0054 -6 151 138 187
train 0.0023 409 202 462 218
train 0.0019 106 165 215 207
train 0.0016 9 150 192 207
train 0.0016 16 140 157 168
train 0.0015 195 199 441 278
train 0.0013 -14 165 145 203
train 0.0010 143 148 191 164
train 0.0010 199 150 250 172
boat 0.0017 0 291 28 300
boat 0.0014 0 305 11 348
boat 0.0011 1 182 30 272
boat 0.0010 0 318 7 339
