person 0.9879 301 205 357 305
person 0.1401 390 192 400 209
person 0.1189 335 191 342 212
person 0.0998 415 199 422 219
person 0.0894 245 192 251 205
person 0.0699 455 194 463 220
person 0.0479 248 193 253 205
person 0.0408 273 197 289 209
person 0.0371 404 195 410 207
person 0.0358 330 193 337 209
person 0.0320 175 204 181 210
person 0.0296 459 197 466 216
person 0.0234 439 193 454 226
person 0.0211 441 199 450 222
person 0.0209 328 199 338 214
person 0.0183 184 205 190 210
person 0.0146 87 214 95 222
person 0.0146 0 229 6 245
person 0.0135 411 180 424 219
person 0.0126 297 208 352 259
person 0.0123 416 193 424 211
person 0.0112 163 204 172 212
person 0.0111 406 200 412 212
person 0.0104 107 213 115 222
person 0.0100 269 196 279 205
person 0.0092 394 200 400 211
person 0.0086 387 186 403 210
person 0.0084 204 195 208 205
person 0.0076 421 200 427 217
person 0.0070 434 201 444 219
person 0.0068 97 214 105 222
person 0.0066 442 208 453 225
person 0.0059 308 202 316 212
person 0.0051 389 186 402 196
person 0.0048 261 182 269 199
person 0.0048 374 195 379 206
person 0.0044 421 191 427 212
person 0.0041 9 229 18 243
person 0.0039 0 231 3 262
person 0.0038 370 194 375 204
person 0.0037 77 215 86 223
person 0.0036 38 224 47 233
person 0.0035 428 193 448 223
person 0.0034 212 194 220 202
person 0.0034 424 211 431 223
person 0.0033 335 185 341 194
person 0.0030 245 190 250 199
person 0.0027 57 224 65 232
person 0.0024 1 224 6 238
person 0.0024 259 195 272 206
person 0.0023 224 195 229 205
person 0.0022 388 188 397 197
person 0.0022 415 210 421 222
person 0.0021 389 200 395 210
person 0.0020 459 186 471 217
person 0.0020 332 185 344 215
person 0.0018 442 194 450 210
person 0.0018 270 199 291 214
person 0.0017 113 213 121 222
person 0.0016 48 224 57 232
person 0.0016 331 186 338 195
person 0.0015 290 194 296 202
person 0.0015 452 188 464 218
person 0.0015 450 211 459 224
person 0.0015 433 192 444 211
person 0.0014 211 187 221 195
person 0.0014 297 194 305 202
person 0.0014 405 186 412 195
person 0.0013 170 186 349 212
person 0.0013 431 211 445 223
person 0.0013 184 198 191 206
person 0.0013 108 206 114 214
person 0.0012 325 186 340 214
person 0.0012 194 203 200 214
person 0.0010 137 214 143 223
person 0.0010 413 182 421 193
person 0.0010 0 221 9 277
bicycle 0.0323 307 255 348 323
bicycle 0.0123 442 208 453 225
bicycle 0.0121 335 199 342 214
bicycle 0.0107 450 211 459 224
bicycle 0.0089 415 199 422 219
bicycle 0.0079 431 211 445 223
bicycle 0.0074 455 194 463 220
bicycle 0.0054 415 210 421 222
bicycle 0.0037 406 200 412 212
bicycle 0.0031 328 199 338 214
bicycle 0.0022 434 201 444 219
bicycle 0.0021 424 211 431 223
bicycle 0.0021 394 200 400 211
bicycle 0.0015 459 197 466 216
bicycle 0.0015 428 193 448 223
bicycle 0.0011 428 207 462 226
bicycle 0.0010 390 192 400 209
bicycle 0.0010 369 202 376 212
car 0.9888 139 209 174 245
car 0.9863 33 218 87 263
car 0.9838 1 224 49 275
car 0.9665 74 209 130 256
car 0.9322 270 199 291 214
car 0.8963 123 212 153 250
car 0.8641 156 193 201 238
car 0.3164 290 185 332 210
car 0.2206 202 194 229 219
car 0.1759 389 186 402 196
car 0.1423 273 197 289 209
car 0.0969 388 192 398 208
car 0.0588 155 213 176 243
car 0.0430 259 195 272 206
car 0.0275 271 202 283 212
car 0.0255 388 188 397 197
car 0.0239 145 198 184 244
car 0.0158 387 186 403 210
car 0.0155 245 192 251 205
car 0.0153 413 182 421 193
car 0.0136 71 184 419 231
car 0.0135 404 195 410 207
car 0.0124 312 201 335 214
car 0.0122 197 177 231 223
car 0.0106 230 199 245 211
car 0.0105 269 196 279 205
car 0.0103 230 196 242 207
car 0.0103 0 229 6 245
car 0.0091 237 200 250 211
car 0.0086 20 198 323 278
car 0.0081 416 193 424 211
car 0.0055 308 202 316 212
car 0.0047 330 193 337 209
car 0.0046 0 228 8 283
car 0.0045 405 186 412 195
car 0.0037 386 188 428 210
car 0.0037 1 224 6 238
car 0.0037 297 194 305 202
car 0.0032 0 231 3 262
car 0.0026 202 202 208 217
car 0.0023 328 199 338 214
car 0.0021 408 195 448 223
car 0.0021 415 199 422 219
car 0.0021 304 194 320 205
car 0.0020 331 186 338 195
car 0.0017 246 183 350 213
car 0.0017 165 198 191 236
car 0.0017 248 193 253 205
car 0.0016 388 182 427 201
car 0.0016 434 201 444 219
car 0.0016 0 215 9 262
car 0.0015 421 200 427 217
car 0.0015 428 193 448 223
car 0.0015 0 234 2 281
car 0.0014 412 178 420 189
car 0.0014 411 180 424 219
car 0.0012 91 207 155 256
car 0.0012 314 194 327 206
car 0.0011 406 200 412 212
car 0.0011 163 219 173 239
car 0.0011 335 185 341 194
motorbike 0.9597 306 259 343 326
motorbike 0.2363 307 234 352 307
motorbike 0.0154 388 192 398 208
motorbike 0.0046 394 200 400 211
motorbike 0.0021 389 200 395 210
motorbike 0.0020 308 202 316 212
motorbike 0.0019 270 199 291 214
motorbike 0.0019 321 268 343 319
motorbike 0.0019 387 186 403 210
motorbike 0.0016 415 199 422 219
motorbike 0.0015 328 199 338 214
motorbike 0.0013 404 195 410 207
motorbike 0.0013 406 200 412 212
motorbike 0.0011 428 193 448 223
motorbike 0.0010 337 249 347 262
motorbike 0.0010 271 202 283 212
aeroplane 0.0012 269 124 313 136
bus 0.8154 202 182 230 218
bus 0.0493 155 193 203 234
bus 0.0371 290 185 332 210
dog 0.0015 424 211 431 223
dog 0.0011 431 211 445 223
