person 0.9993 236 16 324 218
person 0.6462 478 83 497 143
person 0.2484 8 104 17 122
person 0.1665 0 103 6 123
person 0.1612 480 47 499 155
person 0.1429 189 73 226 119
person 0.0960 0 99 11 133
person 0.0935 0 100 5 112
person 0.0888 0 112 7 135
person 0.0813 4 104 18 136
person 0.0385 431 99 441 114
person 0.0336 415 100 424 111
person 0.0320 491 68 499 142
person 0.0300 7 102 16 112
person 0.0249 482 90 490 99
person 0.0244 68 90 436 172
person 0.0231 478 81 497 111
person 0.0221 490 45 499 104
person 0.0167 423 100 432 112
person 0.0159 224 74 259 126
person 0.0110 373 101 388 110
person 0.0108 402 102 415 111
person 0.0103 497 92 499 135
person 0.0102 90 82 336 306
person 0.0092 491 89 499 175
person 0.0087 424 103 435 118
person 0.0083 496 90 498 118
person 0.0083 496 62 499 88
person 0.0067 497 69 499 100
person 0.0067 496 82 499 107
person 0.0060 1 123 6 138
person 0.0054 450 73 501 207
person 0.0052 354 101 366 111
person 0.0048 489 32 500 81
person 0.0041 473 102 498 209
person 0.0040 237 80 257 126
person 0.0039 349 100 355 109
person 0.0032 394 103 403 119
person 0.0030 383 102 392 110
person 0.0026 493 54 499 76
person 0.0025 396 103 404 111
person 0.0025 468 8 501 232
person 0.0023 -4 70 457 287
person 0.0022 481 98 489 108
person 0.0022 186 74 255 123
person 0.0021 191 97 202 113
person 0.0021 96 112 333 212
person 0.0020 367 102 372 109
person 0.0019 339 97 344 110
person 0.0018 243 86 252 100
person 0.0018 242 85 263 122
person 0.0017 425 96 444 119
person 0.0016 411 103 427 118
person 0.0015 496 112 498 153
person 0.0013 370 102 391 120
person 0.0012 441 109 448 117
person 0.0012 397 103 419 119
person 0.0012 380 103 398 120
person 0.0011 225 83 247 123
person 0.0010 490 47 499 68
person 0.0010 -1 89 11 123
person 0.0010 352 101 370 122
person 0.0010 0 72 3 95
bicycle 0.0176 0 112 7 135
bicycle 0.0116 1 123 6 138
bicycle 0.0078 0 104 12 138
bicycle 0.0014 7 109 16 134
car 0.8843 397 103 419 119
car 0.7512 367 99 396 121
car 0.4959 350 99 371 122
car 0.2407 12 94 54 151
car 0.2133 319 93 351 128
car 0.1435 399 100 433 119
car 0.1418 380 103 398 120
car 0.1376 336 96 370 125
car 0.0667 410 94 443 119
car 0.0656 158 92 202 111
car 0.0654 394 103 403 119
car 0.0602 411 103 427 118
car 0.0496 9 113 45 149
car 0.0371 452 107 497 202
car 0.0342 431 103 443 118
car 0.0236 247 85 280 108
car 0.0225 402 102 415 111
car 0.0142 362 103 376 122
car 0.0128 68 90 436 172
car 0.0112 242 85 349 122
car 0.0102 424 103 435 118
car 0.0096 306 92 368 131
car 0.0095 253 89 273 99
car 0.0088 373 101 388 110
car 0.0066 17 91 115 150
car 0.0065 353 100 387 122
car 0.0060 248 89 260 100
car 0.0058 268 91 279 100
car 0.0058 441 109 448 117
car 0.0057 415 100 424 111
car 0.0047 317 105 328 125
car 0.0046 10 103 81 160
car 0.0045 21 93 59 115
car 0.0044 425 99 444 120
car 0.0043 201 76 272 124
car 0.0037 315 105 330 139
car 0.0033 11 129 50 153
car 0.0031 0 112 7 135
car 0.0030 354 101 366 111
car 0.0028 0 103 6 123
car 0.0026 462 104 469 109
car 0.0025 480 71 499 205
car 0.0022 423 100 432 112
car 0.0020 189 75 227 117
car 0.0020 456 106 473 116
car 0.0020 4 104 18 136
car 0.0019 247 92 341 142
car 0.0018 253 95 272 110
car 0.0017 497 92 499 135
car 0.0017 473 127 497 221
car 0.0017 343 103 356 122
car 0.0016 478 83 497 143
car 0.0016 69 71 427 125
car 0.0014 496 90 498 118
car 0.0013 451 73 498 276
car 0.0013 489 81 498 145
car 0.0013 223 83 264 123
car 0.0013 0 99 11 133
car 0.0013 396 103 404 111
car 0.0013 242 85 263 122
car 0.0011 162 96 178 106
car 0.0011 256 85 273 91
car 0.0010 322 99 469 125
car 0.0010 270 96 279 107
car 0.0010 -4 70 457 287
car 0.0010 168 89 224 115
motorbike 0.0038 0 104 12 138
motorbike 0.0035 0 112 7 135
motorbike 0.0021 431 103 443 118
bus 0.0417 158 92 202 111
bus 0.0279 410 94 443 119
bus 0.0126 318 88 351 128
bus 0.0039 12 94 54 151
bus 0.0033 247 85 280 108
bus 0.0018 431 99 441 114
bus 0.0014 450 73 501 207
bus 0.0012 366 97 396 120
bus 0.0010 480 47 499 155
train 0.0016 -4 70 457 287
boat 0.0013 247 85 280 108
bird 0.0051 192 12 195 15
bird 0.0010 193 10 196 13
horse 0.9986 21 62 456 329
horse 0.1654 189 73 226 119
horse 0.0746 186 74 255 123
horse 0.0460 90 82 336 306
horse 0.0113 17 75 164 172
horse 0.0038 183 18 336 236
horse 0.0034 17 91 115 150
horse 0.0030 224 74 259 126
horse 0.0022 0 104 12 138
horse 0.0018 12 94 54 151
horse 0.0018 68 90 436 172
horse 0.0017 138 80 226 120
chair 0.0047 0 112 7 135
chair 0.0022 0 104 12 138
chair 0.0012 1 123 6 138
chair 0.0011 452 107 497 202
