person 0.9813 16 97 66 207
person 0.0145 93 102 125 171
person 0.0091 99 11 452 334
person 0.0080 19 140 32 187
person 0.0067 123 117 141 152
person 0.0048 0 125 1 183
person 0.0044 0 119 5 208
person 0.0028 103 110 140 167
person 0.0025 99 98 122 135
person 0.0018 1 120 22 202
person 0.0016 151 116 168 155
person 0.0013 0 145 2 201
person 0.0012 24 103 62 130
person 0.0011 112 118 149 152
person 0.0011 154 116 167 131
person 0.0010 122 116 158 170
train 0.9996 41 4 395 338
train 0.0039 10 95 61 201
train 0.0032 119 18 375 245
