person 0.0028 190 4 210 29
bird 0.0022 387 183 409 197
cat 0.4543 228 235 333 375
cat 0.0063 178 128 267 191
cat 0.0062 146 107 286 188
cat 0.0022 230 123 277 164
cat 0.0016 76 266 144 317
cat 0.0010 387 183 409 197
dog 0.9689 178 128 267 191
dog 0.9680 225 236 336 371
dog 0.3022 146 107 286 188
dog 0.1268 187 114 288 165
dog 0.0306 119 128 240 186
dog 0.0159 179 137 259 293
dog 0.0107 173 107 276 142
dog 0.0091 135 115 287 259
dog 0.0072 230 111 298 246
dog 0.0059 230 123 277 164
dog 0.0030 76 266 144 317
dog 0.0027 80 97 277 297
dog 0.0026 219 131 299 183
dog 0.0010 239 118 284 194
bottle 0.0030 467 106 475 125
bottle 0.0029 47 55 59 101
bottle 0.0024 52 54 76 100
bottle 0.0022 379 85 396 125
bottle 0.0021 82 60 106 100
bottle 0.0019 387 183 409 197
bottle 0.0012 36 56 52 100
chair 0.9988 285 108 360 252
chair 0.9616 399 97 499 327
chair 0.5546 12 135 237 329
chair 0.5542 475 99 499 135
chair 0.2431 472 102 501 179
chair 0.1545 80 97 277 297
chair 0.1287 228 137 300 259
chair 0.1178 447 104 498 323
chair 0.0821 404 92 493 218
chair 0.0381 27 176 226 279
chair 0.0367 478 114 499 279
chair 0.0306 107 131 227 186
chair 0.0271 29 197 183 319
chair 0.0238 354 114 427 240
chair 0.0234 390 94 444 220
chair 0.0188 179 137 259 293
chair 0.0187 87 161 138 189
chair 0.0160 0 165 25 265
chair 0.0158 393 195 499 310
chair 0.0155 177 105 295 185
chair 0.0124 28 126 110 309
chair 0.0099 103 125 248 256
chair 0.0092 494 110 499 137
chair 0.0078 366 103 503 140
chair 0.0076 476 117 499 152
chair 0.0063 465 107 474 125
chair 0.0062 342 123 528 154
chair 0.0060 458 109 495 207
chair 0.0053 485 130 499 335
chair 0.0053 393 126 429 224
chair 0.0048 70 160 141 309
chair 0.0047 254 113 290 166
chair 0.0047 475 136 500 148
chair 0.0047 471 103 499 362
chair 0.0046 489 101 498 166
chair 0.0046 475 68 502 138
chair 0.0034 470 71 498 247
chair 0.0034 0 202 23 302
chair 0.0031 494 123 498 144
chair 0.0031 108 200 225 322
chair 0.0030 363 136 507 176
chair 0.0030 476 130 497 141
chair 0.0029 7 157 88 311
chair 0.0028 173 107 276 142
chair 0.0027 492 169 498 273
chair 0.0027 381 117 412 205
chair 0.0026 478 115 492 134
chair 0.0026 0 158 6 245
chair 0.0025 211 120 367 246
chair 0.0025 163 98 319 281
chair 0.0024 2 148 51 284
chair 0.0022 173 114 206 135
chair 0.0020 51 152 227 241
chair 0.0020 397 97 432 189
chair 0.0020 456 110 500 137
chair 0.0020 477 99 496 114
chair 0.0019 476 135 499 169
chair 0.0019 468 124 500 146
chair 0.0018 19 136 151 240
chair 0.0018 0 119 3 245
chair 0.0017 399 82 469 126
chair 0.0016 495 92 499 121
chair 0.0015 478 106 494 124
chair 0.0014 490 141 498 223
chair 0.0014 354 120 389 238
chair 0.0013 1 100 19 254
chair 0.0012 0 219 22 262
chair 0.0012 469 114 478 132
chair 0.0012 489 79 499 134
chair 0.0012 39 152 127 201
chair 0.0010 258 123 294 229
chair 0.0010 440 73 501 216
sofa 0.0686 111 98 295 292
sofa 0.0535 146 107 286 188
sofa 0.0106 173 107 276 142
sofa 0.0052 107 131 227 186
sofa 0.0048 183 126 300 261
sofa 0.0040 187 114 288 165
sofa 0.0035 12 135 237 329
sofa 0.0018 103 125 248 256
sofa 0.0014 0 165 25 265
sofa 0.0014 472 94 501 150
sofa 0.0013 283 98 360 231
sofa 0.0011 387 112 496 279
sofa 0.0010 230 111 298 246
pottedplant 0.0405 68 8 135 108
pottedplant 0.0370 0 0 63 127
pottedplant 0.0219 0 28 49 210
pottedplant 0.0139 357 20 433 134
pottedplant 0.0137 1 83 22 198
pottedplant 0.0105 2 54 43 143
pottedplant 0.0077 0 114 7 191
pottedplant 0.0070 44 32 82 100
pottedplant 0.0065 0 141 4 165
pottedplant 0.0064 365 75 399 128
pottedplant 0.0062 1 3 29 276
pottedplant 0.0061 72 20 112 98
pottedplant 0.0055 4 65 44 105
pottedplant 0.0043 0 142 22 255
pottedplant 0.0042 12 15 121 117
pottedplant 0.0042 4 4 81 79
pottedplant 0.0032 54 16 129 77
pottedplant 0.0031 2 79 45 275
pottedplant 0.0028 2 39 26 165
pottedplant 0.0028 0 149 3 175
pottedplant 0.0025 3 -6 89 168
pottedplant 0.0024 0 124 4 221
pottedplant 0.0023 309 6 441 227
pottedplant 0.0023 369 38 411 127
pottedplant 0.0017 0 128 3 162
pottedplant 0.0017 3 20 46 109
pottedplant 0.0016 333 59 462 155
pottedplant 0.0015 10 51 87 102
pottedplant 0.0014 356 41 423 201
pottedplant 0.0013 36 56 52 100
diningtable 0.3138 12 172 228 334
diningtable 0.2597 387 112 496 279
diningtable 0.1129 472 106 499 208
diningtable 0.0458 399 102 493 200
diningtable 0.0399 475 136 500 148
diningtable 0.0348 354 114 427 240
diningtable 0.0343 447 104 498 323
diningtable 0.0274 419 135 515 151
diningtable 0.0257 451 126 500 145
diningtable 0.0180 448 132 500 152
diningtable 0.0173 383 132 516 178
diningtable 0.0161 48 319 381 375
diningtable 0.0153 342 123 528 154
diningtable 0.0136 424 128 510 143
diningtable 0.0128 476 129 499 157
diningtable 0.0124 223 151 297 271
diningtable 0.0121 413 145 521 161
diningtable 0.0114 76 113 274 317
diningtable 0.0107 478 114 499 279
diningtable 0.0092 102 159 241 279
diningtable 0.0085 351 125 409 140
diningtable 0.0081 456 110 500 137
diningtable 0.0073 476 130 497 141
diningtable 0.0071 350 122 409 133
diningtable 0.0064 401 174 499 328
diningtable 0.0058 386 138 408 149
diningtable 0.0055 370 139 524 149
diningtable 0.0052 446 141 503 164
diningtable 0.0042 183 126 300 261
diningtable 0.0041 476 103 499 140
diningtable 0.0040 366 103 503 140
diningtable 0.0040 427 122 508 161
diningtable 0.0038 337 100 472 203
diningtable 0.0034 381 117 412 205
diningtable 0.0033 443 94 498 218
diningtable 0.0032 417 118 495 134
diningtable 0.0032 333 120 424 161
diningtable 0.0030 350 129 409 156
diningtable 0.0030 477 138 499 187
diningtable 0.0029 371 129 503 139
diningtable 0.0026 494 123 498 144
diningtable 0.0024 490 109 498 199
diningtable 0.0022 20 178 186 277
diningtable 0.0019 471 103 499 362
diningtable 0.0019 317 96 492 291
diningtable 0.0018 492 134 498 153
diningtable 0.0017 381 133 416 154
diningtable 0.0017 370 126 425 144
diningtable 0.0014 344 124 418 188
diningtable 0.0014 385 132 407 140
diningtable 0.0014 357 108 389 212
diningtable 0.0012 485 130 499 335
diningtable 0.0012 430 149 506 201
diningtable 0.0010 476 145 498 159
diningtable 0.0010 496 136 499 169
