person 0.0291 413 5 500 81
person 0.0017 9 14 336 349
bicycle 0.0035 -32 -7 325 257
bicycle 0.0021 5 5 122 128
cat 0.9968 8 13 322 232
bottle 0.9417 408 64 463 194
bottle 0.1118 332 2 366 59
bottle 0.0150 324 56 401 199
bottle 0.0130 476 35 499 108
bottle 0.0110 486 43 500 101
bottle 0.0067 478 194 499 283
bottle 0.0050 313 20 335 52
bottle 0.0044 351 12 371 51
bottle 0.0042 301 2 321 45
bottle 0.0038 318 1 387 57
bottle 0.0028 300 64 350 144
bottle 0.0028 3 1 102 130
bottle 0.0018 301 3 332 57
bottle 0.0013 446 69 498 217
bottle 0.0013 455 54 499 121
bottle 0.0012 394 42 416 67
bottle 0.0012 1 2 47 92
chair 0.0145 0 279 117 388
chair 0.0118 5 5 122 128
chair 0.0059 0 22 116 367
chair 0.0036 -8 14 301 299
chair 0.0027 92 6 319 234
chair 0.0022 1 192 93 402
chair 0.0011 395 0 497 86
sofa 0.0026 395 0 497 86
pottedplant 0.0077 5 5 122 128
diningtable 0.0033 57 105 501 376
diningtable 0.0015 296 10 443 77
diningtable 0.0010 9 14 336 349
tvmonitor 0.0042 4 3 127 106
