person 0.9815 35 89 300 368
person 0.9600 302 183 433 339
person 0.8998 123 82 285 311
person 0.6175 294 128 418 251
person 0.5736 193 110 298 246
person 0.3276 169 109 317 335
person 0.2703 198 140 285 210
person 0.2410 273 85 396 211
person 0.2114 278 87 441 291
person 0.2073 10 94 170 365
person 0.1857 320 183 397 282
person 0.1323 339 84 490 280
person 0.0302 217 149 299 282
person 0.0196 336 188 382 251
person 0.0169 278 157 400 283
person 0.0168 8 121 487 386
person 0.0132 227 177 295 246
person 0.0126 195 103 278 171
person 0.0118 268 77 341 204
person 0.0078 237 170 279 227
person 0.0070 151 96 291 205
person 0.0058 278 106 365 249
person 0.0032 300 132 374 187
person 0.0032 487 150 499 325
person 0.0031 333 166 470 284
person 0.0027 241 143 285 209
person 0.0024 236 184 272 215
person 0.0022 236 175 271 203
person 0.0022 255 185 296 251
person 0.0021 165 150 413 351
person 0.0020 310 141 393 209
person 0.0013 203 171 282 220
person 0.0010 204 99 377 201
person 0.0010 217 143 261 207
person 0.0010 193 92 384 291
person 0.0010 242 117 307 242
cat 0.0028 302 183 433 339
dog 0.0025 198 140 285 210
dog 0.0015 325 187 393 252
dog 0.0010 236 175 271 203
bottle 0.0109 491 196 500 245
bottle 0.0058 493 206 499 233
bottle 0.0035 493 260 500 316
bottle 0.0035 495 272 500 305
bottle 0.0020 493 116 498 135
bottle 0.0018 215 180 234 207
bottle 0.0016 236 170 271 196
bottle 0.0012 489 104 499 143
bottle 0.0011 496 214 499 245
bottle 0.0010 247 119 257 132
bottle 0.0010 492 124 498 140
chair 0.9954 377 71 492 282
chair 0.3115 1 140 167 369
chair 0.0232 -5 95 301 404
chair 0.0172 406 71 493 207
chair 0.0055 351 92 479 201
chair 0.0035 169 117 207 138
chair 0.0034 202 136 277 191
chair 0.0031 344 126 482 254
chair 0.0030 253 140 292 209
chair 0.0028 173 106 274 168
chair 0.0014 441 114 501 280
chair 0.0013 244 130 285 193
chair 0.0013 0 135 16 298
chair 0.0013 489 104 499 143
chair 0.0013 361 73 412 123
chair 0.0010 487 150 499 325
sofa 0.7239 8 104 329 395
sofa 0.0868 10 94 170 365
sofa 0.0297 22 83 256 307
sofa 0.0143 198 140 285 210
sofa 0.0079 115 97 302 339
sofa 0.0061 69 102 491 356
sofa 0.0053 394 73 497 281
sofa 0.0046 273 85 396 211
sofa 0.0039 173 106 274 168
sofa 0.0031 193 110 298 246
sofa 0.0023 112 255 325 368
sofa 0.0016 151 96 291 205
sofa 0.0015 253 140 292 209
sofa 0.0010 8 105 264 194
pottedplant 0.0017 453 19 497 53
diningtable 0.0072 283 97 421 216
diningtable 0.0057 359 128 421 182
diningtable 0.0021 337 120 420 164
diningtable 0.0013 358 127 416 143
diningtable 0.0010 351 92 479 201
tvmonitor 0.9164 361 73 412 123
tvmonitor 0.0051 437 1 499 53
tvmonitor 0.0023 453 19 497 53
tvmonitor 0.0019 393 74 488 168
