person 0.9989 -7 25 329 475
car 0.0084 -9 -10 356 459
bottle 0.9943 182 160 285 506
bottle 0.0174 172 92 232 579
bottle 0.0043 -28 25 275 480
bottle 0.0032 128 204 190 504
bottle 0.0024 139 163 255 499
bottle 0.0023 185 132 249 434
bottle 0.0011 151 122 201 550
bottle 0.0010 275 252 316 493
chair 0.1183 12 122 301 531
chair 0.0059 179 148 285 455
chair 0.0032 47 20 386 477
chair 0.0011 61 213 228 507
sofa 0.0061 11 45 342 501
diningtable 0.0055 12 122 301 531
diningtable 0.0010 -25 256 398 539
tvmonitor 0.0012 -9 -10 356 459
