person 0.9992 85 -3 428 386
person 0.7245 347 150 379 182
person 0.7143 328 155 347 185
person 0.7046 381 159 402 179
person 0.2252 305 155 340 188
person 0.1614 484 148 500 181
person 0.1506 490 152 500 172
person 0.1039 330 156 345 174
person 0.0499 127 176 146 204
person 0.0463 345 153 362 180
person 0.0410 443 153 455 173
person 0.0356 478 158 500 186
person 0.0340 347 154 359 174
person 0.0338 332 163 346 182
person 0.0334 493 146 499 166
person 0.0333 459 154 473 171
person 0.0299 325 161 340 181
person 0.0265 458 149 479 176
person 0.0226 343 146 377 203
person 0.0195 2 187 11 198
person 0.0170 2 177 8 188
person 0.0158 472 164 500 232
person 0.0138 431 156 442 172
person 0.0134 351 153 365 173
person 0.0132 37 175 51 188
person 0.0127 124 182 137 200
person 0.0122 2 196 10 206
person 0.0117 488 161 498 182
person 0.0117 118 183 141 221
person 0.0108 456 154 479 193
person 0.0107 316 155 346 179
person 0.0106 449 156 459 172
person 0.0104 52 182 71 223
person 0.0101 18 178 30 188
person 0.0098 420 158 433 173
person 0.0086 372 166 384 179
person 0.0083 5 178 21 188
person 0.0083 453 164 486 231
person 0.0080 7 188 19 197
person 0.0078 40 167 61 194
person 0.0077 487 137 500 174
person 0.0074 457 147 490 214
person 0.0074 131 181 143 201
person 0.0071 461 147 474 162
person 0.0069 45 175 59 191
person 0.0068 54 176 68 193
person 0.0066 333 152 368 187
person 0.0060 39 166 50 183
person 0.0058 347 166 357 179
person 0.0054 0 165 6 184
person 0.0051 484 162 499 202
person 0.0050 1 179 21 204
person 0.0050 92 175 107 192
person 0.0049 479 165 496 179
person 0.0048 445 150 454 162
person 0.0047 32 157 54 189
person 0.0045 324 164 344 196
person 0.0043 322 164 466 199
person 0.0043 380 164 403 200
person 0.0042 1 169 23 195
person 0.0039 309 151 331 180
person 0.0039 306 160 409 197
person 0.0038 365 168 377 180
person 0.0036 100 185 116 195
person 0.0036 69 178 90 201
person 0.0034 429 151 463 176
person 0.0033 0 164 13 200
person 0.0032 44 165 57 182
person 0.0030 467 153 480 172
person 0.0029 54 185 69 195
person 0.0029 437 154 456 190
person 0.0029 89 175 112 207
person 0.0028 355 168 365 179
person 0.0028 78 159 421 217
person 0.0027 18 187 28 196
person 0.0027 155 166 197 201
person 0.0027 379 154 410 210
person 0.0027 107 36 387 272
person 0.0027 91 188 111 196
person 0.0026 481 158 492 171
person 0.0024 305 168 320 181
person 0.0024 26 177 39 187
person 0.0024 22 167 45 195
person 0.0022 463 142 483 170
person 0.0022 355 148 364 161
person 0.0022 467 147 479 163
person 0.0021 306 176 320 189
person 0.0020 303 169 323 194
person 0.0020 446 150 464 175
person 0.0019 439 148 468 215
person 0.0019 317 152 349 209
person 0.0019 428 174 498 307
person 0.0018 115 196 139 230
person 0.0017 433 149 442 162
person 0.0017 327 179 337 189
person 0.0017 101 176 115 193
person 0.0016 112 193 148 212
person 0.0015 16 168 34 196
person 0.0015 0 185 14 216
person 0.0015 418 159 425 173
car 0.0030 2 187 11 198
car 0.0019 5 178 21 188
car 0.0015 2 177 8 188
car 0.0012 0 165 6 184
bottle 0.0555 356 184 366 201
bottle 0.0338 338 193 347 214
bottle 0.0160 355 178 365 186
bottle 0.0139 335 249 400 349
bottle 0.0116 357 192 365 210
bottle 0.0081 7 188 19 197
bottle 0.0075 352 180 368 208
bottle 0.0073 327 179 337 189
bottle 0.0070 345 195 356 211
bottle 0.0066 298 175 308 192
bottle 0.0064 18 187 28 196
bottle 0.0062 306 186 317 194
bottle 0.0046 144 194 153 206
bottle 0.0043 5 196 18 205
bottle 0.0039 2 196 10 206
bottle 0.0039 334 187 349 215
bottle 0.0039 317 180 326 190
bottle 0.0037 64 1 433 324
bottle 0.0037 327 184 337 194
bottle 0.0037 316 185 326 194
bottle 0.0035 306 176 320 189
bottle 0.0032 123 197 135 205
bottle 0.0026 334 185 343 196
bottle 0.0018 124 182 137 200
bottle 0.0017 373 197 385 208
bottle 0.0017 18 178 30 188
bottle 0.0017 365 197 374 208
bottle 0.0017 2 187 11 198
bottle 0.0012 334 177 344 187
bottle 0.0012 300 187 309 194
bottle 0.0012 132 197 146 207
bottle 0.0010 381 195 394 208
chair 0.9627 417 194 494 318
chair 0.9401 1 204 46 272
chair 0.4911 397 188 418 212
chair 0.4044 416 181 455 250
chair 0.3545 51 204 112 261
chair 0.2113 111 202 143 234
chair 0.1987 3 241 101 375
chair 0.1862 360 182 400 202
chair 0.1372 5 196 18 205
chair 0.1353 2 196 10 206
chair 0.1312 355 191 402 210
chair 0.1068 409 178 430 207
chair 0.1058 33 198 63 261
chair 0.1009 381 195 394 208
chair 0.0966 61 199 100 241
chair 0.0816 132 197 146 207
chair 0.0807 2 187 11 198
chair 0.0797 438 179 457 207
chair 0.0763 299 190 341 213
chair 0.0757 415 185 438 217
chair 0.0746 391 181 403 202
chair 0.0723 437 183 452 238
chair 0.0694 23 186 43 195
chair 0.0638 7 188 19 197
chair 0.0601 478 197 501 317
chair 0.0599 452 182 475 221
chair 0.0489 456 176 476 192
chair 0.0457 367 184 389 197
chair 0.0449 342 183 357 197
chair 0.0425 339 181 385 203
chair 0.0411 419 176 437 186
chair 0.0392 36 192 54 250
chair 0.0384 88 198 110 243
chair 0.0370 447 181 460 200
chair 0.0370 373 197 385 208
chair 0.0370 388 179 405 187
chair 0.0368 306 186 317 194
chair 0.0366 18 187 28 196
chair 0.0347 438 169 468 233
chair 0.0327 96 193 150 241
chair 0.0322 468 188 485 233
chair 0.0318 484 182 500 221
chair 0.0304 412 261 493 318
chair 0.0297 411 181 425 200
chair 0.0289 340 179 360 207
chair 0.0287 343 179 359 189
chair 0.0286 473 180 498 252
chair 0.0283 0 195 61 243
chair 0.0281 419 204 488 264
chair 0.0280 391 190 402 208
chair 0.0264 415 212 437 250
chair 0.0260 408 178 428 188
chair 0.0245 446 179 465 207
chair 0.0243 401 184 434 248
chair 0.0236 379 180 401 206
chair 0.0232 19 196 44 205
chair 0.0229 404 178 414 189
chair 0.0229 391 186 408 211
chair 0.0227 144 194 153 206
chair 0.0216 361 184 379 197
chair 0.0206 363 178 378 186
chair 0.0195 23 333 105 374
chair 0.0186 10 192 54 209
chair 0.0186 431 189 449 250
chair 0.0178 453 164 486 231
chair 0.0176 58 198 92 226
chair 0.0174 8 205 83 264
chair 0.0170 16 195 31 205
chair 0.0164 338 193 347 214
chair 0.0164 361 179 379 205
chair 0.0161 89 195 111 205
chair 0.0161 -1 199 58 309
chair 0.0160 379 178 401 184
chair 0.0157 42 192 61 232
chair 0.0147 488 161 498 182
chair 0.0145 38 186 51 194
chair 0.0136 448 190 468 230
chair 0.0132 53 189 91 248
chair 0.0132 5 178 21 188
chair 0.0129 429 181 447 221
chair 0.0127 476 188 495 235
chair 0.0122 369 180 387 187
chair 0.0120 127 176 146 204
chair 0.0119 123 197 135 205
chair 0.0119 132 203 146 215
chair 0.0111 456 183 474 197
chair 0.0111 404 176 469 295
chair 0.0110 300 187 309 194
chair 0.0108 488 183 499 257
chair 0.0108 365 197 374 208
chair 0.0107 390 180 426 208
chair 0.0107 381 162 403 178
chair 0.0105 488 176 498 189
chair 0.0104 335 191 369 213
chair 0.0102 438 178 454 188
chair 0.0097 150 194 163 205
chair 0.0096 428 180 464 204
chair 0.0095 356 184 366 201
chair 0.0094 334 185 343 196
chair 0.0094 327 184 337 194
sofa 0.0030 403 197 502 310
sofa 0.0018 0 206 36 270
sofa 0.0016 8 223 491 371
sofa 0.0012 360 182 400 202
pottedplant 0.6280 53 144 94 201
pottedplant 0.1043 93 149 148 204
pottedplant 0.0912 145 151 183 204
pottedplant 0.0804 23 156 45 187
pottedplant 0.0685 0 165 6 184
pottedplant 0.0504 305 155 340 188
pottedplant 0.0416 68 150 92 198
pottedplant 0.0369 90 154 113 192
pottedplant 0.0365 419 167 436 179
pottedplant 0.0352 40 158 62 189
pottedplant 0.0351 2 177 8 188
pottedplant 0.0338 0 159 23 186
pottedplant 0.0266 32 157 54 189
pottedplant 0.0259 155 166 197 201
pottedplant 0.0224 54 176 68 193
pottedplant 0.0205 22 151 61 180
pottedplant 0.0190 418 160 438 184
pottedplant 0.0179 26 177 39 187
pottedplant 0.0171 5 178 21 188
pottedplant 0.0159 22 167 45 195
pottedplant 0.0145 1 169 23 195
pottedplant 0.0139 16 151 85 200
pottedplant 0.0135 28 152 63 203
pottedplant 0.0135 372 166 384 179
pottedplant 0.0133 303 151 325 180
pottedplant 0.0128 420 158 433 173
pottedplant 0.0116 37 175 51 188
pottedplant 0.0114 2 187 11 198
pottedplant 0.0113 69 178 90 201
pottedplant 0.0109 45 175 59 191
pottedplant 0.0108 107 161 145 231
pottedplant 0.0104 0 164 13 200
pottedplant 0.0102 285 153 349 198
pottedplant 0.0099 92 175 107 192
pottedplant 0.0098 55 167 91 198
pottedplant 0.0094 25 166 39 182
pottedplant 0.0092 87 169 117 196
pottedplant 0.0088 98 153 119 194
pottedplant 0.0088 3 167 20 183
pottedplant 0.0086 51 170 70 195
pottedplant 0.0083 419 176 437 186
pottedplant 0.0082 37 168 69 194
pottedplant 0.0073 18 178 30 188
pottedplant 0.0070 7 188 19 197
pottedplant 0.0068 64 1 433 324
pottedplant 0.0067 299 138 335 189
pottedplant 0.0060 147 176 169 205
pottedplant 0.0059 1 179 21 204
pottedplant 0.0056 14 152 51 205
pottedplant 0.0056 89 160 123 234
pottedplant 0.0053 88 175 100 193
pottedplant 0.0051 53 159 90 229
pottedplant 0.0050 101 176 115 193
pottedplant 0.0047 107 149 177 206
pottedplant 0.0047 457 147 490 214
pottedplant 0.0045 44 154 81 192
pottedplant 0.0044 94 75 162 204
pottedplant 0.0043 306 176 320 189
pottedplant 0.0042 125 147 160 208
pottedplant 0.0042 100 73 159 130
pottedplant 0.0040 22 144 161 223
pottedplant 0.0038 82 150 103 194
pottedplant 0.0038 23 186 43 195
pottedplant 0.0038 349 148 383 182
pottedplant 0.0036 418 168 438 197
pottedplant 0.0035 303 169 323 194
pottedplant 0.0031 439 148 468 215
pottedplant 0.0031 126 170 147 200
pottedplant 0.0031 14 116 165 200
pottedplant 0.0030 125 152 149 195
pottedplant 0.0030 30 162 65 231
pottedplant 0.0029 149 155 173 194
pottedplant 0.0029 317 180 326 190
pottedplant 0.0028 18 187 28 196
pottedplant 0.0027 44 165 57 182
pottedplant 0.0027 39 166 50 183
pottedplant 0.0026 2 196 10 206
pottedplant 0.0026 305 156 322 173
pottedplant 0.0026 89 167 155 222
pottedplant 0.0026 429 165 442 178
pottedplant 0.0025 -1 144 26 210
pottedplant 0.0024 413 151 446 214
pottedplant 0.0023 14 185 50 199
pottedplant 0.0023 38 186 51 194
pottedplant 0.0022 90 122 156 235
pottedplant 0.0022 3 174 44 193
pottedplant 0.0021 411 155 495 202
pottedplant 0.0021 298 175 308 192
pottedplant 0.0020 156 120 196 198
pottedplant 0.0020 100 168 141 198
pottedplant 0.0019 108 149 149 181
pottedplant 0.0019 87 134 125 194
pottedplant 0.0019 45 186 57 195
pottedplant 0.0019 437 150 456 176
pottedplant 0.0018 3 157 42 188
pottedplant 0.0018 5 196 18 205
pottedplant 0.0018 130 166 193 220
pottedplant 0.0018 122 177 142 204
pottedplant 0.0017 16 168 34 196
pottedplant 0.0017 26 156 42 172
diningtable 0.9175 2 254 107 368
diningtable 0.4452 335 202 420 263
diningtable 0.2119 439 318 497 373
diningtable 0.2023 327 187 419 216
diningtable 0.1326 332 201 410 220
diningtable 0.1015 339 302 486 377
diningtable 0.0876 337 193 405 211
diningtable 0.0825 2 195 46 207
diningtable 0.0673 51 204 112 261
diningtable 0.0546 2 196 10 206
diningtable 0.0469 2 187 11 198
diningtable 0.0430 5 196 18 205
diningtable 0.0334 111 198 146 229
diningtable 0.0324 266 184 413 213
diningtable 0.0284 290 190 339 212
diningtable 0.0282 7 188 19 197
diningtable 0.0259 338 182 402 201
diningtable 0.0251 132 197 146 207
diningtable 0.0247 344 198 435 241
diningtable 0.0236 289 187 338 199
diningtable 0.0225 337 180 403 191
diningtable 0.0218 61 199 97 226
diningtable 0.0213 414 215 436 224
diningtable 0.0197 488 176 498 189
diningtable 0.0176 308 194 409 237
diningtable 0.0174 341 206 416 231
diningtable 0.0168 410 185 444 215
diningtable 0.0150 468 188 485 233
diningtable 0.0149 411 300 496 375
diningtable 0.0135 5 178 21 188
diningtable 0.0134 0 220 57 276
diningtable 0.0129 8 223 491 371
diningtable 0.0128 0 199 45 222
diningtable 0.0127 10 233 92 274
diningtable 0.0113 59 194 101 212
diningtable 0.0109 490 183 497 198
diningtable 0.0108 89 195 111 205
diningtable 0.0107 5 249 98 298
diningtable 0.0106 112 193 148 212
diningtable 0.0104 484 182 500 221
diningtable 0.0102 473 180 498 252
diningtable 0.0100 2 177 8 188
diningtable 0.0098 24 301 470 366
diningtable 0.0093 478 177 497 188
diningtable 0.0091 8 205 83 264
diningtable 0.0090 91 188 111 196
diningtable 0.0090 19 196 44 205
diningtable 0.0088 411 180 462 206
diningtable 0.0082 415 212 437 250
diningtable 0.0080 123 197 135 205
diningtable 0.0079 377 203 418 268
diningtable 0.0078 0 185 47 200
diningtable 0.0075 451 179 499 203
diningtable 0.0068 70 194 140 245
diningtable 0.0067 452 187 497 217
diningtable 0.0064 16 193 66 210
diningtable 0.0060 0 206 36 270
diningtable 0.0052 456 176 476 192
diningtable 0.0052 417 186 481 248
diningtable 0.0050 0 195 61 243
diningtable 0.0050 490 188 498 214
diningtable 0.0049 66 198 92 204
diningtable 0.0049 400 208 436 234
diningtable 0.0048 470 185 485 199
diningtable 0.0046 488 161 498 182
diningtable 0.0046 0 204 35 233
diningtable 0.0044 4 187 123 271
diningtable 0.0044 3 216 117 329
diningtable 0.0043 417 206 435 216
diningtable 0.0042 364 189 411 210
diningtable 0.0041 0 201 6 216
diningtable 0.0041 359 213 423 287
diningtable 0.0041 484 162 499 202
diningtable 0.0040 16 195 31 205
diningtable 0.0040 477 173 498 210
diningtable 0.0039 85 191 117 210
diningtable 0.0038 469 171 502 195
diningtable 0.0038 452 182 475 221
diningtable 0.0038 414 197 459 226
diningtable 0.0038 45 228 119 268
diningtable 0.0037 129 198 165 223
diningtable 0.0036 456 183 474 197
diningtable 0.0036 81 36 474 391
diningtable 0.0035 406 176 444 191
diningtable 0.0035 399 196 437 224
diningtable 0.0034 415 191 437 229
diningtable 0.0032 480 184 492 197
diningtable 0.0032 479 165 496 179
diningtable 0.0032 376 207 449 255
diningtable 0.0031 419 176 437 186
diningtable 0.0031 132 203 146 215
diningtable 0.0029 23 186 43 195
diningtable 0.0029 440 179 474 205
diningtable 0.0029 224 305 516 371
diningtable 0.0029 388 179 405 187
diningtable 0.0029 18 187 28 196
diningtable 0.0029 306 186 317 194
diningtable 0.0029 130 194 165 211
diningtable 0.0028 68 201 110 243
diningtable 0.0027 38 194 103 246
