person 0.8422 261 61 339 129
person 0.6925 125 62 195 112
person 0.1456 134 68 179 105
person 0.0956 263 62 305 116
person 0.0638 319 63 356 129
person 0.0532 182 65 205 106
person 0.0385 335 64 369 125
person 0.0208 349 64 369 113
person 0.0171 163 58 203 109
person 0.0166 265 64 355 168
person 0.0155 320 57 339 92
person 0.0104 121 70 159 106
person 0.0093 495 163 499 181
person 0.0090 69 29 479 348
person 0.0087 317 87 350 125
person 0.0043 178 75 214 112
person 0.0035 271 79 311 114
person 0.0033 351 68 363 84
person 0.0031 496 149 499 178
person 0.0031 219 90 358 188
person 0.0031 342 62 362 113
person 0.0029 149 70 172 100
person 0.0025 143 70 214 116
person 0.0024 151 64 362 148
person 0.0024 349 83 368 122
person 0.0022 147 64 185 95
person 0.0021 91 68 169 119
person 0.0019 128 65 171 95
person 0.0018 300 55 344 120
person 0.0017 321 72 341 120
person 0.0017 496 169 499 193
person 0.0017 322 64 335 88
person 0.0016 494 133 498 154
person 0.0016 212 39 370 130
person 0.0016 321 57 357 92
person 0.0015 253 61 316 173
person 0.0015 488 141 500 183
person 0.0014 475 144 499 180
person 0.0014 182 67 227 105
person 0.0013 82 53 197 153
person 0.0011 180 95 199 109
person 0.0010 497 117 499 152
person 0.0010 188 75 201 95
person 0.0010 256 69 293 105
person 0.0010 494 139 498 166
car 0.9899 454 146 502 241
car 0.0639 18 5 429 315
car 0.0026 471 127 500 195
car 0.0019 475 144 499 180
car 0.0011 493 97 498 113
bus 0.0012 455 122 500 245
