person 0.0094 171 296 188 310
person 0.0078 1 315 44 371
person 0.0033 141 275 413 368
person 0.0019 284 286 299 301
person 0.0011 142 383 151 398
car 0.9998 64 273 410 369
car 0.0957 1 315 44 371
car 0.0114 0 292 32 363
car 0.0081 1 322 34 355
car 0.0080 454 376 495 398
car 0.0075 -3 285 125 363
car 0.0063 0 316 23 344
car 0.0046 1 314 11 363
car 0.0027 2 316 89 368
car 0.0025 1 331 5 366
car 0.0021 2 316 6 342
car 0.0018 2 322 21 337
car 0.0017 2 322 6 354
car 0.0016 0 326 25 368
car 0.0013 0 329 9 384
car 0.0011 1 340 3 372
motorbike 0.0061 1 315 44 371
bird 0.0010 1 323 42 367
tvmonitor 0.0319 104 18 392 157
tvmonitor 0.0025 11 38 97 153
