person 0.9993 161 183 187 286
person 0.9990 119 199 145 280
person 0.9913 79 188 102 263
person 0.9875 226 190 251 263
person 0.9839 389 196 428 282
person 0.9823 364 178 382 244
person 0.9785 474 188 498 255
person 0.9693 442 181 466 248
person 0.8944 412 166 438 237
person 0.8520 382 184 400 249
person 0.4571 383 189 411 273
person 0.2518 56 188 64 215
person 0.1017 489 184 499 256
person 0.0929 396 192 406 209
person 0.0917 444 184 456 238
person 0.0861 68 189 438 277
person 0.0795 404 176 433 248
person 0.0689 65 190 74 216
person 0.0639 219 164 231 182
person 0.0621 387 194 405 244
person 0.0456 216 158 234 186
person 0.0373 413 173 429 227
person 0.0347 193 159 203 182
person 0.0338 400 194 410 208
person 0.0319 83 195 99 245
person 0.0307 201 169 212 189
person 0.0272 419 181 435 235
person 0.0226 55 139 238 241
person 0.0221 397 201 404 215
person 0.0186 402 204 411 214
person 0.0172 428 174 439 228
person 0.0168 207 161 226 187
person 0.0166 197 164 214 194
person 0.0158 192 161 206 196
person 0.0155 478 191 498 229
person 0.0155 397 195 416 227
person 0.0149 66 162 354 253
person 0.0149 210 164 221 183
person 0.0144 497 206 499 233
person 0.0132 194 171 204 190
person 0.0131 497 213 500 242
person 0.0127 431 177 441 240
person 0.0125 226 195 243 247
person 0.0108 494 196 498 224
person 0.0101 492 193 498 207
person 0.0096 369 181 384 224
person 0.0093 220 156 232 172
person 0.0088 180 177 469 251
person 0.0085 414 179 425 202
person 0.0076 392 189 407 215
person 0.0071 372 185 387 247
person 0.0067 241 158 252 173
person 0.0066 238 194 251 247
person 0.0065 23 167 483 309
person 0.0064 493 207 500 269
person 0.0063 229 163 239 179
person 0.0062 409 204 427 234
person 0.0061 223 203 236 254
person 0.0061 389 226 405 272
person 0.0060 384 191 395 208
person 0.0060 396 188 403 200
person 0.0057 52 189 58 211
person 0.0056 58 195 66 217
person 0.0055 382 187 399 216
person 0.0053 446 185 462 219
person 0.0052 398 208 419 248
person 0.0051 78 198 90 258
person 0.0049 311 186 328 194
person 0.0048 80 202 88 218
person 0.0048 84 170 92 185
person 0.0047 82 185 99 218
person 0.0043 413 203 423 217
person 0.0043 246 162 256 174
person 0.0042 495 184 498 202
person 0.0041 247 207 265 246
person 0.0040 385 188 395 199
person 0.0038 497 222 500 255
person 0.0036 0 193 3 209
person 0.0033 225 215 240 258
person 0.0033 412 167 428 201
person 0.0029 489 179 498 224
person 0.0027 160 206 173 269
person 0.0025 384 152 439 277
person 0.0025 218 151 235 179
person 0.0025 416 175 423 191
person 0.0024 459 187 489 249
person 0.0023 362 171 515 244
person 0.0022 416 166 436 201
person 0.0022 156 206 164 236
person 0.0021 136 178 193 290
person 0.0021 81 130 328 229
person 0.0021 432 182 438 202
person 0.0021 446 211 463 245
person 0.0019 201 165 231 193
person 0.0019 470 214 478 224
person 0.0019 433 189 437 211
person 0.0018 229 157 239 172
person 0.0018 474 202 481 219
person 0.0018 158 202 173 237
person 0.0017 0 197 2 219
car 0.9233 305 184 353 213
car 0.0685 247 202 267 237
car 0.0178 311 186 328 194
car 0.0094 305 183 343 203
car 0.0049 281 177 357 216
car 0.0043 307 187 322 196
car 0.0037 59 136 267 244
car 0.0030 0 193 3 209
car 0.0026 301 182 409 215
car 0.0026 198 192 279 241
car 0.0015 225 185 252 261
car 0.0015 249 203 261 217
car 0.0012 344 201 352 217
car 0.0011 257 170 312 217
car 0.0010 248 210 261 229
aeroplane 0.0081 411 73 421 79
aeroplane 0.0026 59 136 267 244
bus 0.9905 53 123 270 242
bus 0.0027 257 170 312 217
bus 0.0018 77 165 168 229
bus 0.0015 306 181 353 206
boat 0.0013 49 115 276 247
boat 0.0011 399 138 432 216
bird 0.0178 411 73 421 79
bottle 0.0024 395 215 403 223
chair 0.0245 429 214 445 244
chair 0.0098 432 219 443 238
chair 0.0090 389 210 429 280
chair 0.0049 419 211 437 245
chair 0.0045 434 213 442 227
chair 0.0029 422 221 434 235
chair 0.0023 424 211 432 228
chair 0.0020 413 211 424 229
chair 0.0019 478 199 498 253
chair 0.0018 497 222 500 255
chair 0.0017 497 213 500 242
chair 0.0017 411 220 424 233
chair 0.0016 431 227 443 244
chair 0.0013 409 217 447 240
chair 0.0013 396 223 404 233
chair 0.0010 444 181 457 253
