person 0.0176 12 -4 434 370
person 0.0067 1 12 116 149
person 0.0041 -2 17 116 271
person 0.0025 0 0 96 40
bicycle 0.0017 -2 18 118 359
motorbike 0.0013 63 62 488 385
cat 0.9873 41 -8 466 373
bottle 0.0027 477 240 500 380
chair 0.0646 477 240 500 380
chair 0.0402 47 49 461 389
chair 0.0136 0 138 108 375
chair 0.0122 18 -16 484 239
chair 0.0077 -2 17 116 271
chair 0.0057 2 252 83 375
chair 0.0028 472 179 500 405
chair 0.0022 1 113 65 319
chair 0.0021 1 12 116 149
chair 0.0020 449 53 499 376
chair 0.0019 474 11 499 381
chair 0.0018 1 7 177 368
chair 0.0017 396 0 500 380
chair 0.0013 485 152 499 358
chair 0.0012 -2 128 118 249
sofa 0.1412 47 49 461 389
sofa 0.0091 18 -16 484 239
sofa 0.0021 -2 17 116 271
sofa 0.0016 1 12 116 149
sofa 0.0013 477 240 500 380
sofa 0.0010 473 47 499 383
pottedplant 0.0013 66 8 488 315
diningtable 0.0466 47 49 461 389
diningtable 0.0375 -3 10 96 189
diningtable 0.0096 18 -16 484 239
diningtable 0.0023 -2 18 118 359
