person 0.0215 69 112 215 357
person 0.0105 142 1 222 94
person 0.0029 153 110 283 241
person 0.0017 359 120 499 346
person 0.0013 36 -3 229 95
bird 0.0907 69 112 215 357
bird 0.0456 153 110 283 241
bird 0.0128 0 213 22 264
bird 0.0052 359 120 499 346
bird 0.0017 0 197 23 309
bird 0.0010 495 162 500 187
cat 0.0158 345 156 494 367
cat 0.0092 68 143 214 365
cat 0.0029 153 110 283 241
dog 0.2359 68 143 214 365
dog 0.0812 345 156 494 367
dog 0.0385 153 110 283 241
dog 0.0067 87 111 324 355
dog 0.0020 208 283 350 375
dog 0.0012 495 162 500 187
horse 0.0888 359 120 499 346
horse 0.0089 309 109 388 232
horse 0.0085 69 112 215 357
horse 0.0053 178 96 273 250
horse 0.0040 350 165 486 293
sheep 0.9720 305 110 383 219
sheep 0.9180 364 176 495 342
sheep 0.7223 178 96 273 250
sheep 0.2051 68 143 214 365
sheep 0.1543 188 102 266 140
sheep 0.0938 494 173 499 191
sheep 0.0397 130 120 189 191
sheep 0.0312 495 162 500 187
sheep 0.0250 495 172 499 207
sheep 0.0239 0 196 23 279
sheep 0.0185 491 165 499 217
sheep 0.0178 208 283 350 375
sheep 0.0123 65 78 275 308
sheep 0.0058 492 147 500 200
sheep 0.0054 0 190 20 356
sheep 0.0040 493 157 499 246
sheep 0.0037 93 121 262 238
sheep 0.0029 362 170 497 215
sheep 0.0026 194 100 238 136
sheep 0.0024 71 178 148 363
sheep 0.0020 498 144 499 185
sheep 0.0016 476 175 501 207
sheep 0.0015 443 176 499 371
sheep 0.0013 374 135 491 250
cow 0.0133 364 176 495 342
cow 0.0038 68 143 214 365
cow 0.0017 178 96 273 250
cow 0.0014 0 196 23 279
