person 0.9946 352 158 404 273
person 0.7145 238 165 250 178
person 0.6532 214 165 225 181
person 0.4068 434 149 443 162
person 0.3265 230 167 240 180
person 0.2806 218 166 228 180
person 0.2766 191 168 203 190
person 0.2595 251 161 262 172
person 0.2556 257 159 268 172
person 0.2437 32 187 51 212
person 0.2280 42 185 61 217
person 0.1947 180 162 193 197
person 0.1185 258 164 268 174
person 0.0869 433 154 443 165
person 0.0867 200 165 209 183
person 0.0821 241 162 250 172
person 0.0562 34 187 46 204
person 0.0529 441 155 451 166
person 0.0525 180 165 190 183
person 0.0487 470 169 481 183
person 0.0459 182 167 191 192
person 0.0444 270 162 279 171
person 0.0416 442 151 451 162
person 0.0395 270 166 277 173
person 0.0352 46 189 59 211
person 0.0267 451 174 462 184
person 0.0220 200 173 210 185
person 0.0188 276 162 286 171
person 0.0168 197 160 211 186
person 0.0165 493 163 498 184
person 0.0153 355 161 395 232
person 0.0152 188 176 281 227
person 0.0142 234 163 255 184
person 0.0139 289 159 299 170
person 0.0133 422 152 430 161
person 0.0125 212 173 225 184
person 0.0117 419 158 435 165
person 0.0111 201 158 210 172
person 0.0102 308 156 319 169
person 0.0099 157 163 286 193
person 0.0093 450 171 461 181
person 0.0091 442 174 453 183
person 0.0090 194 161 202 171
person 0.0089 441 169 453 181
person 0.0086 230 174 241 184
person 0.0075 462 170 472 182
person 0.0073 470 156 484 164
person 0.0071 236 154 394 222
person 0.0070 146 166 298 232
person 0.0066 495 170 499 191
person 0.0062 477 166 493 181
person 0.0061 103 175 117 185
person 0.0058 209 163 227 185
person 0.0057 181 160 191 171
person 0.0056 0 183 2 219
person 0.0056 32 190 54 226
person 0.0055 0 169 6 232
person 0.0054 431 168 444 179
person 0.0051 238 175 252 186
person 0.0049 217 174 231 183
person 0.0048 394 148 403 159
person 0.0047 413 158 426 166
person 0.0042 233 162 240 171
person 0.0042 474 137 480 151
person 0.0042 420 166 434 175
person 0.0039 234 164 275 182
person 0.0038 213 164 235 183
person 0.0038 470 150 484 161
person 0.0036 180 168 211 193
person 0.0031 412 165 427 174
person 0.0031 177 164 184 182
person 0.0031 410 151 425 161
person 0.0030 105 169 118 180
person 0.0030 433 175 445 184
person 0.0028 403 158 412 168
person 0.0027 173 161 186 200
person 0.0026 221 162 229 172
person 0.0025 214 164 256 183
person 0.0025 28 182 45 209
person 0.0024 124 165 133 182
person 0.0024 402 149 414 159
person 0.0024 497 169 499 212
person 0.0023 444 152 465 162
person 0.0022 226 163 247 184
person 0.0020 294 159 307 170
person 0.0020 391 160 406 171
person 0.0017 218 188 230 197
person 0.0017 403 166 414 173
person 0.0015 490 153 498 169
person 0.0015 474 149 500 163
person 0.0014 215 162 222 173
person 0.0014 380 164 402 178
person 0.0014 212 189 223 197
person 0.0014 457 156 472 164
person 0.0014 382 161 398 171
person 0.0014 75 180 87 190
person 0.0013 252 155 272 174
person 0.0013 102 161 121 186
person 0.0013 466 163 486 187
person 0.0013 489 148 498 164
car 0.9908 399 164 496 228
car 0.9722 464 160 501 238
car 0.9533 155 184 285 231
car 0.7433 383 162 447 203
car 0.6521 333 171 367 208
car 0.5684 394 162 441 185
car 0.2684 468 147 498 166
car 0.2368 444 154 467 165
car 0.2105 380 164 402 178
car 0.1417 456 152 499 170
car 0.1122 489 148 498 164
car 0.0575 319 156 389 203
car 0.0446 490 153 498 169
car 0.0398 493 163 498 184
car 0.0307 321 154 379 175
car 0.0262 351 164 407 198
car 0.0231 247 163 348 220
car 0.0186 438 153 473 168
car 0.0172 354 163 403 183
car 0.0165 485 147 498 179
car 0.0164 353 165 436 218
car 0.0161 419 158 435 165
car 0.0102 474 158 498 186
car 0.0089 488 151 499 193
car 0.0087 495 170 499 191
car 0.0076 348 171 369 212
car 0.0067 490 159 500 205
car 0.0062 470 156 484 164
car 0.0056 152 164 336 231
car 0.0055 305 164 370 216
car 0.0050 379 164 402 199
car 0.0042 389 172 429 208
car 0.0041 0 177 2 207
car 0.0040 413 158 426 166
car 0.0039 407 157 446 171
car 0.0034 457 156 472 164
car 0.0032 459 161 496 184
car 0.0031 409 163 464 184
car 0.0028 466 164 500 196
car 0.0027 412 165 427 174
car 0.0026 441 155 451 166
car 0.0026 453 170 517 229
car 0.0024 439 150 493 163
car 0.0023 435 155 500 203
car 0.0023 217 171 297 216
car 0.0020 495 138 498 153
car 0.0020 470 150 484 161
car 0.0019 328 160 391 183
car 0.0019 385 156 433 174
car 0.0019 336 171 362 178
car 0.0018 353 174 367 189
car 0.0016 493 155 500 247
car 0.0016 337 170 379 197
car 0.0016 233 172 275 193
car 0.0015 0 169 6 232
car 0.0015 477 166 493 181
car 0.0015 342 175 360 188
car 0.0014 353 169 371 180
car 0.0013 469 131 499 191
car 0.0013 0 167 3 197
car 0.0013 420 166 434 175
car 0.0013 497 169 499 212
car 0.0011 428 150 468 163
car 0.0011 442 151 451 162
car 0.0010 389 148 429 162
car 0.0010 241 154 484 216
car 0.0010 312 146 398 182
car 0.0010 435 139 500 180
car 0.0010 433 154 443 165
car 0.0010 382 161 398 171
motorbike 0.0040 154 179 286 228
bus 0.0015 321 154 379 175
bus 0.0013 247 163 348 220
bus 0.0011 0 167 3 197
boat 0.0010 154 179 286 228
cow 0.0012 188 176 281 227
bottle 0.0013 74 197 85 214
chair 0.0015 34 188 48 210
pottedplant 0.0039 44 211 61 225
pottedplant 0.0018 0 207 23 236
pottedplant 0.0011 194 161 202 171
tvmonitor 0.0032 0 167 3 197
