person 0.0041 383 29 497 183
person 0.0039 156 98 481 372
person 0.0027 388 103 442 146
person 0.0018 436 11 497 188
cat 0.9618 163 116 470 365
dog 0.0392 166 126 430 370
dog 0.0010 22 74 476 378
horse 0.0027 166 126 430 370
bottle 0.0035 388 103 442 146
bottle 0.0021 480 86 498 193
bottle 0.0011 363 3 426 121
chair 0.0565 9 20 335 367
chair 0.0495 6 5 314 149
chair 0.0476 98 91 485 371
chair 0.0047 137 123 377 343
chair 0.0044 377 16 494 137
chair 0.0031 132 56 346 155
chair 0.0021 363 3 426 121
chair 0.0018 253 8 395 125
chair 0.0011 313 2 499 210
sofa 0.0423 98 91 485 371
sofa 0.0240 6 5 314 149
sofa 0.0151 9 20 335 367
sofa 0.0020 137 123 377 343
pottedplant 0.0011 22 74 476 378
diningtable 0.0236 98 91 485 371
diningtable 0.0010 9 20 335 367
tvmonitor 0.0010 108 134 486 366
