person 0.5771 -8 44 457 343
person 0.0061 151 -2 510 318
person 0.0026 60 118 366 327
cat 0.0072 15 5 483 314
cat 0.0070 64 204 347 338
cat 0.0032 151 245 337 349
cat 0.0026 13 172 482 356
dog 0.6692 51 28 508 350
dog 0.1163 29 187 315 344
dog 0.0376 349 140 474 227
dog 0.0199 60 118 366 327
dog 0.0187 -21 161 468 363
dog 0.0185 304 5 500 213
dog 0.0133 235 27 493 116
dog 0.0131 223 35 513 258
dog 0.0050 115 238 324 345
dog 0.0016 372 6 496 139
dog 0.0012 56 182 286 271
dog 0.0011 372 14 503 361
sheep 0.0026 115 238 324 345
bottle 0.0096 410 96 449 149
chair 0.0222 267 -3 473 79
chair 0.0102 55 0 507 318
chair 0.0080 235 27 493 116
chair 0.0026 298 -5 500 163
chair 0.0012 470 -1 498 83
sofa 0.0912 55 0 507 318
sofa 0.0023 13 172 482 356
sofa 0.0020 223 35 513 258
sofa 0.0013 -4 72 362 372
