chair 0.6482 292 3 498 375
chair 0.3143 -2 -6 217 146
chair 0.0174 220 3 251 82
chair 0.0107 -2 44 202 245
chair 0.0092 7 121 174 239
chair 0.0060 -1 104 185 340
chair 0.0024 10 62 194 144
chair 0.0016 52 42 437 354
chair 0.0013 0 76 17 241
chair 0.0013 185 3 254 83
chair 0.0012 3 219 132 369
sofa 0.0031 247 5 505 377
sofa 0.0014 -2 -6 217 146
pottedplant 0.0161 6 79 436 369
diningtable 0.1834 6 79 436 369
diningtable 0.0100 292 3 498 375
diningtable 0.0036 -1 91 191 289
diningtable 0.0019 3 3 211 123
diningtable 0.0013 -2 159 183 370
diningtable 0.0012 108 77 377 309
