person 0.9973 12 205 188 497
person 0.0140 -9 171 282 537
person 0.0011 70 252 259 477
cat 0.0209 201 254 272 314
cat 0.0133 203 254 233 311
cat 0.0047 213 253 248 314
cat 0.0027 177 270 256 316
cat 0.0019 239 263 277 320
cat 0.0013 220 289 260 315
dog 0.0038 201 254 272 314
dog 0.0018 203 254 233 311
bottle 0.0270 210 360 241 423
bottle 0.0059 259 263 280 300
bottle 0.0040 252 261 283 330
bottle 0.0034 207 253 229 297
bottle 0.0034 146 266 175 287
bottle 0.0029 265 292 307 354
bottle 0.0012 214 253 226 272
chair 0.0711 6 300 174 506
chair 0.0443 155 311 245 353
chair 0.0097 8 403 167 491
chair 0.0058 196 334 264 374
chair 0.0049 105 392 229 495
chair 0.0042 7 327 71 494
chair 0.0026 195 447 273 497
chair 0.0023 -1 479 200 498
chair 0.0023 98 430 178 482
chair 0.0022 256 451 329 498
chair 0.0018 122 373 308 492
chair 0.0016 64 492 221 499
chair 0.0015 62 446 176 495
chair 0.0013 108 445 203 495
chair 0.0012 151 445 242 496
chair 0.0010 128 481 301 499
chair 0.0010 -8 491 120 498
sofa 0.0457 155 311 245 353
sofa 0.0038 6 300 174 506
sofa 0.0029 142 288 267 366
pottedplant 0.0044 201 254 272 314
pottedplant 0.0012 213 253 248 314
diningtable 0.8048 119 324 312 495
diningtable 0.0130 136 319 280 414
diningtable 0.0033 136 347 211 394
diningtable 0.0030 142 288 267 366
diningtable 0.0027 105 392 229 495
diningtable 0.0021 193 335 265 363
diningtable 0.0014 110 344 234 469
diningtable 0.0013 27 298 223 501
tvmonitor 0.0018 158 313 262 354
