person 0.9815 199 178 232 260
person 0.8338 180 176 197 223
person 0.4893 191 172 200 190
person 0.4251 191 174 216 253
person 0.2184 154 175 168 191
person 0.1466 189 181 205 222
person 0.1327 184 173 193 187
person 0.1102 176 167 200 236
person 0.1056 161 174 170 189
person 0.0918 210 176 220 187
person 0.0794 185 171 210 235
person 0.0776 184 169 191 180
person 0.0711 191 170 198 181
person 0.0570 196 191 210 247
person 0.0531 197 182 214 224
person 0.0527 170 174 182 225
person 0.0497 187 170 203 196
person 0.0402 201 177 210 190
person 0.0386 200 183 210 197
person 0.0243 204 128 497 344
person 0.0208 183 159 191 170
person 0.0197 150 171 170 193
person 0.0151 309 175 320 193
person 0.0150 180 169 196 200
person 0.0090 309 181 319 198
person 0.0087 227 217 244 243
person 0.0078 174 168 184 181
person 0.0076 179 158 196 187
person 0.0074 260 168 268 180
person 0.0070 212 170 219 180
person 0.0068 174 173 182 189
person 0.0061 143 177 154 191
person 0.0061 192 183 201 197
person 0.0058 163 172 178 211
person 0.0055 205 179 227 207
person 0.0051 196 223 210 249
person 0.0048 157 170 176 195
person 0.0048 146 157 185 188
person 0.0048 259 169 272 214
person 0.0047 164 170 172 182
person 0.0044 402 185 429 252
person 0.0041 138 175 146 192
person 0.0037 220 177 228 189
person 0.0036 191 193 202 212
person 0.0029 241 176 247 191
person 0.0027 261 173 269 188
person 0.0025 183 183 192 201
person 0.0025 141 140 218 255
person 0.0023 214 179 232 224
person 0.0022 204 169 211 181
person 0.0022 306 174 321 206
person 0.0022 169 167 185 201
person 0.0021 192 166 248 268
person 0.0021 176 185 182 199
person 0.0021 219 184 248 251
person 0.0021 153 185 162 192
person 0.0019 196 171 214 197
person 0.0017 201 191 210 211
person 0.0015 241 180 247 198
person 0.0015 207 183 222 198
person 0.0014 268 191 281 228
person 0.0013 232 178 238 187
person 0.0012 169 161 188 187
person 0.0011 241 169 246 178
person 0.0010 175 194 181 208
person 0.0010 342 188 376 251
person 0.0010 140 181 178 251
person 0.0010 264 166 279 220
person 0.0010 165 190 173 196
bus 0.0011 140 119 507 383
train 0.9978 166 131 497 340
train 0.0304 -1 83 182 305
train 0.0291 137 150 194 202
train 0.0231 139 154 178 191
train 0.0051 135 136 197 254
train 0.0018 11 130 165 259
train 0.0010 146 160 184 227
