person 0.5892 348 137 387 166
person 0.5808 178 190 215 238
person 0.2347 170 194 207 229
person 0.2011 271 122 294 163
person 0.1885 303 125 322 162
person 0.1471 280 122 303 163
person 0.1339 187 211 225 243
person 0.1175 75 189 81 197
person 0.1102 310 126 332 163
person 0.0993 206 204 226 237
person 0.0788 152 194 167 207
person 0.0459 185 194 224 226
person 0.0419 344 127 380 161
person 0.0405 194 205 217 237
person 0.0404 360 128 381 158
person 0.0401 207 172 220 194
person 0.0369 72 189 79 197
person 0.0369 149 186 170 213
person 0.0348 160 195 172 208
person 0.0277 319 126 339 162
person 0.0227 368 126 388 160
person 0.0212 153 186 166 195
person 0.0211 185 191 207 213
person 0.0204 288 124 298 143
person 0.0201 294 123 312 163
person 0.0182 208 203 223 217
person 0.0177 308 125 320 142
person 0.0173 210 210 224 228
person 0.0170 189 194 203 208
person 0.0164 205 196 226 225
person 0.0160 340 125 361 163
person 0.0157 284 119 302 150
person 0.0149 308 132 318 151
person 0.0139 219 190 225 206
person 0.0138 149 201 167 213
person 0.0137 141 193 158 206
person 0.0136 204 172 224 204
person 0.0134 219 182 225 200
person 0.0126 304 141 315 162
person 0.0119 71 192 78 202
person 0.0115 277 124 289 143
person 0.0114 405 125 416 145
person 0.0113 160 67 419 263
person 0.0112 365 133 378 152
person 0.0112 364 145 377 156
person 0.0107 371 143 384 159
person 0.0099 146 194 169 225
person 0.0097 75 191 82 201
person 0.0096 322 127 336 142
person 0.0089 211 179 223 196
person 0.0088 315 126 329 142
person 0.0084 323 133 335 148
person 0.0082 316 133 328 149
person 0.0081 161 200 172 213
person 0.0072 199 212 212 226
person 0.0070 290 134 297 148
person 0.0069 200 190 232 242
person 0.0067 137 187 161 212
person 0.0066 260 97 407 236
person 0.0065 137 193 161 225
person 0.0057 371 133 382 152
person 0.0056 424 182 432 194
person 0.0047 28 202 39 215
person 0.0044 354 134 368 152
person 0.0043 402 124 417 161
person 0.0040 446 186 461 197
person 0.0038 200 205 214 216
person 0.0038 211 211 234 244
person 0.0037 21 174 28 190
person 0.0034 357 144 368 158
person 0.0034 154 206 204 233
person 0.0033 158 186 171 197
person 0.0033 157 193 175 226
person 0.0032 188 202 204 215
person 0.0032 23 184 38 219
person 0.0031 205 182 226 218
person 0.0031 298 132 307 152
person 0.0030 141 203 159 214
person 0.0030 268 133 285 166
person 0.0029 210 194 225 206
person 0.0029 340 129 402 175
person 0.0029 296 123 306 143
person 0.0027 136 183 142 198
person 0.0026 203 181 214 195
person 0.0026 332 126 352 162
person 0.0026 377 124 396 162
person 0.0026 315 133 347 168
person 0.0026 198 219 212 235
person 0.0026 300 141 309 162
person 0.0025 168 206 190 234
person 0.0025 184 195 194 206
person 0.0024 20 186 27 194
person 0.0024 270 118 285 152
person 0.0024 270 142 280 162
person 0.0024 432 186 445 197
person 0.0023 461 184 473 195
person 0.0023 269 120 328 166
person 0.0022 300 117 334 167
person 0.0021 209 219 222 236
person 0.0021 468 204 499 264
bicycle 0.0123 187 211 225 243
bicycle 0.0015 206 208 227 244
car 0.3352 439 186 458 196
car 0.1380 432 186 445 197
car 0.0617 480 186 492 196
car 0.0557 490 186 497 196
car 0.0304 468 183 483 196
car 0.0284 423 177 436 188
car 0.0218 430 182 463 199
car 0.0145 460 176 490 199
car 0.0138 461 184 473 195
car 0.0137 424 182 432 194
car 0.0089 493 191 498 205
car 0.0067 465 175 482 190
car 0.0033 480 192 493 203
car 0.0026 446 194 464 201
car 0.0023 424 177 446 200
car 0.0019 0 169 3 190
car 0.0015 441 192 454 200
car 0.0013 466 195 483 203
car 0.0013 457 197 476 203
car 0.0012 492 176 497 189
car 0.0012 261 62 438 268
car 0.0010 422 172 454 194
motorbike 0.0015 187 211 225 243
bus 0.9989 251 67 417 267
bus 0.0125 407 157 424 206
bus 0.0063 403 128 421 227
bus 0.0060 423 177 436 188
bus 0.0013 150 42 420 239
bus 0.0013 462 173 484 195
bus 0.0010 424 171 445 195
train 0.0018 160 67 419 263
boat 0.0012 48 189 91 214
boat 0.0010 38 195 87 221
bird 0.0240 191 236 199 243
bird 0.0063 186 237 194 243
bird 0.0056 71 192 78 202
bird 0.0055 75 189 81 197
bird 0.0055 72 189 79 197
bird 0.0040 211 233 221 243
bird 0.0027 192 241 201 246
bird 0.0025 197 234 213 243
bird 0.0024 47 189 58 193
bird 0.0020 215 232 233 243
bird 0.0012 75 191 82 201
bird 0.0012 54 191 68 194
bird 0.0011 54 196 70 201
bird 0.0010 214 242 221 246
dog 0.0066 187 211 225 243
bottle 0.0025 191 236 199 243
bottle 0.0014 71 192 78 202
bottle 0.0011 186 237 194 243
chair 0.0341 187 211 225 243
chair 0.0293 451 206 496 259
chair 0.0109 462 208 487 248
chair 0.0102 183 197 208 237
chair 0.0099 438 208 460 246
chair 0.0097 206 208 227 244
chair 0.0080 456 206 494 233
chair 0.0066 492 206 498 231
chair 0.0057 488 202 499 255
chair 0.0044 475 207 499 249
chair 0.0037 190 221 205 235
chair 0.0035 457 223 498 251
chair 0.0030 210 210 224 228
chair 0.0029 466 211 484 225
chair 0.0028 176 213 199 239
chair 0.0024 171 196 226 239
chair 0.0024 189 214 205 225
chair 0.0023 181 220 193 234
chair 0.0017 198 219 212 235
chair 0.0015 199 212 212 226
chair 0.0015 152 194 167 207
chair 0.0014 494 217 499 239
chair 0.0014 478 211 493 226
chair 0.0014 242 225 262 249
chair 0.0014 436 206 475 253
chair 0.0012 194 205 217 237
chair 0.0012 209 219 222 236
chair 0.0012 443 205 464 235
chair 0.0011 160 195 172 208
chair 0.0010 188 202 204 215
chair 0.0010 495 222 499 254
pottedplant 0.0196 475 231 501 266
pottedplant 0.0031 477 247 497 264
pottedplant 0.0023 486 226 499 269
pottedplant 0.0018 492 244 498 270
pottedplant 0.0015 471 219 498 280
diningtable 0.0109 441 207 498 256
diningtable 0.0060 442 204 490 218
diningtable 0.0051 445 206 488 233
diningtable 0.0033 461 207 488 214
diningtable 0.0024 456 207 478 213
diningtable 0.0016 457 223 498 251
diningtable 0.0014 143 201 190 220
diningtable 0.0011 466 211 484 225
diningtable 0.0011 494 217 499 239
diningtable 0.0011 437 207 458 215
diningtable 0.0010 149 201 167 213
diningtable 0.0010 152 194 167 207
