person 0.9995 281 146 436 363
person 0.8029 0 133 71 258
person 0.6005 120 123 156 168
person 0.1419 3 132 66 197
person 0.0250 178 58 199 100
person 0.0170 229 62 246 92
person 0.0147 1 161 96 289
person 0.0131 160 55 196 110
person 0.0098 236 65 247 85
person 0.0082 112 119 171 234
person 0.0077 255 59 268 72
person 0.0075 234 65 252 105
person 0.0053 267 82 280 103
person 0.0042 233 62 244 77
person 0.0036 100 126 159 180
person 0.0033 258 68 269 83
person 0.0028 159 58 182 98
person 0.0027 253 60 272 92
person 0.0027 202 123 251 263
person 0.0020 255 56 267 64
person 0.0015 272 160 401 292
person 0.0015 184 61 204 96
person 0.0013 243 72 264 104
person 0.0013 247 57 268 81
person 0.0012 246 77 258 95
person 0.0011 254 69 274 103
person 0.0010 2 165 65 228
bicycle 0.0011 0 188 84 307
bottle 0.0123 173 156 180 171
bottle 0.0018 155 159 162 167
bottle 0.0010 161 158 174 168
chair 0.9972 257 246 372 379
chair 0.9917 27 220 156 374
chair 0.9891 0 179 68 301
chair 0.9749 108 168 175 290
chair 0.0633 109 168 170 227
chair 0.0479 268 231 337 365
chair 0.0419 265 143 417 375
chair 0.0317 1 184 67 245
chair 0.0185 243 153 292 247
chair 0.0126 0 133 71 258
chair 0.0079 274 147 308 163
chair 0.0070 14 244 91 298
chair 0.0054 147 185 176 287
chair 0.0047 278 150 319 206
chair 0.0031 58 174 221 272
chair 0.0027 271 235 295 352
chair 0.0026 226 140 339 241
chair 0.0021 242 145 271 155
chair 0.0020 174 178 215 251
chair 0.0020 0 114 10 157
chair 0.0020 147 241 165 278
chair 0.0019 5 208 88 331
chair 0.0019 0 169 19 308
chair 0.0019 332 243 351 275
chair 0.0017 274 214 312 246
chair 0.0016 272 238 288 279
chair 0.0015 32 183 99 288
chair 0.0015 324 241 391 297
chair 0.0014 153 145 181 167
chair 0.0013 243 144 285 158
chair 0.0013 112 122 152 166
chair 0.0013 0 210 5 328
chair 0.0013 204 130 271 260
chair 0.0012 278 148 304 177
chair 0.0011 301 148 323 156
chair 0.0010 125 217 170 290
chair 0.0010 278 246 354 302
chair 0.0010 107 226 150 286
chair 0.0010 26 195 44 209
chair 0.0010 280 263 355 329
chair 0.0010 73 178 106 257
chair 0.0010 273 136 290 148
chair 0.0010 10 198 78 267
chair 0.0010 0 118 7 148
chair 0.0010 25 190 59 213
sofa 0.0182 243 153 292 247
sofa 0.0067 0 144 70 290
sofa 0.0038 268 151 333 204
sofa 0.0032 271 227 364 370
sofa 0.0031 27 212 156 344
sofa 0.0014 273 147 309 176
sofa 0.0012 193 145 324 247
sofa 0.0010 260 141 336 181
diningtable 0.0029 -2 170 86 303
diningtable 0.0025 107 154 175 200
diningtable 0.0022 109 168 170 227
diningtable 0.0017 360 223 456 319
diningtable 0.0016 45 171 292 266
diningtable 0.0012 108 164 169 181
tvmonitor 0.9327 423 158 465 243
tvmonitor 0.7303 340 127 406 199
tvmonitor 0.6954 366 134 408 209
tvmonitor 0.5861 27 127 73 165
tvmonitor 0.0958 153 145 181 167
tvmonitor 0.0810 112 122 152 166
tvmonitor 0.0506 15 129 80 184
tvmonitor 0.0097 334 127 351 182
tvmonitor 0.0091 108 127 127 160
tvmonitor 0.0075 408 313 454 374
tvmonitor 0.0071 336 130 370 193
tvmonitor 0.0057 22 124 101 170
tvmonitor 0.0020 124 124 167 165
tvmonitor 0.0017 179 123 202 168
tvmonitor 0.0017 170 114 208 172
tvmonitor 0.0015 0 116 8 171
tvmonitor 0.0014 342 129 355 193
tvmonitor 0.0014 150 123 183 148
tvmonitor 0.0012 348 134 448 244
tvmonitor 0.0012 100 126 159 180
