bicycle 0.0012 454 90 491 127
bird 0.0039 454 90 491 127
cat 0.0013 454 90 491 127
bottle 0.0030 487 196 499 249
bottle 0.0014 440 111 455 125
chair 0.9470 215 83 256 146
chair 0.5750 274 117 437 272
chair 0.0132 219 86 238 141
chair 0.0042 291 106 430 201
chair 0.0040 35 120 229 246
chair 0.0036 231 112 330 200
chair 0.0035 0 201 46 270
chair 0.0032 490 150 498 233
chair 0.0026 218 87 291 149
chair 0.0025 36 168 168 256
chair 0.0012 143 157 260 250
chair 0.0011 488 182 499 243
chair 0.0011 0 102 47 292
chair 0.0011 487 140 498 186
chair 0.0011 232 89 252 142
chair 0.0010 321 126 473 251
chair 0.0010 433 165 496 227
sofa 0.9857 21 95 250 260
sofa 0.7779 272 113 444 272
sofa 0.0071 41 165 215 256
sofa 0.0037 291 106 430 201
sofa 0.0024 143 157 260 250
sofa 0.0015 419 100 499 222
sofa 0.0014 424 125 493 195
sofa 0.0012 287 125 516 325
pottedplant 0.9545 245 116 319 175
pottedplant 0.2344 454 90 491 127
pottedplant 0.1157 428 137 502 257
pottedplant 0.0877 453 84 498 152
pottedplant 0.0838 474 113 498 197
pottedplant 0.0598 433 165 496 227
pottedplant 0.0476 425 148 493 211
pottedplant 0.0476 433 90 499 228
pottedplant 0.0254 445 57 501 185
pottedplant 0.0190 440 111 455 125
pottedplant 0.0186 456 100 481 126
pottedplant 0.0154 471 70 498 173
pottedplant 0.0126 431 126 498 189
pottedplant 0.0091 484 119 500 170
pottedplant 0.0057 479 148 500 248
pottedplant 0.0057 241 120 317 221
pottedplant 0.0053 472 36 499 128
pottedplant 0.0041 448 185 495 258
pottedplant 0.0039 377 84 511 303
pottedplant 0.0032 253 134 273 174
pottedplant 0.0028 467 81 501 274
pottedplant 0.0027 487 196 499 249
pottedplant 0.0027 270 116 316 157
pottedplant 0.0023 252 137 295 172
pottedplant 0.0023 204 104 323 194
pottedplant 0.0021 487 140 498 186
pottedplant 0.0021 475 117 498 156
pottedplant 0.0019 245 137 267 167
pottedplant 0.0016 428 157 465 190
pottedplant 0.0013 490 162 498 243
pottedplant 0.0012 265 150 302 176
pottedplant 0.0011 262 135 283 175
pottedplant 0.0011 392 100 492 211
pottedplant 0.0011 476 87 497 126
pottedplant 0.0011 465 10 503 194
pottedplant 0.0010 454 120 499 150
diningtable 0.3984 148 158 255 263
diningtable 0.0425 302 174 507 368
diningtable 0.0077 395 207 501 303
diningtable 0.0053 184 224 314 293
diningtable 0.0050 0 201 46 270
diningtable 0.0028 156 151 246 194
diningtable 0.0013 88 144 251 247
diningtable 0.0012 164 159 211 175
