person 0.9988 245 72 473 314
person 0.9960 149 79 273 301
person 0.9926 -1 -2 282 384
person 0.0080 80 83 266 359
person 0.0067 103 126 157 271
person 0.0039 1 21 135 357
person 0.0026 245 220 259 258
person 0.0023 217 163 508 360
person 0.0015 430 82 461 158
person 0.0012 246 227 256 250
person 0.0012 141 116 184 194
person 0.0011 248 221 257 241
person 0.0010 373 166 497 369
bottle 0.0210 236 158 256 190
bottle 0.0019 236 158 248 171
bottle 0.0016 239 162 251 182
chair 0.7139 210 199 357 322
chair 0.0769 201 253 400 372
chair 0.0259 209 191 266 322
chair 0.0159 225 105 445 332
chair 0.0085 413 157 498 227
chair 0.0049 210 186 244 293
chair 0.0018 151 192 267 319
chair 0.0015 146 80 273 345
chair 0.0014 216 168 300 310
chair 0.0013 357 240 400 306
sofa 0.0149 373 215 499 371
sofa 0.0021 413 157 498 227
sofa 0.0010 243 87 478 342
sofa 0.0010 405 152 498 320
pottedplant 0.3309 141 116 184 194
pottedplant 0.1178 133 86 197 195
pottedplant 0.0224 145 61 276 267
pottedplant 0.0209 111 119 167 274
pottedplant 0.0167 -18 5 298 316
pottedplant 0.0167 131 120 168 192
pottedplant 0.0044 111 90 184 225
pottedplant 0.0042 79 56 266 321
pottedplant 0.0041 0 62 9 148
pottedplant 0.0033 124 135 156 263
pottedplant 0.0027 156 105 200 178
pottedplant 0.0018 0 39 13 162
pottedplant 0.0017 107 67 226 180
pottedplant 0.0011 131 115 193 277
diningtable 0.0154 396 205 497 377
diningtable 0.0120 413 157 498 227
diningtable 0.0036 203 280 403 373
diningtable 0.0021 217 163 508 360
diningtable 0.0019 259 172 281 196
diningtable 0.0016 405 152 498 320
tvmonitor 0.0290 213 277 410 374
tvmonitor 0.0110 191 215 408 366
tvmonitor 0.0015 413 157 498 227
