person 0.9998 134 70 294 504
person 0.9991 53 172 175 485
person 0.0955 6 231 74 299
person 0.0259 45 223 79 295
person 0.0117 23 228 86 367
person 0.0104 31 156 330 488
person 0.0074 4 239 73 435
person 0.0070 15 194 125 475
person 0.0019 55 227 78 266
person 0.0013 -1 285 98 498
person 0.0011 45 241 77 354
bottle 0.0041 124 236 155 323
bottle 0.0010 134 89 296 439
chair 0.2274 3 281 77 479
chair 0.0958 6 239 68 304
chair 0.0165 281 249 371 427
chair 0.0153 9 233 75 366
chair 0.0045 314 421 372 480
chair 0.0038 160 437 228 498
chair 0.0037 35 303 72 368
chair 0.0026 33 232 186 489
chair 0.0014 286 319 370 465
chair 0.0013 7 252 45 296
sofa 0.8896 2 289 79 494
sofa 0.2188 33 232 186 489
sofa 0.0686 6 239 68 304
sofa 0.0313 5 240 76 393
sofa 0.0062 16 297 278 490
sofa 0.0060 3 401 84 498
sofa 0.0048 6 300 74 366
sofa 0.0038 281 249 371 427
sofa 0.0033 -1 281 60 428
sofa 0.0030 1 237 121 326
sofa 0.0024 86 160 290 480
sofa 0.0017 21 286 88 423
sofa 0.0017 15 194 125 475
sofa 0.0011 17 396 198 496
sofa 0.0010 37 304 73 399
pottedplant 0.0016 -1 121 56 164
pottedplant 0.0013 0 121 35 154
pottedplant 0.0013 124 236 155 323
pottedplant 0.0011 333 226 373 298
pottedplant 0.0010 134 89 296 439
diningtable 0.0025 86 160 290 480
diningtable 0.0024 27 257 264 477
tvmonitor 0.0066 284 245 370 355
