person 0.9377 6 23 321 462
person 0.9257 0 235 151 474
person 0.0085 6 173 237 452
person 0.0048 35 116 294 367
person 0.0037 14 253 144 374
person 0.0017 54 467 110 479
person 0.0016 -1 431 83 481
person 0.0015 240 316 321 483
person 0.0011 16 292 300 481
bottle 0.0022 70 456 109 480
bottle 0.0013 61 468 119 479
chair 0.0153 11 60 312 485
chair 0.0107 0 173 158 462
chair 0.0078 240 316 321 483
sofa 0.6413 5 129 317 501
sofa 0.3095 0 173 158 462
sofa 0.0387 3 173 144 305
sofa 0.0032 240 316 321 483
