person 0.9890 179 27 382 317
person 0.8817 -8 -1 253 336
person 0.1031 215 -4 487 332
person 0.0240 1 0 60 74
person 0.0202 275 139 476 328
person 0.0121 0 -10 51 173
person 0.0075 1 -27 26 340
person 0.0069 0 -33 51 347
person 0.0050 0 7 125 325
person 0.0031 1 19 12 295
person 0.0016 1 1 28 82
person 0.0012 1 126 17 301
person 0.0012 0 224 24 318
person 0.0010 1 0 18 161
cat 0.4352 320 144 485 326
dog 0.4655 320 144 485 326
dog 0.0023 165 56 486 328
bottle 0.0013 18 257 165 326
chair 0.1577 22 3 484 336
chair 0.0357 155 57 368 330
chair 0.0233 -1 297 104 332
chair 0.0058 3 -7 265 345
chair 0.0022 0 161 270 329
chair 0.0015 11 255 253 328
chair 0.0012 3 313 100 334
chair 0.0012 449 248 494 331
chair 0.0011 181 7 481 256
sofa 0.9469 22 3 484 336
sofa 0.1365 160 26 366 318
sofa 0.0726 181 7 481 256
sofa 0.0201 3 -7 265 345
sofa 0.0057 314 130 486 312
sofa 0.0030 449 248 494 331
diningtable 0.0014 138 304 265 332
