person 0.6202 100 165 119 200
person 0.3273 352 45 363 68
person 0.1872 257 42 276 66
person 0.1415 370 156 384 167
person 0.1261 107 43 115 69
person 0.0902 347 47 356 67
person 0.0900 95 46 103 67
person 0.0658 307 21 319 32
person 0.0471 113 42 119 70
person 0.0448 303 23 319 68
person 0.0349 91 47 97 67
person 0.0273 478 48 488 70
person 0.0263 102 41 117 70
person 0.0241 343 44 362 70
person 0.0173 265 47 277 64
person 0.0170 473 48 483 69
person 0.0148 63 160 85 189
person 0.0142 93 41 109 70
person 0.0140 339 49 347 66
person 0.0138 108 40 114 61
person 0.0135 330 51 337 67
person 0.0111 364 49 373 67
person 0.0093 97 40 103 60
person 0.0092 78 43 84 67
person 0.0083 0 24 1 71
person 0.0082 334 18 349 27
person 0.0081 474 45 491 71
person 0.0057 442 23 453 31
person 0.0052 495 39 498 75
person 0.0050 265 44 278 55
person 0.0037 257 44 274 56
person 0.0036 305 27 316 48
person 0.0034 0 13 4 81
person 0.0032 452 48 461 60
person 0.0026 68 40 76 56
person 0.0025 230 43 237 56
person 0.0023 311 27 326 68
person 0.0022 472 26 483 36
person 0.0021 84 42 119 70
person 0.0021 109 164 127 200
person 0.0021 152 178 189 201
person 0.0020 82 15 415 68
person 0.0020 313 23 326 31
person 0.0020 76 37 86 72
person 0.0019 96 58 102 70
person 0.0019 454 43 460 55
person 0.0018 108 177 114 188
person 0.0018 89 58 94 70
person 0.0017 111 40 122 71
person 0.0016 492 32 499 80
person 0.0016 296 27 312 66
person 0.0015 354 44 363 57
person 0.0015 339 32 348 45
person 0.0015 442 44 451 53
person 0.0015 89 153 125 204
person 0.0014 305 37 314 59
person 0.0013 335 27 350 68
person 0.0013 18 10 484 154
person 0.0013 86 41 99 71
person 0.0012 236 26 356 67
person 0.0012 441 49 452 59
person 0.0012 195 26 319 63
person 0.0011 497 31 499 68
person 0.0011 109 171 115 179
person 0.0011 258 17 266 29
person 0.0010 472 54 481 73
person 0.0010 193 42 365 68
person 0.0010 366 39 373 56
person 0.0010 170 188 185 200
aeroplane 0.9811 35 139 489 313
aeroplane 0.2564 69 172 436 270
aeroplane 0.0040 43 136 173 222
aeroplane 0.0023 327 135 461 178
aeroplane 0.0015 289 124 455 191
aeroplane 0.0013 20 207 495 372
aeroplane 0.0010 153 119 487 261
boat 0.0057 34 159 488 349
boat 0.0024 69 172 436 270
bird 0.0013 63 160 92 188
bottle 0.0037 82 15 415 68
bottle 0.0028 273 150 278 159
bottle 0.0024 280 150 286 159
bottle 0.0013 261 152 265 161
chair 0.0045 82 15 415 68
chair 0.0038 428 206 500 337
chair 0.0030 257 42 276 66
chair 0.0014 456 159 499 191
pottedplant 0.1054 257 42 276 66
pottedplant 0.0137 257 44 274 56
pottedplant 0.0055 265 44 278 55
pottedplant 0.0052 255 38 288 62
pottedplant 0.0048 334 18 349 27
pottedplant 0.0041 265 47 277 64
pottedplant 0.0017 290 263 356 328
diningtable 0.0754 34 159 488 349
diningtable 0.0011 54 169 496 263
tvmonitor 0.3220 312 134 400 175
tvmonitor 0.0979 62 146 153 204
tvmonitor 0.0265 43 136 173 222
tvmonitor 0.0031 412 34 430 41
tvmonitor 0.0018 396 7 418 16
tvmonitor 0.0014 456 159 499 191
tvmonitor 0.0010 319 145 360 167
tvmonitor 0.0010 89 153 125 204
