person 0.9277 322 138 379 261
person 0.8573 90 141 196 329
person 0.3020 96 57 267 325
person 0.1021 353 201 385 256
person 0.0572 340 179 376 253
person 0.0441 325 155 356 264
person 0.0069 370 207 384 255
person 0.0054 348 201 372 240
person 0.0036 335 140 371 217
person 0.0023 119 46 364 300
person 0.0017 1 140 210 323
person 0.0016 190 261 259 334
person 0.0014 443 42 498 305
person 0.0012 341 144 354 155
person 0.0010 301 151 418 257
motorbike 0.0032 340 179 376 253
dog 0.0022 348 201 372 240
chair 0.0028 370 207 384 255
chair 0.0027 353 201 385 256
chair 0.0013 340 179 376 253
chair 0.0011 347 205 371 249
