person 0.0089 0 168 4 192
person 0.0028 0 174 2 202
person 0.0016 0 192 2 209
person 0.0013 414 177 437 189
car 0.2111 414 177 437 189
car 0.0350 42 73 510 211
car 0.0155 398 177 414 188
car 0.0078 224 191 264 210
car 0.0063 393 178 408 187
car 0.0054 0 168 4 192
car 0.0041 370 180 391 188
car 0.0033 476 173 494 184
car 0.0031 380 110 398 119
car 0.0027 413 183 427 189
car 0.0022 0 162 5 181
car 0.0021 381 179 394 187
car 0.0020 495 170 499 187
car 0.0019 440 175 458 186
car 0.0018 490 109 499 118
car 0.0016 174 79 474 173
car 0.0015 366 183 393 189
car 0.0015 391 112 404 119
car 0.0012 446 175 462 185
car 0.0011 0 192 2 209
car 0.0011 401 174 437 188
car 0.0010 0 174 2 202
motorbike 0.0011 42 73 510 211
aeroplane 0.8979 20 83 488 216
aeroplane 0.0763 174 79 474 173
aeroplane 0.0448 0 125 65 187
aeroplane 0.0246 49 118 389 207
aeroplane 0.0105 178 112 216 137
aeroplane 0.0095 392 87 429 104
aeroplane 0.0083 0 123 31 192
aeroplane 0.0079 0 118 91 161
aeroplane 0.0077 66 92 370 170
aeroplane 0.0071 7 130 193 204
aeroplane 0.0049 0 140 46 163
aeroplane 0.0048 -4 131 54 154
aeroplane 0.0048 0 137 44 204
aeroplane 0.0043 1 117 64 149
aeroplane 0.0041 1 135 11 150
aeroplane 0.0038 168 113 476 204
aeroplane 0.0037 394 90 419 102
aeroplane 0.0031 163 103 279 139
aeroplane 0.0025 481 109 494 119
aeroplane 0.0025 490 109 499 118
aeroplane 0.0024 0 141 92 201
aeroplane 0.0021 492 99 499 110
aeroplane 0.0021 388 90 431 113
aeroplane 0.0020 0 107 46 174
aeroplane 0.0020 0 123 14 160
aeroplane 0.0019 171 118 206 143
aeroplane 0.0017 2 143 6 157
aeroplane 0.0017 26 123 79 145
aeroplane 0.0015 380 110 398 119
aeroplane 0.0014 0 135 11 189
aeroplane 0.0014 7 96 195 170
aeroplane 0.0012 0 132 133 178
aeroplane 0.0012 0 162 5 181
aeroplane 0.0010 0 147 34 174
aeroplane 0.0010 408 90 431 101
aeroplane 0.0010 4 135 18 149
bus 0.0146 414 177 437 189
bus 0.0022 398 177 414 188
bus 0.0020 467 161 498 184
bus 0.0014 372 175 423 188
bus 0.0011 401 174 437 188
bus 0.0011 393 178 408 187
bus 0.0010 434 161 499 185
bus 0.0010 41 82 509 217
train 0.0020 55 109 448 209
boat 0.0024 43 79 466 208
cat 0.0019 42 73 510 211
sheep 0.0016 88 74 490 208
chair 0.0045 125 77 514 223
sofa 0.0089 41 82 509 217
tvmonitor 0.0016 41 82 509 217
