person 0.9608 23 36 341 480
person 0.1828 0 273 32 403
person 0.0047 251 89 362 488
person 0.0026 124 122 306 379
person 0.0024 0 270 32 340
person 0.0018 40 155 251 477
person 0.0017 247 375 377 504
person 0.0014 282 377 371 414
car 0.0082 12 47 352 508
car 0.0017 0 273 32 403
car 0.0011 5 363 361 498
motorbike 0.0092 10 125 358 526
boat 0.0064 10 125 358 526
horse 0.0214 10 125 358 526
bottle 0.9677 89 379 137 488
bottle 0.0026 124 389 149 473
bottle 0.0013 133 411 150 461
chair 0.0257 247 375 377 504
chair 0.0178 10 125 358 526
chair 0.0101 0 273 32 403
chair 0.0011 228 491 309 499
sofa 0.0229 247 375 377 504
sofa 0.0020 10 125 358 526
sofa 0.0011 0 273 32 403
diningtable 0.0100 5 363 361 498
