person 0.9971 295 52 350 174
person 0.9971 269 56 305 158
person 0.4204 1 75 24 167
person 0.0395 492 76 499 94
person 0.0290 0 53 47 183
person 0.0256 0 79 13 153
person 0.0224 0 77 18 236
person 0.0191 88 100 93 106
person 0.0179 12 49 32 65
person 0.0124 117 66 124 75
person 0.0097 1 28 23 136
person 0.0083 457 94 461 97
person 0.0071 0 49 3 65
person 0.0061 461 95 466 98
person 0.0051 494 69 499 88
person 0.0048 0 0 23 393
person 0.0047 126 66 133 74
person 0.0045 0 73 11 120
person 0.0043 223 137 261 165
person 0.0042 154 63 162 73
person 0.0040 1 43 42 115
person 0.0039 474 90 480 95
person 0.0039 314 58 350 149
person 0.0037 135 64 142 73
person 0.0034 1 102 11 183
person 0.0034 0 38 31 240
person 0.0032 480 91 485 95
person 0.0028 393 263 406 277
person 0.0023 121 53 125 57
person 0.0021 110 127 305 201
person 0.0020 140 98 152 113
person 0.0020 2 49 42 83
person 0.0019 5 49 61 69
person 0.0019 0 39 2 59
person 0.0017 296 74 311 119
person 0.0017 4 51 27 64
person 0.0017 491 56 500 99
person 0.0016 146 141 294 179
person 0.0016 1 104 20 161
person 0.0016 144 63 152 72
person 0.0015 0 81 5 111
person 0.0015 0 48 2 85
person 0.0013 298 75 306 83
person 0.0013 -3 87 56 156
person 0.0012 0 38 7 97
person 0.0012 -1 23 52 331
person 0.0012 0 74 3 98
person 0.0011 300 96 308 120
person 0.0011 164 107 176 119
person 0.0011 1 90 5 119
person 0.0011 0 39 10 352
person 0.0011 9 54 208 133
person 0.0010 0 45 91 78
person 0.0010 205 143 309 185
bicycle 0.0011 276 211 344 262
car 0.0014 492 76 499 94
aeroplane 0.9803 6 40 215 120
aeroplane 0.1939 105 138 308 209
aeroplane 0.0032 0 45 91 78
aeroplane 0.0021 1 23 212 185
aeroplane 0.0012 -5 95 279 356
boat 0.1268 276 211 344 262
boat 0.0520 381 261 457 315
boat 0.0036 105 138 308 209
boat 0.0034 146 141 294 179
boat 0.0033 204 157 311 188
boat 0.0025 135 156 306 194
boat 0.0015 6 40 215 120
boat 0.0012 335 226 471 302
bird 0.0061 276 211 344 262
chair 0.0025 381 261 457 315
