person 0.9847 232 195 293 320
person 0.9618 -6 -4 262 372
person 0.9310 66 61 508 378
person 0.8065 271 202 336 266
person 0.5113 262 198 338 310
person 0.1324 289 190 335 253
person 0.0411 240 206 262 238
person 0.0408 238 228 278 312
person 0.0314 297 189 322 218
person 0.0274 229 229 257 310
person 0.0267 290 72 499 360
person 0.0257 227 209 260 273
person 0.0200 238 204 282 270
person 0.0178 274 214 321 288
person 0.0161 238 213 258 248
person 0.0122 337 206 356 234
person 0.0111 255 206 294 303
person 0.0110 222 190 349 284
person 0.0096 209 206 270 334
person 0.0076 315 190 347 245
person 0.0066 7 89 183 352
person 0.0064 300 191 339 232
person 0.0041 84 205 155 272
person 0.0035 285 191 324 227
person 0.0032 338 221 356 234
person 0.0032 82 190 159 356
person 0.0028 202 204 322 318
person 0.0026 279 218 325 258
person 0.0023 109 259 227 362
person 0.0018 318 202 341 238
person 0.0017 172 113 400 342
person 0.0017 200 274 245 350
person 0.0016 241 217 253 240
person 0.0014 105 41 306 344
person 0.0014 245 213 260 230
person 0.0013 290 216 336 282
person 0.0012 323 205 357 236
person 0.0011 245 213 394 303
person 0.0010 239 218 314 284
person 0.0010 232 194 294 251
person 0.0010 246 220 258 238
person 0.0010 300 223 340 255
person 0.0010 271 194 295 227
bicycle 0.0020 200 274 245 350
bus 0.0047 141 10 510 393
train 0.0021 141 10 510 393
chair 0.0032 200 274 245 350
chair 0.0016 205 304 226 348
