person 0.9870 39 38 393 462
person 0.1164 1 34 140 153
person 0.0385 183 172 362 490
person 0.0372 69 43 137 156
person 0.0144 23 109 365 321
person 0.0043 230 64 366 446
person 0.0036 -6 220 383 488
person 0.0019 46 20 237 152
person 0.0019 181 0 220 32
person 0.0017 34 174 349 399
person 0.0011 131 7 257 123
person 0.0010 4 134 213 461
bottle 0.0150 87 39 142 159
chair 0.3423 -2 241 214 498
chair 0.1095 4 149 376 499
chair 0.0875 6 153 119 268
chair 0.0143 212 160 370 500
chair 0.0045 -5 453 56 497
chair 0.0015 254 160 331 202
sofa 0.7885 11 90 375 478
sofa 0.3425 4 134 213 461
sofa 0.1395 6 153 119 268
sofa 0.0452 212 160 370 500
sofa 0.0256 29 149 357 353
sofa 0.0094 8 231 280 503
sofa 0.0057 -8 167 389 256
sofa 0.0014 254 160 331 202
diningtable 0.0051 212 160 370 500
diningtable 0.0027 -2 241 214 498
