person 0.9837 222 117 371 378
person 0.9611 132 135 293 374
person 0.0787 51 148 120 219
person 0.0040 52 162 90 218
person 0.0015 56 -2 499 366
person 0.0014 184 116 246 169
person 0.0014 492 127 500 201
person 0.0012 180 94 394 299
motorbike 0.0011 113 135 377 373
bus 0.2602 21 -10 479 316
train 0.7858 39 -10 471 380
train 0.0405 124 112 381 364
bottle 0.0013 309 268 329 295
chair 0.0125 450 220 501 287
chair 0.0099 344 233 407 345
chair 0.0066 70 229 153 362
chair 0.0053 299 354 357 375
chair 0.0042 113 135 377 373
chair 0.0027 443 191 501 324
chair 0.0019 70 279 201 375
chair 0.0019 294 219 375 366
chair 0.0013 -2 221 210 376
chair 0.0011 285 184 343 361
chair 0.0010 245 130 382 373
tvmonitor 0.0018 492 127 500 201
tvmonitor 0.0014 39 -10 471 380
