person 0.9827 307 145 336 207
person 0.8937 283 97 305 149
person 0.8813 384 162 409 233
person 0.8371 312 90 335 108
person 0.3114 354 85 364 104
person 0.1953 350 85 358 105
person 0.0915 363 85 372 102
person 0.0882 371 86 388 101
person 0.0535 398 118 417 169
person 0.0511 419 110 434 142
person 0.0434 487 177 499 222
person 0.0431 323 121 339 134
person 0.0354 390 115 428 172
person 0.0352 431 114 443 152
person 0.0310 319 122 341 148
person 0.0304 333 122 347 135
person 0.0292 208 170 224 180
person 0.0218 389 74 396 99
person 0.0214 481 118 489 131
person 0.0181 461 125 471 143
person 0.0177 278 103 295 146
person 0.0175 385 164 399 225
person 0.0168 380 135 401 165
person 0.0168 433 121 441 146
person 0.0149 229 169 242 180
person 0.0141 351 83 368 105
person 0.0132 471 127 481 140
person 0.0120 432 115 441 134
person 0.0112 494 116 498 133
person 0.0112 493 176 498 206
person 0.0110 403 115 416 133
person 0.0109 494 125 498 142
person 0.0103 423 110 432 123
person 0.0099 418 116 436 170
person 0.0098 457 119 474 147
person 0.0089 479 127 490 141
person 0.0089 311 92 335 133
person 0.0085 470 120 481 131
person 0.0079 475 176 498 210
person 0.0076 237 97 250 113
person 0.0067 488 159 499 208
person 0.0066 431 110 440 122
person 0.0066 422 121 432 143
person 0.0064 446 116 464 148
person 0.0059 491 174 499 192
person 0.0057 154 40 165 55
person 0.0056 493 106 498 124
person 0.0056 226 145 244 158
person 0.0055 495 182 498 221
person 0.0052 470 136 480 146
person 0.0052 489 102 499 146
person 0.0049 477 108 495 143
person 0.0049 388 122 409 165
person 0.0047 400 110 419 139
person 0.0047 411 113 421 134
person 0.0045 412 107 423 125
person 0.0045 217 132 252 159
person 0.0043 396 109 405 123
person 0.0043 481 108 492 122
person 0.0041 407 118 426 170
person 0.0036 349 82 358 97
person 0.0035 270 95 299 152
person 0.0034 410 108 427 140
person 0.0034 309 97 320 108
person 0.0034 466 120 485 146
person 0.0032 146 160 323 225
person 0.0032 289 100 309 133
person 0.0031 270 100 329 145
person 0.0031 440 114 455 150
person 0.0031 462 119 472 130
person 0.0030 443 116 452 133
person 0.0029 312 151 332 178
person 0.0027 304 62 318 76
person 0.0027 451 116 461 132
person 0.0026 451 126 462 144
person 0.0026 320 126 331 141
person 0.0025 382 120 415 188
person 0.0025 289 98 298 112
person 0.0025 319 116 342 137
person 0.0024 365 84 393 103
person 0.0024 472 165 499 225
person 0.0024 449 135 462 147
person 0.0023 224 139 247 162
person 0.0023 442 124 451 144
person 0.0022 403 109 416 125
person 0.0022 469 181 487 207
person 0.0021 345 83 361 107
person 0.0021 380 111 440 239
person 0.0020 319 115 362 135
person 0.0020 301 61 321 90
person 0.0019 461 135 472 147
person 0.0019 492 99 498 113
person 0.0018 341 120 356 135
person 0.0017 280 106 290 124
person 0.0016 381 86 392 101
person 0.0016 219 170 230 180
person 0.0014 477 184 490 200
person 0.0014 325 97 335 106
person 0.0013 451 111 462 122
person 0.0013 395 113 406 134
bicycle 0.0109 263 54 285 80
bicycle 0.0066 354 85 364 104
bicycle 0.0046 475 176 498 210
bicycle 0.0021 350 85 358 105
bicycle 0.0018 380 116 439 172
bicycle 0.0015 266 58 282 77
bicycle 0.0014 469 181 487 207
bicycle 0.0012 351 83 368 105
car 0.9571 150 160 296 210
car 0.2751 298 103 404 162
car 0.0430 291 85 442 156
car 0.0047 395 69 498 172
car 0.0042 313 101 429 144
car 0.0029 219 80 260 153
car 0.0019 73 145 281 219
car 0.0018 271 103 365 143
car 0.0017 397 68 502 106
car 0.0017 486 172 500 214
car 0.0014 473 142 499 218
car 0.0011 380 116 439 172
car 0.0011 290 84 384 120
car 0.0010 147 172 344 258
car 0.0010 475 176 498 210
motorbike 0.0044 380 116 439 172
motorbike 0.0030 473 142 499 218
motorbike 0.0029 475 176 498 210
motorbike 0.0024 156 162 310 207
bus 0.0128 395 69 498 172
bus 0.0052 20 44 297 203
bus 0.0020 296 71 489 160
bus 0.0010 397 68 502 106
train 0.0030 146 160 323 225
train 0.0014 20 44 297 203
boat 0.0282 283 102 397 147
boat 0.0085 156 162 310 207
boat 0.0048 291 85 442 156
boat 0.0010 395 69 498 172
horse 0.0015 380 116 439 172
chair 0.0051 479 127 490 141
chair 0.0046 475 181 499 218
chair 0.0040 494 125 498 142
chair 0.0035 0 -5 118 68
chair 0.0025 471 127 481 140
chair 0.0018 487 177 499 222
chair 0.0017 470 136 480 146
chair 0.0010 493 176 498 206
pottedplant 0.0282 470 120 481 131
pottedplant 0.0171 462 119 472 130
pottedplant 0.0136 457 111 494 138
pottedplant 0.0101 446 110 464 143
pottedplant 0.0084 457 110 476 140
pottedplant 0.0070 371 86 388 101
pottedplant 0.0065 477 108 495 143
pottedplant 0.0062 481 118 489 131
pottedplant 0.0044 494 125 498 142
pottedplant 0.0043 407 105 495 169
pottedplant 0.0042 451 116 461 132
pottedplant 0.0036 439 111 476 140
pottedplant 0.0034 441 109 456 144
pottedplant 0.0034 460 110 473 122
pottedplant 0.0033 489 102 499 146
pottedplant 0.0033 481 108 492 122
pottedplant 0.0032 471 127 481 140
pottedplant 0.0031 494 116 498 133
pottedplant 0.0029 470 136 480 146
pottedplant 0.0027 447 107 484 129
pottedplant 0.0026 466 120 485 146
pottedplant 0.0025 493 106 498 124
pottedplant 0.0021 470 110 481 123
pottedplant 0.0020 443 116 452 133
pottedplant 0.0016 479 127 490 141
pottedplant 0.0015 452 106 493 171
pottedplant 0.0015 451 111 462 122
pottedplant 0.0013 461 125 471 143
pottedplant 0.0012 369 79 390 100
pottedplant 0.0010 436 100 498 148
pottedplant 0.0010 467 104 500 129
diningtable 0.0034 471 127 481 140
diningtable 0.0019 479 127 490 141
diningtable 0.0012 458 121 493 145
