person 0.9997 1 78 279 498
bicycle 0.0015 -3 124 312 515
car 0.0164 -3 124 312 515
motorbike 0.0041 -3 124 312 515
bus 0.0045 -3 124 312 515
bus 0.0012 224 75 337 490
train 0.0075 -3 124 312 515
train 0.0013 224 75 337 490
boat 0.0080 -3 124 312 515
boat 0.0028 221 49 334 464
bird 0.0015 -3 124 312 515
bottle 0.0013 248 401 284 457
chair 0.0067 -1 324 82 500
chair 0.0053 219 450 333 500
chair 0.0052 -8 312 278 497
chair 0.0019 -3 124 312 515
sofa 0.0171 219 450 333 500
sofa 0.0074 -8 312 278 497
sofa 0.0020 -3 124 312 515
sofa 0.0019 210 396 332 501
