person 0.9884 118 162 198 223
person 0.9240 328 104 420 219
person 0.8538 265 124 341 223
person 0.4038 0 160 15 204
person 0.2964 289 93 350 138
person 0.2611 345 105 389 138
person 0.2212 476 157 500 206
person 0.1132 252 130 402 223
person 0.0992 478 111 499 210
person 0.0373 0 180 9 202
person 0.0206 -2 147 19 210
person 0.0178 0 175 21 206
person 0.0166 289 113 333 135
person 0.0135 158 162 196 219
person 0.0125 455 148 498 211
person 0.0124 478 141 499 188
person 0.0084 41 192 57 205
person 0.0074 446 72 500 214
person 0.0068 88 166 171 221
person 0.0066 487 132 498 195
person 0.0060 378 105 491 208
person 0.0058 317 98 396 139
person 0.0049 1 157 5 189
person 0.0048 138 156 215 210
person 0.0048 277 85 350 202
person 0.0045 -1 101 13 220
person 0.0044 1 166 5 201
person 0.0043 36 180 57 206
person 0.0039 333 149 416 207
person 0.0030 0 126 7 202
person 0.0026 1 175 12 224
person 0.0026 66 176 216 255
person 0.0024 309 96 349 118
person 0.0021 491 112 498 198
person 0.0021 86 80 160 128
person 0.0020 231 174 241 194
person 0.0020 15 155 188 221
person 0.0020 59 103 211 203
person 0.0019 113 144 390 218
person 0.0014 266 167 336 219
person 0.0013 -1 153 55 207
person 0.0011 241 64 487 246
person 0.0011 290 122 317 134
person 0.0011 0 144 2 185
person 0.0010 283 124 326 139
person 0.0010 1 187 4 213
person 0.0010 292 84 377 132
car 0.0181 21 48 470 388
car 0.0017 237 134 358 220
car 0.0016 455 148 498 211
car 0.0014 102 157 217 227
bus 0.9166 27 -1 464 364
bus 0.0040 59 72 440 228
train 0.4787 29 15 469 297
train 0.0018 59 72 440 228
boat 0.0020 21 48 470 388
bottle 0.0013 163 200 176 219
chair 0.0867 41 192 57 205
chair 0.0462 190 199 242 221
chair 0.0339 208 214 240 222
chair 0.0155 0 180 9 202
chair 0.0144 0 174 15 207
chair 0.0138 3 179 43 206
chair 0.0052 -1 202 63 221
chair 0.0051 313 117 430 226
chair 0.0048 85 186 103 218
chair 0.0048 106 163 191 222
chair 0.0042 191 214 209 222
chair 0.0040 453 159 499 222
chair 0.0033 10 191 56 209
chair 0.0030 476 157 500 206
chair 0.0025 252 130 402 223
chair 0.0022 0 174 56 218
chair 0.0022 190 197 241 210
chair 0.0022 98 181 140 220
chair 0.0015 333 149 416 207
chair 0.0015 453 189 497 210
chair 0.0013 451 160 485 189
chair 0.0011 1 187 4 213
chair 0.0011 161 198 211 224
diningtable 0.0080 190 197 241 210
diningtable 0.0071 190 199 242 221
diningtable 0.0016 190 215 319 227
