person 0.0016 12 30 159 152
car 0.0075 30 -4 457 41
aeroplane 0.0014 -5 197 294 331
boat 0.0071 382 42 395 47
boat 0.0017 374 43 385 48
boat 0.0016 269 43 277 45
boat 0.0015 383 37 394 42
boat 0.0015 392 42 403 46
boat 0.0014 60 136 306 287
boat 0.0013 298 42 305 45
boat 0.0013 431 43 441 47
boat 0.0012 423 43 435 47
boat 0.0011 310 45 315 48
boat 0.0010 404 43 414 47
cat 0.0012 155 169 187 193
bottle 0.0011 155 169 187 193
chair 0.5307 -5 197 294 331
chair 0.2202 182 164 249 199
chair 0.0659 60 136 306 287
chair 0.0493 61 155 109 229
chair 0.0089 0 211 26 332
chair 0.0079 0 181 57 325
chair 0.0029 6 188 184 314
chair 0.0017 0 182 60 240
chair 0.0012 157 133 248 186
chair 0.0012 60 150 103 188
chair 0.0011 56 183 123 234
sofa 0.7146 -9 184 299 328
sofa 0.4167 60 136 306 287
sofa 0.0256 142 118 434 201
pottedplant 0.8521 404 156 464 223
pottedplant 0.1770 12 30 159 152
pottedplant 0.0680 4 -4 274 170
pottedplant 0.0650 396 95 470 220
pottedplant 0.0192 0 24 184 218
pottedplant 0.0090 410 72 497 209
pottedplant 0.0053 62 86 146 152
pottedplant 0.0045 39 17 222 142
pottedplant 0.0033 182 164 249 199
pottedplant 0.0033 0 42 58 194
pottedplant 0.0017 0 73 18 205
pottedplant 0.0017 378 79 447 198
pottedplant 0.0016 0 61 45 137
pottedplant 0.0016 155 169 187 193
pottedplant 0.0015 423 146 468 213
pottedplant 0.0015 7 105 87 171
pottedplant 0.0015 42 44 125 155
pottedplant 0.0014 60 136 306 287
pottedplant 0.0014 1 40 21 160
pottedplant 0.0014 3 11 133 111
pottedplant 0.0013 -6 -7 365 256
pottedplant 0.0012 57 136 117 188
pottedplant 0.0012 442 140 488 164
pottedplant 0.0011 -1 12 89 152
pottedplant 0.0011 0 -3 54 131
pottedplant 0.0011 0 20 46 101
pottedplant 0.0011 0 6 21 118
pottedplant 0.0011 80 128 118 155
diningtable 0.0541 80 158 315 254
diningtable 0.0015 -1 200 318 329
diningtable 0.0011 147 190 293 237
