person 0.9886 107 160 364 490
person 0.0765 62 49 378 393
person 0.0030 116 183 250 317
dog 0.0018 122 162 374 487
bottle 0.0110 289 0 309 30
bottle 0.0072 232 7 244 23
bottle 0.0070 185 0 199 15
bottle 0.0061 176 0 187 15
bottle 0.0046 308 0 325 31
bottle 0.0044 244 4 257 23
bottle 0.0036 313 1 323 28
bottle 0.0033 267 2 289 26
bottle 0.0033 195 0 208 16
bottle 0.0030 227 3 235 21
bottle 0.0028 299 0 316 31
bottle 0.0023 253 5 267 23
bottle 0.0022 168 0 178 15
bottle 0.0020 319 0 329 27
bottle 0.0019 291 0 304 8
bottle 0.0019 283 1 295 11
bottle 0.0016 242 0 276 25
bottle 0.0016 244 1 258 8
bottle 0.0014 357 112 370 162
bottle 0.0012 249 1 269 8
bottle 0.0012 270 0 287 7
bottle 0.0012 218 0 227 21
bottle 0.0011 229 1 248 23
chair 0.9289 -9 78 330 495
chair 0.6296 83 209 363 500
chair 0.2803 5 318 300 500
chair 0.1470 16 127 283 369
chair 0.0340 292 203 373 315
chair 0.0197 283 229 374 399
chair 0.0189 -4 326 162 504
chair 0.0055 1 75 37 179
chair 0.0054 323 212 374 243
chair 0.0053 -2 2 44 171
chair 0.0040 1 137 20 181
chair 0.0037 255 244 368 495
chair 0.0031 -2 101 26 184
chair 0.0024 8 167 27 183
chair 0.0018 284 288 372 455
chair 0.0015 -1 30 21 144
chair 0.0013 89 351 363 503
chair 0.0013 3 7 41 83
chair 0.0013 0 361 77 496
chair 0.0010 1 126 33 189
sofa 0.4119 57 61 379 450
sofa 0.2604 -7 152 324 496
sofa 0.0829 12 75 290 367
sofa 0.0371 5 318 300 500
sofa 0.0141 117 190 381 518
sofa 0.0140 283 229 374 399
sofa 0.0130 292 203 373 315
sofa 0.0079 -4 326 162 504
sofa 0.0041 326 212 378 243
sofa 0.0011 70 172 306 405
pottedplant 0.0060 351 14 378 77
pottedplant 0.0046 354 42 374 80
diningtable 0.2878 292 203 373 315
diningtable 0.0564 323 212 374 243
diningtable 0.0129 283 229 374 399
diningtable 0.0027 328 214 373 298
diningtable 0.0025 -3 73 42 91
diningtable 0.0015 299 203 370 247
