person 0.9470 4 9 333 498
person 0.0951 300 60 332 186
person 0.0300 10 239 263 496
person 0.0225 297 45 331 130
person 0.0084 150 254 327 483
person 0.0081 8 36 181 458
person 0.0062 36 1 77 26
person 0.0042 290 16 330 161
person 0.0032 19 1 146 31
person 0.0025 183 1 316 56
person 0.0019 22 151 238 421
person 0.0019 167 300 320 422
person 0.0018 288 2 305 10
person 0.0017 52 0 79 5
person 0.0017 290 2 303 20
person 0.0017 63 253 139 296
person 0.0016 65 64 334 359
person 0.0013 2 1 81 45
person 0.0011 28 1 83 11
car 0.4712 155 0 322 87
car 0.0351 40 4 298 57
car 0.0261 150 1 282 50
car 0.0073 70 2 199 46
car 0.0072 226 0 317 58
car 0.0070 133 1 216 48
car 0.0068 291 29 330 110
car 0.0057 35 6 160 42
car 0.0051 118 2 310 27
car 0.0030 -4 4 188 53
car 0.0028 155 1 326 187
car 0.0024 293 0 332 58
car 0.0024 30 4 205 28
car 0.0021 142 2 181 54
car 0.0016 263 0 308 23
car 0.0015 0 21 181 88
car 0.0014 300 60 332 186
car 0.0013 208 0 333 26
car 0.0013 282 0 329 27
car 0.0012 255 13 324 77
car 0.0012 132 0 191 7
car 0.0011 242 1 311 12
car 0.0011 213 1 302 9
motorbike 0.0011 151 0 322 68
bus 0.0012 118 1 308 65
boat 0.0010 151 0 322 68
chair 0.8654 0 115 335 530
chair 0.3670 0 30 178 313
chair 0.1162 20 296 311 498
chair 0.0472 153 309 334 498
chair 0.0225 7 3 325 353
chair 0.0094 44 159 299 421
chair 0.0056 9 442 247 495
chair 0.0049 35 6 160 42
chair 0.0048 299 58 332 152
chair 0.0034 243 353 335 504
chair 0.0024 151 0 322 68
chair 0.0017 59 404 270 495
chair 0.0015 147 190 326 469
chair 0.0012 297 428 334 500
sofa 0.5020 4 44 334 517
sofa 0.1036 0 30 178 313
sofa 0.0271 19 246 312 492
sofa 0.0250 25 48 312 295
sofa 0.0066 44 159 299 421
sofa 0.0025 4 83 178 480
sofa 0.0016 153 309 334 498
diningtable 0.0014 297 45 331 130
diningtable 0.0011 283 56 327 90
diningtable 0.0010 300 60 332 186
diningtable 0.0010 155 0 322 87
