person 0.9900 7 84 266 318
person 0.8559 338 168 448 267
person 0.0505 5 93 123 315
person 0.0326 221 178 265 253
person 0.0272 0 276 10 334
person 0.0157 158 181 171 195
person 0.0139 179 153 211 182
person 0.0114 0 88 62 307
person 0.0110 1 106 14 320
person 0.0101 308 159 497 343
person 0.0095 0 199 15 341
person 0.0081 8 104 46 167
person 0.0067 349 173 402 262
person 0.0047 224 202 241 254
person 0.0046 0 85 27 343
person 0.0040 423 180 444 205
person 0.0039 234 155 277 233
person 0.0034 221 145 287 251
person 0.0034 0 244 9 309
person 0.0032 144 152 259 253
person 0.0027 160 177 175 190
person 0.0026 1 280 6 308
person 0.0026 456 191 475 206
person 0.0026 370 182 451 252
person 0.0025 0 117 9 185
person 0.0025 1 270 21 341
person 0.0020 452 177 476 207
person 0.0019 6 108 81 168
person 0.0019 157 180 174 215
person 0.0018 473 176 499 255
person 0.0016 153 279 177 316
person 0.0015 0 101 18 208
person 0.0015 164 154 246 201
person 0.0014 3 280 44 333
person 0.0014 139 161 157 197
person 0.0014 351 199 438 261
person 0.0014 0 125 6 217
person 0.0014 52 108 90 136
person 0.0013 100 147 309 332
person 0.0013 415 153 490 202
person 0.0012 178 151 197 178
person 0.0012 1 279 3 333
person 0.0012 326 178 355 201
person 0.0012 490 191 499 265
person 0.0011 33 149 232 256
person 0.0011 0 301 5 331
person 0.0011 248 156 283 185
person 0.0010 1 277 21 313
bicycle 0.0019 0 289 9 337
bicycle 0.0015 0 301 5 331
motorbike 0.0018 9 142 269 326
train 0.0050 37 92 285 316
boat 0.0353 315 238 499 332
boat 0.0011 452 246 495 331
bird 0.0010 338 168 448 267
chair 0.0025 315 238 499 332
diningtable 0.0012 315 238 499 332
