person 0.0279 0 135 40 168
person 0.0219 0 132 13 173
person 0.0191 0 115 32 173
person 0.0107 133 114 369 344
person 0.0060 1 141 6 165
person 0.0045 0 152 5 173
person 0.0041 0 129 24 162
person 0.0040 471 17 498 146
person 0.0039 1 133 9 155
person 0.0035 471 82 497 162
person 0.0028 19 144 32 159
person 0.0027 467 105 490 147
person 0.0025 446 5 499 156
person 0.0025 475 151 499 245
person 0.0022 0 134 28 216
person 0.0018 7 146 20 160
person 0.0014 478 89 498 227
person 0.0013 473 113 497 152
person 0.0011 441 69 499 247
person 0.0011 416 -1 481 63
person 0.0011 476 172 498 212
bicycle 0.9717 14 96 383 355
bicycle 0.0090 444 171 498 337
bicycle 0.0053 480 176 499 333
bicycle 0.0032 364 157 499 305
bicycle 0.0015 0 135 40 168
bicycle 0.0014 455 222 495 325
car 0.1678 0 131 34 160
car 0.0366 0 126 14 165
car 0.0353 9 52 395 344
car 0.0234 1 133 9 155
car 0.0160 1 130 11 141
car 0.0159 0 115 32 173
car 0.0089 2 130 22 140
car 0.0046 1 141 6 165
car 0.0044 17 141 33 152
car 0.0040 0 127 32 146
car 0.0027 5 137 22 149
car 0.0014 24 140 37 152
motorbike 0.0435 9 52 395 344
motorbike 0.0028 444 171 498 337
motorbike 0.0026 480 176 499 333
motorbike 0.0026 364 157 499 305
motorbike 0.0015 437 123 499 273
motorbike 0.0013 0 127 32 185
motorbike 0.0010 476 163 499 266
aeroplane 0.0049 0 115 32 173
bus 0.0047 9 52 395 344
train 0.0065 9 52 395 344
boat 0.0357 9 52 395 344
boat 0.0036 0 133 34 170
bird 0.0015 0 127 32 185
bird 0.0011 0 56 12 97
cat 0.0068 116 262 163 325
cat 0.0020 121 288 157 320
cat 0.0016 392 264 463 361
cat 0.0011 116 266 204 326
dog 0.2665 112 264 170 322
dog 0.0151 -1 156 369 345
dog 0.0049 121 288 157 320
dog 0.0025 115 262 160 292
horse 0.0026 0 127 32 185
cow 0.0013 0 127 32 185
chair 0.0207 0 127 32 185
chair 0.0063 0 132 13 173
chair 0.0056 0 134 24 170
chair 0.0040 0 152 5 173
chair 0.0028 225 102 265 130
chair 0.0015 13 116 353 342
chair 0.0015 1 141 6 165
chair 0.0014 158 109 195 144
chair 0.0011 173 117 267 160
chair 0.0011 6 156 20 168
chair 0.0010 178 104 264 146
pottedplant 0.0044 159 49 200 119
pottedplant 0.0025 415 3 495 154
pottedplant 0.0018 0 135 40 168
tvmonitor 0.0011 264 16 331 92
