person 0.7629 95 25 164 115
person 0.1737 457 80 496 169
person 0.1273 438 81 496 209
person 0.0733 473 78 497 199
person 0.0540 468 81 497 135
person 0.0513 101 27 172 173
person 0.0269 46 129 389 215
person 0.0108 63 37 206 144
person 0.0108 35 74 282 236
person 0.0085 431 117 447 162
person 0.0071 142 180 154 190
person 0.0071 31 13 255 194
person 0.0069 440 82 496 138
person 0.0055 182 179 194 187
person 0.0037 401 172 417 185
person 0.0036 493 81 499 175
person 0.0034 313 174 328 184
person 0.0022 477 96 497 140
person 0.0022 191 179 198 188
person 0.0021 426 95 492 155
person 0.0020 306 174 322 184
person 0.0016 442 170 454 181
person 0.0015 400 171 419 205
person 0.0015 130 88 290 196
person 0.0010 496 91 499 129
person 0.0010 497 108 499 148
person 0.0010 496 102 498 137
car 0.0040 26 139 464 224
car 0.0011 50 172 239 197
aeroplane 0.0063 26 139 464 224
aeroplane 0.0035 27 53 462 228
aeroplane 0.0011 35 74 282 236
bus 0.0180 26 139 464 224
bus 0.0047 27 53 462 228
train 0.0159 26 139 464 224
train 0.0055 27 53 462 228
train 0.0038 35 74 282 236
boat 0.0227 27 53 462 228
boat 0.0155 26 139 464 224
boat 0.0021 338 61 365 156
boat 0.0012 31 13 255 194
dog 0.0034 421 107 495 229
horse 0.9963 17 59 277 226
horse 0.9411 434 104 496 230
horse 0.0029 13 126 274 210
horse 0.0019 26 139 464 224
horse 0.0018 458 203 495 225
horse 0.0017 479 91 499 231
horse 0.0015 431 114 502 172
horse 0.0013 454 93 493 187
horse 0.0010 409 175 493 226
horse 0.0010 456 168 494 230
horse 0.0010 414 113 495 280
cow 0.0017 421 107 495 229
