person 0.0041 386 141 398 163
person 0.0025 489 146 499 164
car 0.0014 489 146 499 164
dog 0.0014 435 145 476 174
horse 0.9442 111 18 418 341
horse 0.2222 356 149 378 172
horse 0.0823 381 140 400 167
horse 0.0453 435 145 476 174
horse 0.0324 360 139 398 170
horse 0.0232 389 141 400 163
horse 0.0161 338 132 402 176
horse 0.0071 372 139 391 168
horse 0.0026 430 145 443 155
horse 0.0026 374 142 385 160
horse 0.0024 486 149 499 168
horse 0.0017 122 115 157 168
horse 0.0013 386 147 396 168
horse 0.0012 478 147 499 171
horse 0.0010 348 136 357 142
sheep 0.1062 435 145 476 174
sheep 0.0629 356 149 378 172
sheep 0.0429 486 149 499 168
sheep 0.0112 478 147 499 171
sheep 0.0098 430 145 443 155
sheep 0.0087 386 141 398 163
sheep 0.0017 360 139 398 170
cow 0.5202 435 145 476 174
cow 0.1275 486 149 499 168
cow 0.0834 356 149 378 172
cow 0.0698 478 147 499 171
cow 0.0247 386 141 398 163
cow 0.0225 430 145 443 155
cow 0.0065 360 139 398 170
cow 0.0037 449 145 501 172
cow 0.0029 338 132 402 176
cow 0.0012 496 131 499 155
cow 0.0010 372 139 391 168
cow 0.0010 430 150 501 196
chair 0.0020 355 152 372 170
