person 0.0116 411 214 423 227
person 0.0082 482 210 491 225
person 0.0076 402 215 415 227
person 0.0055 269 219 280 232
person 0.0050 393 215 407 227
person 0.0045 238 220 251 231
person 0.0036 470 206 480 214
person 0.0031 73 217 86 235
person 0.0031 79 65 430 235
person 0.0026 256 219 269 231
person 0.0025 161 220 178 234
person 0.0022 461 211 487 226
person 0.0020 275 218 288 233
person 0.0020 489 210 499 224
person 0.0019 463 207 471 215
person 0.0019 480 207 489 216
person 0.0018 44 220 59 234
person 0.0018 307 218 318 233
person 0.0016 248 219 262 231
person 0.0015 419 215 437 227
person 0.0013 171 216 184 226
person 0.0013 181 217 192 227
person 0.0013 231 222 242 232
person 0.0013 162 215 174 224
person 0.0012 36 220 54 234
person 0.0011 320 219 345 231
person 0.0011 430 216 442 225
person 0.0011 180 221 193 233
person 0.0010 19 225 30 233
person 0.0010 405 220 412 229
person 0.0010 491 205 499 219
car 0.2675 101 217 173 240
car 0.0956 489 210 499 224
car 0.0755 458 211 490 227
car 0.0604 189 221 208 233
car 0.0595 166 221 186 234
car 0.0578 315 218 352 231
car 0.0305 1 227 49 242
car 0.0303 52 220 72 234
car 0.0261 360 222 379 230
car 0.0194 52 217 89 234
car 0.0177 370 221 386 230
car 0.0148 180 221 193 233
car 0.0146 0 47 435 232
car 0.0130 148 218 188 236
car 0.0120 318 215 346 226
car 0.0120 315 221 330 231
car 0.0114 161 220 178 234
car 0.0099 286 218 319 233
car 0.0098 457 213 479 226
car 0.0091 342 221 358 230
car 0.0078 238 220 251 231
car 0.0078 3 217 59 240
car 0.0066 491 205 499 219
car 0.0062 62 219 81 234
car 0.0061 482 210 491 225
car 0.0055 190 217 206 228
car 0.0046 315 216 332 226
car 0.0045 248 219 262 231
car 0.0039 197 219 235 236
car 0.0038 393 215 407 227
car 0.0037 402 215 415 227
car 0.0037 256 219 269 231
car 0.0035 180 217 214 234
car 0.0034 162 215 174 224
car 0.0033 44 220 59 234
car 0.0033 419 215 437 227
car 0.0032 355 223 368 230
car 0.0028 91 221 107 234
car 0.0027 275 218 288 233
car 0.0025 1 232 7 242
car 0.0024 480 207 489 216
car 0.0024 401 212 454 227
car 0.0023 411 214 423 227
car 0.0022 171 216 184 226
car 0.0021 470 206 480 214
car 0.0021 195 218 212 227
car 0.0018 181 217 192 227
car 0.0017 378 213 420 228
car 0.0017 269 219 280 232
car 0.0017 231 222 242 232
car 0.0017 32 217 74 235
car 0.0017 373 218 389 228
car 0.0016 73 217 86 235
car 0.0013 381 215 399 227
car 0.0013 307 218 318 233
car 0.0013 307 216 318 226
car 0.0013 98 225 163 242
car 0.0011 207 223 227 236
car 0.0010 87 220 98 233
car 0.0010 62 216 80 227
car 0.0010 349 213 410 229
motorbike 0.0031 -1 63 440 237
aeroplane 0.9530 20 64 476 235
aeroplane 0.1748 98 214 184 241
aeroplane 0.0253 0 218 53 241
aeroplane 0.0170 2 199 57 242
aeroplane 0.0097 317 216 358 229
aeroplane 0.0085 316 202 430 230
aeroplane 0.0075 -2 160 132 194
aeroplane 0.0053 349 213 410 229
aeroplane 0.0036 2 137 126 214
aeroplane 0.0027 327 212 394 228
aeroplane 0.0021 0 166 102 218
aeroplane 0.0019 489 210 499 224
aeroplane 0.0014 373 204 491 228
aeroplane 0.0013 458 211 490 227
aeroplane 0.0012 491 205 499 219
aeroplane 0.0011 466 201 499 223
aeroplane 0.0010 0 139 103 181
aeroplane 0.0010 -2 210 95 243
bus 0.0096 489 210 499 224
bus 0.0071 315 218 352 231
bus 0.0050 458 211 490 227
bus 0.0034 413 211 461 226
bus 0.0028 378 213 420 228
bus 0.0025 491 205 499 219
bus 0.0015 97 217 166 240
bus 0.0015 1 227 49 242
bus 0.0011 393 215 407 227
boat 0.0019 23 49 469 232
bird 0.0045 91 55 480 225
dog 0.0016 79 65 430 235
horse 0.0013 29 53 405 228
sheep 0.0131 91 55 480 225
cow 0.0012 -1 63 440 237
chair 0.0106 20 64 476 235
sofa 0.0290 20 64 476 235
diningtable 0.0030 -1 63 440 237
tvmonitor 0.0011 20 64 476 235
