person 0.9994 62 13 262 494
person 0.0051 252 328 338 504
car 0.0016 252 328 338 504
train 0.0011 48 2 345 500
cat 0.0016 72 19 260 419
bottle 0.2471 96 215 125 305
bottle 0.0666 152 240 195 320
bottle 0.0168 149 212 183 312
bottle 0.0093 139 193 192 322
bottle 0.0031 52 12 285 433
bottle 0.0019 102 193 134 299
bottle 0.0014 108 239 125 292
bottle 0.0012 104 197 177 317
bottle 0.0010 334 309 341 333
bottle 0.0010 74 201 132 316
bottle 0.0010 101 217 116 295
chair 0.2692 252 328 338 504
chair 0.0095 263 448 337 497
chair 0.0032 106 355 130 437
chair 0.0010 182 379 328 497
sofa 0.0823 252 328 338 504
diningtable 0.0039 252 328 338 504
tvmonitor 0.0011 100 220 129 301
