person 0.0162 392 202 408 235
person 0.0121 398 204 416 235
person 0.0065 394 221 407 235
person 0.0055 394 212 405 232
person 0.0049 399 221 415 235
person 0.0045 267 261 276 271
person 0.0039 403 213 415 232
person 0.0037 472 227 483 238
person 0.0033 182 262 253 331
person 0.0029 493 224 499 239
person 0.0028 383 222 393 236
person 0.0026 423 226 434 236
person 0.0019 235 207 306 268
person 0.0019 257 254 271 268
person 0.0018 267 251 276 272
person 0.0017 115 218 128 231
person 0.0015 469 227 500 238
person 0.0015 287 232 299 246
person 0.0014 494 230 499 245
person 0.0014 390 207 428 235
person 0.0014 259 261 272 270
person 0.0013 51 227 60 235
person 0.0011 254 246 275 270
person 0.0011 365 225 374 236
car 0.0032 470 223 499 241
car 0.0024 304 224 321 234
car 0.0020 493 224 499 239
car 0.0015 115 223 128 231
car 0.0011 6 219 25 227
car 0.0010 153 218 166 230
boat 0.0021 470 223 499 241
dog 0.0024 227 233 238 244
horse 0.9914 229 203 293 268
horse 0.0071 227 233 238 244
horse 0.0045 221 198 296 241
horse 0.0033 115 223 128 231
horse 0.0033 226 205 265 263
horse 0.0025 314 215 391 259
horse 0.0022 239 211 290 249
horse 0.0016 215 200 357 265
horse 0.0012 224 205 264 234
horse 0.0012 51 227 60 235
horse 0.0012 120 223 132 231
horse 0.0010 275 213 291 248
sheep 0.0014 51 227 60 235
cow 0.0193 51 227 60 235
cow 0.0097 54 227 62 236
cow 0.0023 235 207 306 268
cow 0.0018 115 223 128 231
cow 0.0013 227 233 238 244
bottle 0.0012 279 318 287 331
chair 0.0064 199 262 353 332
chair 0.0026 273 243 315 276
chair 0.0016 451 261 498 302
chair 0.0014 493 224 499 239
chair 0.0011 470 223 499 241
diningtable 0.0028 469 227 500 238
