bottle 0.0505 175 48 192 81
bottle 0.0215 238 43 250 78
bottle 0.0070 487 235 498 284
bottle 0.0065 258 53 267 79
bottle 0.0051 357 87 364 101
bottle 0.0050 310 40 326 79
bottle 0.0035 141 49 161 80
bottle 0.0034 364 88 370 101
bottle 0.0033 366 153 379 172
bottle 0.0028 268 43 282 79
bottle 0.0024 493 255 499 280
bottle 0.0023 362 101 376 115
bottle 0.0020 355 98 368 114
bottle 0.0016 226 40 242 78
bottle 0.0015 494 244 499 276
bottle 0.0015 358 83 364 96
bottle 0.0014 130 1 148 30
bottle 0.0013 481 213 499 297
bottle 0.0012 225 7 252 76
bottle 0.0012 252 53 261 78
bottle 0.0010 249 48 264 79
bottle 0.0010 248 4 256 19
bottle 0.0010 354 82 369 115
chair 0.9986 310 105 501 363
chair 0.0078 105 261 172 374
chair 0.0028 165 89 253 180
chair 0.0020 39 79 168 357
sofa 0.0014 347 105 508 354
pottedplant 0.0010 481 213 499 297
diningtable 0.0034 100 70 266 96
diningtable 0.0020 162 158 354 217
tvmonitor 0.9975 246 85 320 160
tvmonitor 0.9862 172 91 245 174
tvmonitor 0.0141 229 92 343 179
tvmonitor 0.0050 128 82 240 187
tvmonitor 0.0046 51 235 170 362
tvmonitor 0.0036 98 256 164 377
tvmonitor 0.0022 178 94 312 185
tvmonitor 0.0019 191 3 221 77
tvmonitor 0.0011 276 89 325 151
