person 0.0017 0 176 8 498
person 0.0015 479 208 500 312
cat 0.0141 105 221 136 242
dog 0.0053 105 221 136 242
bottle 0.0027 37 153 102 293
bottle 0.0024 44 152 86 207
chair 0.4211 141 285 388 446
chair 0.0956 39 187 105 329
chair 0.0289 479 208 500 312
chair 0.0075 0 215 8 497
chair 0.0043 0 340 4 476
chair 0.0037 484 217 499 411
chair 0.0035 472 188 500 407
chair 0.0024 0 280 3 460
chair 0.0020 161 282 230 336
chair 0.0019 310 197 374 321
chair 0.0017 39 205 103 274
chair 0.0012 160 298 389 380
chair 0.0011 5 218 21 339
chair 0.0010 0 332 10 490
chair 0.0010 0 181 22 489
sofa 0.6554 141 285 388 446
sofa 0.0037 0 215 8 497
sofa 0.0025 160 298 389 380
sofa 0.0014 479 208 500 312
diningtable 0.0055 479 208 500 312
diningtable 0.0038 174 208 316 303
diningtable 0.0010 0 266 9 482
tvmonitor 0.9630 201 116 294 215
tvmonitor 0.0029 203 64 234 117
