person 0.9948 139 28 344 369
person 0.9946 277 118 402 379
person 0.0892 397 300 417 349
person 0.0827 448 311 469 346
person 0.0126 166 129 413 375
person 0.0119 444 300 482 364
person 0.0093 453 311 474 357
person 0.0060 1 230 145 365
person 0.0041 392 292 429 356
person 0.0035 453 316 466 336
person 0.0025 457 312 469 326
person 0.0014 402 306 413 326
cat 0.0026 -3 339 141 376
cat 0.0017 7 297 157 370
cat 0.0013 397 300 417 349
cat 0.0010 297 66 390 205
dog 0.0054 0 348 138 376
dog 0.0039 397 300 417 349
dog 0.0028 1 230 145 365
dog 0.0023 7 297 157 370
bottle 0.0017 289 112 300 130
chair 0.0371 1 230 145 365
chair 0.0131 392 292 429 356
sofa 0.2256 -22 214 463 373
sofa 0.1642 3 232 159 366
sofa 0.0165 37 292 444 367
sofa 0.0080 100 51 408 381
sofa 0.0033 -3 339 141 376
sofa 0.0031 7 297 157 370
sofa 0.0019 33 248 309 363
pottedplant 0.9612 301 69 397 206
pottedplant 0.3287 291 92 407 383
pottedplant 0.1131 142 42 405 351
pottedplant 0.0016 259 56 416 241
tvmonitor 0.0027 444 300 482 364
