person 0.0032 496 74 499 86
person 0.0026 482 75 486 81
person 0.0024 496 82 499 97
person 0.0020 453 65 461 72
car 0.0021 496 82 499 97
car 0.0019 21 104 26 108
car 0.0018 496 74 499 86
car 0.0016 0 104 5 113
car 0.0014 36 97 48 102
car 0.0014 494 92 498 103
car 0.0012 30 104 35 108
car 0.0012 30 100 37 104
car 0.0010 9 104 17 110
train 0.9826 24 27 493 163
train 0.0611 25 80 421 147
train 0.0334 168 67 488 149
train 0.0112 9 94 17 105
train 0.0036 8 91 59 107
train 0.0023 36 97 48 102
train 0.0020 3 88 21 112
train 0.0016 52 96 56 100
train 0.0015 321 55 487 145
train 0.0012 0 95 5 105
train 0.0012 21 93 85 106
train 0.0010 0 104 5 113
bird 0.0032 24 81 27 84
bird 0.0018 42 81 44 85
bird 0.0016 33 81 35 84
