person 0.9989 -5 61 256 374
person 0.9986 195 92 446 371
person 0.0067 343 93 393 119
bicycle 0.0923 185 300 462 371
bicycle 0.0621 394 303 473 372
bicycle 0.0258 178 145 461 365
bicycle 0.0141 308 305 484 371
bicycle 0.0027 272 260 454 361
bicycle 0.0017 170 264 405 363
bicycle 0.0015 408 338 467 375
bicycle 0.0013 426 310 470 376
bicycle 0.0012 431 301 501 367
car 0.0212 178 145 461 365
car 0.0077 -13 61 339 376
car 0.0066 129 247 185 270
motorbike 0.1790 178 145 461 365
motorbike 0.0443 -13 61 339 376
motorbike 0.0084 185 300 462 371
motorbike 0.0025 394 303 473 372
motorbike 0.0023 170 264 405 363
bus 0.0044 -13 61 339 376
bus 0.0030 144 83 452 377
train 0.0061 -13 61 339 376
train 0.0050 144 83 452 377
boat 0.0206 144 83 452 377
boat 0.0047 -13 61 339 376
horse 0.0020 -13 61 339 376
bottle 0.0021 206 327 245 361
bottle 0.0013 202 280 227 291
bottle 0.0010 196 278 234 292
chair 0.0058 178 145 461 365
chair 0.0058 162 263 320 367
chair 0.0014 160 298 422 372
chair 0.0011 -13 61 339 376
sofa 0.0020 -13 61 339 376
diningtable 0.0012 -5 66 211 372
