person 0.9953 245 287 263 330
person 0.9465 202 290 215 329
person 0.8187 -1 300 17 372
person 0.0523 242 289 252 329
person 0.0348 281 293 289 307
person 0.0299 244 307 250 327
person 0.0147 204 298 211 316
person 0.0136 204 306 212 325
person 0.0108 0 297 5 316
person 0.0060 244 293 249 307
person 0.0058 3 317 18 353
person 0.0058 244 300 249 313
person 0.0047 204 293 213 306
person 0.0042 0 291 11 345
person 0.0036 209 306 217 324
person 0.0032 0 286 7 309
person 0.0023 250 287 257 295
person 0.0023 254 290 266 327
person 0.0022 238 282 269 334
person 0.0022 0 277 10 318
person 0.0020 3 316 7 355
person 0.0020 251 293 260 305
person 0.0019 1 311 5 323
person 0.0016 210 300 217 316
person 0.0015 194 289 205 328
person 0.0014 1 323 3 365
person 0.0013 260 301 264 313
person 0.0013 197 295 203 320
person 0.0012 260 306 265 324
car 0.0018 0 297 5 316
car 0.0015 0 277 10 318
car 0.0011 -1 300 17 372
car 0.0011 0 286 7 309
