person 0.9963 66 102 152 276
person 0.8578 340 162 381 213
person 0.7289 318 164 354 211
person 0.3420 323 164 345 200
person 0.0195 250 129 255 142
person 0.0168 350 166 386 202
person 0.0115 376 141 386 148
person 0.0089 263 128 270 143
person 0.0082 382 141 393 149
person 0.0072 377 144 385 153
person 0.0045 412 145 422 153
person 0.0040 220 138 228 148
person 0.0039 392 141 421 149
person 0.0039 203 127 226 138
person 0.0030 229 129 238 138
person 0.0028 217 128 232 138
person 0.0025 325 174 340 189
person 0.0018 290 140 297 149
person 0.0016 467 144 481 157
person 0.0016 383 144 393 153
person 0.0015 309 165 332 201
person 0.0015 365 170 386 210
person 0.0014 457 144 478 156
person 0.0013 434 146 444 156
person 0.0012 341 139 357 149
person 0.0012 324 167 377 197
person 0.0011 340 172 365 209
person 0.0010 124 126 378 183
person 0.0010 280 126 285 138
bicycle 0.0022 377 144 385 153
bicycle 0.0021 342 144 358 152
bicycle 0.0010 412 145 422 153
car 0.9613 433 142 484 156
car 0.5108 307 133 359 148
car 0.3252 203 127 226 138
car 0.2958 378 141 423 151
car 0.2546 392 141 421 149
car 0.1203 341 139 357 149
car 0.0814 376 141 386 148
car 0.0664 331 136 354 146
car 0.0586 204 126 242 140
car 0.0501 199 128 217 138
car 0.0337 217 128 232 138
car 0.0280 310 136 321 143
car 0.0235 382 141 393 149
car 0.0168 229 129 238 138
car 0.0129 313 136 325 145
car 0.0118 434 146 458 156
car 0.0117 391 145 423 153
car 0.0112 189 125 228 140
car 0.0110 352 141 366 149
car 0.0110 467 144 481 157
car 0.0107 434 146 444 156
car 0.0072 193 128 205 137
car 0.0071 342 144 358 152
car 0.0063 335 133 346 139
car 0.0055 335 138 386 151
car 0.0047 409 143 423 148
car 0.0047 361 142 380 149
car 0.0040 328 136 370 150
car 0.0037 457 144 478 156
car 0.0025 458 141 477 148
car 0.0024 419 144 434 155
car 0.0024 377 144 385 153
car 0.0024 322 138 341 145
car 0.0023 412 145 422 153
car 0.0023 352 144 368 152
car 0.0019 362 146 376 152
car 0.0017 182 138 192 146
car 0.0015 466 142 480 149
car 0.0015 312 132 328 140
car 0.0014 309 133 319 140
car 0.0012 294 142 308 148
car 0.0011 207 125 221 129
car 0.0010 390 143 443 155
bus 0.0044 200 126 235 140
bus 0.0032 307 133 359 148
bus 0.0013 433 140 484 153
bus 0.0013 378 141 423 151
cat 0.0014 173 189 224 280
dog 0.9973 289 191 385 268
dog 0.9936 170 186 227 284
dog 0.0020 340 168 382 211
dog 0.0018 311 168 369 211
dog 0.0012 151 184 272 271
dog 0.0011 343 194 357 206
horse 0.0011 287 190 386 274
bottle 0.0012 335 177 345 185
chair 0.0269 313 170 350 208
chair 0.0107 326 165 382 211
chair 0.0063 310 172 332 206
chair 0.0025 348 165 375 210
chair 0.0014 343 194 357 206
chair 0.0012 339 186 361 211
chair 0.0010 315 183 329 197
chair 0.0010 324 188 377 209
sofa 0.0023 311 168 369 211
sofa 0.0010 340 168 382 211
