person 0.9939 119 2 250 202
person 0.0609 151 15 212 190
person 0.0179 181 27 252 206
person 0.0017 212 134 417 340
person 0.0016 169 34 195 171
cat 0.0509 202 178 420 349
dog 0.9893 193 180 412 347
bottle 0.0138 102 2 124 31
bottle 0.0061 162 10 170 26
bottle 0.0045 104 2 120 18
bottle 0.0023 110 1 124 17
bottle 0.0018 108 13 125 28
bottle 0.0017 106 9 120 27
bottle 0.0017 58 3 99 39
bottle 0.0015 145 4 166 38
bottle 0.0013 138 12 163 42
chair 0.0108 212 134 417 340
chair 0.0012 484 215 500 371
chair 0.0011 64 323 226 375
sofa 0.0051 187 209 445 369
sofa 0.0018 212 134 417 340
diningtable 0.0048 187 209 445 369
diningtable 0.0037 212 134 417 340
diningtable 0.0010 -2 8 183 220
tvmonitor 0.0340 468 5 498 77
tvmonitor 0.0080 458 1 493 59
tvmonitor 0.0010 490 5 498 73
