person 0.0107 260 250 292 310
person 0.0067 267 256 280 271
person 0.0056 263 274 285 309
person 0.0026 262 250 282 277
person 0.0026 276 255 287 269
person 0.0020 263 256 283 291
person 0.0017 264 273 276 291
person 0.0014 268 267 291 301
person 0.0014 265 249 280 264
person 0.0013 276 251 288 264
bird 0.9349 154 274 267 386
bird 0.5886 37 79 291 480
bird 0.0165 150 274 215 327
bird 0.0087 219 251 293 309
bird 0.0085 214 257 233 286
bird 0.0055 157 284 245 347
bird 0.0042 263 274 285 309
bird 0.0029 245 287 281 311
bird 0.0029 314 276 327 291
bird 0.0025 176 276 215 312
bird 0.0024 260 250 292 310
bird 0.0021 267 256 280 271
bird 0.0017 195 276 216 309
bird 0.0015 150 243 274 347
bird 0.0012 252 278 274 310
bird 0.0012 321 275 336 290
bird 0.0011 213 282 258 382
bird 0.0011 254 246 290 268
bird 0.0010 33 88 181 424
bird 0.0010 216 253 254 279
bird 0.0010 150 284 183 322
pottedplant 0.0154 37 79 291 480
