person 0.0028 367 30 427 90
person 0.0012 466 3 499 70
bird 0.0013 188 125 248 182
bird 0.0010 435 124 497 178
cat 0.0524 188 125 248 182
cat 0.0284 183 134 346 282
cat 0.0224 435 124 497 178
cat 0.0019 182 84 251 198
cat 0.0016 166 102 243 169
cat 0.0015 149 102 208 160
cat 0.0014 180 104 220 172
dog 0.9537 182 132 367 288
dog 0.0328 188 125 248 182
dog 0.0097 435 124 497 178
dog 0.0026 182 84 251 198
bottle 0.1801 387 54 410 97
bottle 0.1049 367 40 391 85
bottle 0.0661 367 30 427 90
bottle 0.0523 362 15 391 78
bottle 0.0503 405 41 425 85
bottle 0.0195 300 35 365 79
bottle 0.0192 306 49 350 76
bottle 0.0143 260 82 281 126
bottle 0.0113 379 42 418 104
bottle 0.0063 360 21 380 68
bottle 0.0044 373 38 398 74
bottle 0.0031 369 12 411 81
bottle 0.0022 383 55 401 95
bottle 0.0020 324 57 337 70
bottle 0.0020 350 36 368 72
bottle 0.0020 368 17 386 56
bottle 0.0017 333 49 352 78
bottle 0.0016 340 46 358 82
bottle 0.0013 258 74 276 113
bottle 0.0013 385 21 410 53
bottle 0.0011 334 55 347 71
bottle 0.0010 343 40 361 74
chair 0.0340 147 31 218 96
chair 0.0076 54 62 92 125
chair 0.0060 58 65 83 104
chair 0.0057 142 2 273 105
chair 0.0040 222 3 353 113
chair 0.0024 451 183 499 328
chair 0.0020 261 3 390 101
chair 0.0015 56 52 120 117
chair 0.0014 147 40 216 156
chair 0.0011 132 9 198 75
chair 0.0010 466 3 499 70
chair 0.0010 473 211 499 330
pottedplant 0.0308 335 72 409 129
pottedplant 0.0261 328 144 370 198
pottedplant 0.0123 182 100 207 132
pottedplant 0.0102 100 213 136 250
pottedplant 0.0087 149 94 210 153
pottedplant 0.0065 387 101 412 125
pottedplant 0.0048 260 82 281 126
pottedplant 0.0047 338 66 377 128
pottedplant 0.0019 332 6 475 90
pottedplant 0.0014 369 97 411 130
pottedplant 0.0013 224 69 287 120
pottedplant 0.0013 180 104 220 172
pottedplant 0.0013 299 8 428 98
pottedplant 0.0011 168 95 235 150
pottedplant 0.0010 249 98 282 128
diningtable 0.0017 169 143 359 310
diningtable 0.0015 142 2 273 105
diningtable 0.0014 222 3 353 113
