person 0.6293 62 18 486 268
person 0.5191 311 84 334 107
person 0.2822 240 73 251 94
person 0.1561 398 109 431 161
person 0.1542 91 169 129 207
person 0.1485 304 86 317 104
person 0.1265 169 63 181 84
person 0.1167 336 93 348 109
person 0.0978 170 58 188 87
person 0.0947 279 85 289 101
person 0.0859 347 98 359 111
person 0.0801 247 77 258 95
person 0.0677 175 59 196 87
person 0.0662 211 76 225 91
person 0.0563 270 84 282 100
person 0.0517 363 99 375 112
person 0.0505 181 66 194 85
person 0.0493 299 86 311 104
person 0.0443 353 100 363 112
person 0.0440 323 85 336 105
person 0.0438 405 123 430 158
person 0.0414 396 122 417 156
person 0.0345 305 184 339 217
person 0.0344 218 76 228 92
person 0.0343 421 105 432 122
person 0.0316 257 84 267 99
person 0.0290 96 163 120 199
person 0.0269 249 82 260 98
person 0.0264 334 87 346 106
person 0.0262 110 94 132 137
person 0.0250 240 70 249 85
person 0.0245 302 83 321 106
person 0.0242 373 93 386 112
person 0.0218 284 86 295 102
person 0.0200 198 76 211 89
person 0.0149 244 71 262 97
person 0.0135 257 76 267 95
person 0.0133 277 77 288 95
person 0.0131 270 78 280 94
person 0.0123 396 193 415 219
person 0.0116 183 73 196 88
person 0.0114 296 79 313 105
person 0.0099 191 75 202 88
person 0.0088 319 86 338 114
person 0.0074 494 188 498 209
person 0.0073 274 70 290 100
person 0.0073 355 103 364 115
person 0.0072 408 112 444 161
person 0.0068 334 89 351 114
person 0.0067 497 208 499 267
person 0.0065 391 115 410 155
person 0.0064 190 67 202 86
person 0.0062 186 83 389 174
person 0.0058 492 183 498 199
person 0.0053 208 71 228 93
person 0.0043 130 65 145 81
person 0.0042 267 79 285 103
person 0.0042 304 83 334 152
person 0.0041 109 173 130 207
person 0.0041 316 79 328 93
person 0.0040 355 191 364 211
person 0.0040 248 69 258 84
person 0.0038 217 59 232 92
person 0.0037 198 67 211 86
person 0.0037 236 62 252 92
person 0.0037 338 91 360 114
person 0.0036 394 142 406 154
person 0.0034 232 71 242 93
person 0.0033 298 201 309 215
person 0.0032 437 181 451 218
person 0.0032 380 96 392 112
person 0.0031 374 88 386 103
person 0.0031 320 85 348 154
person 0.0031 402 106 415 118
person 0.0031 418 106 434 138
person 0.0030 118 89 308 174
person 0.0030 227 68 246 95
person 0.0030 421 199 430 217
person 0.0029 299 77 310 94
person 0.0028 101 67 118 82
person 0.0028 416 125 433 158
person 0.0027 361 134 376 152
person 0.0027 135 120 367 207
person 0.0027 414 106 426 120
person 0.0027 488 207 498 266
person 0.0027 378 107 413 160
person 0.0025 255 70 270 97
person 0.0025 355 198 364 216
person 0.0024 394 130 406 154
person 0.0023 361 93 381 114
person 0.0022 279 198 290 214
person 0.0022 171 56 182 78
person 0.0022 418 100 435 126
person 0.0021 116 102 138 138
person 0.0021 497 229 500 265
person 0.0021 348 102 358 116
person 0.0021 360 104 393 160
person 0.0021 496 190 498 226
person 0.0020 219 66 229 87
person 0.0020 216 122 436 202
bicycle 0.0033 497 229 500 265
bicycle 0.0027 488 207 498 266
bicycle 0.0012 497 208 499 267
bicycle 0.0010 477 207 501 255
car 0.9685 12 222 33 267
car 0.9152 475 209 501 264
car 0.1423 488 207 498 266
car 0.0474 478 180 500 218
car 0.0295 478 195 500 243
car 0.0231 497 208 499 267
car 0.0223 497 229 500 265
car 0.0191 486 178 498 240
car 0.0159 491 217 499 273
car 0.0073 496 197 499 241
car 0.0061 496 190 498 226
car 0.0054 494 188 498 209
car 0.0039 0 192 6 206
car 0.0038 479 152 500 244
car 0.0031 4 217 28 264
car 0.0027 13 219 48 260
car 0.0026 485 171 499 211
car 0.0025 19 221 40 271
car 0.0018 492 183 498 199
car 0.0016 463 204 496 264
car 0.0011 494 215 499 296
motorbike 0.0038 488 207 498 266
motorbike 0.0031 497 229 500 265
motorbike 0.0016 475 209 501 264
motorbike 0.0014 497 208 499 267
bus 0.9947 34 3 470 304
bus 0.0198 477 177 500 258
bus 0.0152 478 180 500 218
bus 0.0032 480 115 500 236
bus 0.0031 485 171 499 211
bus 0.0027 100 35 395 242
chair 0.0010 62 18 486 268
diningtable 0.0024 48 12 497 297
