person 0.3344 480 195 499 270
person 0.1184 210 153 223 209
person 0.1147 301 127 323 230
person 0.0709 214 151 222 173
person 0.0617 261 177 272 221
person 0.0612 288 130 312 230
person 0.0573 0 171 4 193
person 0.0289 486 224 499 269
person 0.0279 299 141 310 164
person 0.0206 383 182 415 247
person 0.0184 489 186 500 255
person 0.0166 280 174 290 227
person 0.0150 212 143 223 180
person 0.0146 384 123 414 234
person 0.0105 206 146 231 209
person 0.0104 386 210 412 250
person 0.0093 302 134 325 167
person 0.0089 209 179 224 214
person 0.0075 213 157 221 180
person 0.0066 347 179 373 239
person 0.0059 270 135 293 227
person 0.0058 217 152 228 210
person 0.0051 203 155 216 208
person 0.0048 460 198 493 264
person 0.0033 356 154 387 239
person 0.0033 215 146 222 161
person 0.0032 172 154 178 166
person 0.0030 217 179 229 215
person 0.0030 492 233 499 264
person 0.0029 219 152 227 173
person 0.0027 302 183 318 232
person 0.0027 28 169 34 190
person 0.0026 212 176 220 205
person 0.0024 106 -23 525 360
person 0.0022 0 163 3 183
person 0.0020 213 185 222 212
person 0.0020 477 192 493 246
person 0.0018 262 185 270 213
person 0.0018 485 202 500 338
person 0.0018 241 164 252 217
person 0.0018 19 165 25 174
person 0.0016 483 122 498 272
person 0.0015 0 159 8 203
person 0.0014 248 141 273 220
person 0.0013 493 157 499 244
person 0.0013 284 172 296 229
person 0.0013 387 186 407 232
person 0.0012 265 174 278 226
person 0.0012 11 171 18 192
person 0.0012 495 217 498 259
person 0.0011 451 195 465 261
person 0.0011 441 197 471 262
person 0.0011 20 171 27 192
person 0.0011 350 153 464 253
person 0.0010 0 148 3 249
person 0.0010 216 143 229 181
person 0.0010 298 150 310 229
person 0.0010 353 189 366 244
person 0.0010 171 145 181 200
person 0.0010 248 162 259 220
train 0.9993 42 -19 485 367
bottle 0.0011 299 141 310 164
chair 0.0010 383 201 416 251
