person 0.9993 87 -4 481 325
person 0.4326 382 9 501 328
person 0.0245 379 14 494 164
person 0.0059 404 0 487 120
person 0.0036 380 25 451 88
person 0.0034 -3 -7 265 328
person 0.0033 124 17 377 248
person 0.0017 438 7 497 342
person 0.0017 132 220 194 272
person 0.0013 439 0 499 157
bus 0.0045 1 7 217 311
bottle 0.1183 48 25 296 303
bottle 0.0037 7 6 204 273
bottle 0.0035 180 139 236 187
bottle 0.0034 125 27 380 294
bottle 0.0012 37 64 462 322
chair 0.0142 382 9 501 328
chair 0.0060 222 15 488 315
chair 0.0051 4 8 347 316
sofa 0.0041 37 64 462 322
sofa 0.0036 222 15 488 315
sofa 0.0032 382 9 501 328
diningtable 0.0486 8 69 422 322
diningtable 0.0117 -1 152 199 333
diningtable 0.0055 1 7 217 311
diningtable 0.0029 83 3 484 280
tvmonitor 0.0053 10 6 424 278
tvmonitor 0.0013 1 7 217 311
