person 0.0232 195 224 403 461
person 0.0141 197 401 405 461
person 0.0063 269 193 375 335
car 0.0052 32 89 330 161
bird 0.0032 143 99 300 140
cat 0.9551 156 160 243 269
cat 0.0472 0 105 193 301
cat 0.0145 279 195 385 336
cat 0.0027 143 99 300 140
cat 0.0017 51 106 312 180
cat 0.0010 13 108 184 193
dog 0.9731 269 190 387 339
dog 0.3782 148 156 252 274
dog 0.0285 0 105 193 301
dog 0.0055 196 156 392 381
dog 0.0023 195 224 403 461
dog 0.0011 143 99 300 140
sofa 0.0015 55 96 361 157
pottedplant 0.0017 0 105 193 301
diningtable 0.0018 452 159 499 242
diningtable 0.0012 447 140 497 304
