person 0.9581 214 96 456 375
person 0.8169 77 30 267 361
person 0.6188 52 43 450 345
person 0.2156 216 27 449 259
person 0.0985 96 37 407 205
person 0.0058 207 41 381 182
person 0.0045 450 179 499 370
person 0.0040 442 175 498 288
person 0.0031 34 49 246 255
person 0.0029 324 94 483 365
person 0.0015 406 215 499 377
person 0.0013 89 48 249 168
person 0.0012 83 142 337 373
bottle 0.0063 141 118 163 150
chair 0.4596 19 89 246 358
chair 0.4505 407 89 463 225
chair 0.2004 406 215 499 377
chair 0.1729 438 179 498 249
chair 0.0766 22 152 169 371
chair 0.0578 352 106 466 247
chair 0.0566 450 174 499 336
chair 0.0365 12 138 503 379
chair 0.0150 412 169 502 296
chair 0.0098 435 93 498 264
chair 0.0085 28 125 163 244
chair 0.0084 370 87 497 293
chair 0.0069 401 88 461 153
chair 0.0067 238 63 480 307
chair 0.0044 481 178 498 371
chair 0.0039 58 90 129 150
chair 0.0029 428 94 464 188
chair 0.0024 416 107 455 143
chair 0.0023 324 94 483 365
chair 0.0023 0 24 9 330
chair 0.0021 292 84 444 218
chair 0.0018 156 120 427 350
chair 0.0018 64 30 370 361
chair 0.0017 448 171 501 194
chair 0.0017 228 227 500 366
chair 0.0016 465 194 501 384
chair 0.0016 415 122 488 194
chair 0.0016 60 92 146 230
chair 0.0015 51 97 219 200
chair 0.0015 439 151 499 210
chair 0.0014 493 193 499 287
chair 0.0013 471 184 497 282
chair 0.0013 403 87 452 110
chair 0.0013 0 316 35 374
chair 0.0012 426 138 462 170
chair 0.0011 17 180 84 239
chair 0.0011 377 86 454 203
sofa 0.7545 21 99 491 354
sofa 0.1530 19 89 246 358
sofa 0.1097 406 215 499 377
sofa 0.0581 49 46 461 251
sofa 0.0201 450 179 499 370
sofa 0.0121 213 126 460 373
sofa 0.0115 46 210 504 375
sofa 0.0110 22 152 169 371
sofa 0.0064 58 90 129 150
sofa 0.0054 228 227 500 366
sofa 0.0046 84 30 329 352
sofa 0.0035 51 97 219 200
sofa 0.0030 442 175 498 288
sofa 0.0028 74 66 428 166
sofa 0.0025 377 96 491 362
sofa 0.0025 116 245 449 358
sofa 0.0024 347 90 462 228
sofa 0.0023 28 125 163 244
sofa 0.0022 60 92 146 230
sofa 0.0017 291 308 442 371
diningtable 0.0012 449 185 501 276
