person 0.9744 105 110 395 369
person 0.9658 62 121 258 380
person 0.1756 432 289 437 300
person 0.1017 425 290 430 299
person 0.0255 452 303 458 314
person 0.0188 398 199 406 218
person 0.0183 433 320 439 329
person 0.0116 464 272 468 278
person 0.0108 457 325 462 332
person 0.0097 399 198 405 210
person 0.0078 80 216 85 226
person 0.0077 460 324 465 331
person 0.0071 472 274 476 279
person 0.0068 426 288 430 296
person 0.0067 464 270 467 275
person 0.0064 219 128 419 351
person 0.0061 50 215 57 228
person 0.0047 419 323 423 331
person 0.0033 116 189 123 199
person 0.0030 88 218 94 228
person 0.0028 401 203 407 216
person 0.0027 446 258 450 265
person 0.0027 456 275 459 281
person 0.0024 465 202 470 208
person 0.0021 71 228 89 237
person 0.0019 465 204 471 210
person 0.0019 425 321 431 329
person 0.0018 427 256 431 262
person 0.0016 483 277 486 281
person 0.0015 434 316 439 324
person 0.0015 452 257 456 264
person 0.0013 397 247 400 252
person 0.0013 -13 53 439 339
person 0.0012 475 310 482 321
person 0.0012 470 206 475 211
person 0.0012 445 263 448 268
person 0.0011 433 258 437 263
person 0.0010 75 233 87 242
person 0.0010 400 227 404 232
car 0.0038 0 255 5 284
car 0.0035 0 245 10 292
car 0.0034 71 228 89 237
car 0.0024 0 265 5 289
car 0.0021 0 275 68 347
car 0.0021 -7 259 113 359
car 0.0016 0 248 22 337
car 0.0013 0 263 8 333
car 0.0010 -1 250 23 288
train 0.0030 2 137 124 225
boat 0.0065 428 188 444 192
boat 0.0029 445 191 450 194
boat 0.0018 422 188 434 193
