person 0.8196 125 320 134 342
person 0.7972 199 322 206 344
person 0.6578 186 324 195 346
person 0.1795 239 321 251 365
person 0.1125 242 324 250 337
person 0.1035 122 320 131 340
person 0.0567 204 323 210 341
person 0.0246 234 329 248 371
person 0.0193 118 319 134 345
person 0.0154 238 324 245 338
person 0.0125 138 320 146 338
person 0.0102 90 321 97 336
person 0.0100 241 328 250 351
person 0.0090 241 318 248 331
person 0.0079 148 323 155 335
person 0.0070 81 321 91 336
person 0.0066 70 314 81 332
person 0.0065 127 320 134 331
person 0.0063 79 315 90 332
person 0.0055 194 319 209 345
person 0.0054 215 323 220 337
person 0.0052 236 329 243 351
person 0.0051 121 319 128 331
person 0.0045 109 317 116 330
person 0.0042 139 318 145 330
person 0.0040 148 317 154 331
person 0.0039 109 321 117 338
person 0.0027 67 309 85 337
person 0.0025 62 324 71 336
person 0.0022 74 309 91 336
person 0.0021 68 323 79 335
person 0.0019 238 317 245 331
person 0.0019 125 332 136 344
person 0.0016 205 332 210 343
person 0.0013 265 324 271 337
person 0.0013 235 338 242 364
person 0.0013 234 315 247 352
person 0.0012 301 314 308 367
person 0.0011 241 340 250 364
person 0.0011 237 338 253 376
person 0.0010 4 315 12 331
bicycle 0.9894 -1 351 50 437
bicycle 0.1743 238 328 252 371
bicycle 0.0106 185 325 193 349
bicycle 0.0092 235 338 242 364
bicycle 0.0086 241 340 250 364
bicycle 0.0045 234 338 249 376
bicycle 0.0029 6 351 75 405
bicycle 0.0021 199 330 205 344
bicycle 0.0015 236 346 244 370
bicycle 0.0011 0 342 18 357
bicycle 0.0010 -1 356 39 382
motorbike 0.0026 238 328 252 371
boat 0.0015 19 337 147 418
chair 0.0432 123 358 157 394
chair 0.0018 0 327 32 354
chair 0.0010 -1 337 16 347
pottedplant 0.0016 143 341 154 357
diningtable 0.0070 28 351 130 401
diningtable 0.0033 0 345 70 437
diningtable 0.0022 20 352 98 424
diningtable 0.0015 21 354 108 366
diningtable 0.0011 -1 337 16 347
