bird 0.0140 496 195 499 233
bird 0.0080 497 188 500 227
bird 0.0069 493 185 499 245
bird 0.0038 198 209 207 215
bird 0.0010 297 199 304 205
cat 0.0011 496 195 499 233
dog 0.0051 496 195 499 233
dog 0.0035 493 185 499 245
dog 0.0022 43 106 177 231
dog 0.0021 497 188 500 227
horse 0.9735 44 57 360 224
horse 0.7205 49 102 198 230
horse 0.0070 96 107 319 215
horse 0.0037 151 67 349 188
horse 0.0030 204 162 270 222
horse 0.0023 79 165 162 228
horse 0.0023 493 154 499 240
horse 0.0014 496 195 499 233
horse 0.0013 58 80 213 178
horse 0.0011 68 153 284 219
horse 0.0010 215 103 350 215
horse 0.0010 497 188 500 227
sheep 0.0148 43 106 177 231
sheep 0.0040 496 195 499 233
sheep 0.0027 493 185 499 245
sheep 0.0016 497 188 500 227
cow 0.0608 43 106 177 231
cow 0.0104 496 195 499 233
cow 0.0072 493 185 499 245
cow 0.0028 497 188 500 227
cow 0.0014 28 53 344 226
