person 0.9979 -7 51 293 414
person 0.9880 317 -6 501 413
person 0.0037 266 10 463 250
person 0.0035 32 39 467 378
person 0.0029 369 4 493 244
person 0.0027 342 103 372 199
car 0.0012 -14 50 428 407
bottle 0.9907 168 261 233 402
bottle 0.0307 255 204 297 245
bottle 0.0297 205 199 243 241
bottle 0.0096 150 292 269 396
bottle 0.0052 163 267 200 343
bottle 0.0052 223 203 243 239
bottle 0.0031 256 206 277 242
bottle 0.0015 220 200 302 247
bottle 0.0015 148 277 190 341
bottle 0.0010 290 182 354 237
bottle 0.0010 -14 50 428 407
chair 0.0090 187 241 382 395
chair 0.0049 290 182 354 237
