person 0.0782 0 97 50 375
person 0.0082 134 197 188 228
person 0.0058 472 162 500 316
person 0.0040 0 174 45 259
person 0.0017 473 143 498 246
person 0.0015 149 194 202 224
person 0.0011 1 26 31 332
person 0.0011 2 157 25 274
car 0.0907 244 178 290 206
cat 0.0083 135 193 200 231
dog 0.0283 135 193 200 231
horse 0.0021 135 193 200 231
cow 0.0014 135 193 200 231
bottle 0.1990 207 205 227 240
bottle 0.0062 204 201 246 239
bottle 0.0061 210 203 224 217
bottle 0.0055 214 203 235 240
bottle 0.0025 210 211 223 231
bottle 0.0018 221 221 234 239
bottle 0.0012 245 214 260 227
bottle 0.0012 241 212 252 228
bottle 0.0010 215 202 222 209
chair 0.9968 115 227 205 356
chair 0.7301 292 218 327 265
chair 0.3626 224 278 266 373
chair 0.2726 234 226 321 282
chair 0.1663 231 207 297 263
chair 0.1543 234 250 319 375
chair 0.1098 237 243 325 303
chair 0.0995 244 197 288 229
chair 0.0952 474 176 499 329
chair 0.0811 135 193 200 231
chair 0.0703 232 194 293 241
chair 0.0465 237 226 293 255
chair 0.0449 250 184 294 218
chair 0.0360 93 221 145 241
chair 0.0329 391 224 471 293
chair 0.0235 479 222 498 358
chair 0.0232 0 132 53 377
chair 0.0228 224 220 291 366
chair 0.0213 116 224 181 277
chair 0.0185 125 191 199 322
chair 0.0144 204 201 246 239
chair 0.0107 244 178 290 206
chair 0.0105 78 215 167 252
chair 0.0100 375 247 452 289
chair 0.0094 230 199 296 308
chair 0.0093 284 220 326 245
chair 0.0081 253 199 309 224
chair 0.0080 135 207 184 229
chair 0.0076 121 225 137 236
chair 0.0074 92 198 193 239
chair 0.0072 405 265 446 293
chair 0.0070 234 218 293 242
chair 0.0066 109 225 166 240
chair 0.0052 150 190 202 218
chair 0.0051 375 206 498 314
chair 0.0043 354 239 438 277
chair 0.0043 232 209 277 234
chair 0.0043 80 223 123 242
chair 0.0040 488 266 498 328
chair 0.0038 278 209 312 228
chair 0.0034 423 220 472 247
chair 0.0034 308 223 328 263
chair 0.0034 181 216 221 296
chair 0.0033 228 280 291 355
chair 0.0031 116 216 210 258
chair 0.0028 268 286 395 368
chair 0.0026 286 225 302 233
chair 0.0026 86 223 162 278
chair 0.0025 177 217 399 373
chair 0.0024 115 227 162 248
chair 0.0022 173 230 216 244
chair 0.0022 479 274 499 320
chair 0.0022 112 226 128 235
chair 0.0022 250 295 296 369
chair 0.0021 99 227 124 238
chair 0.0021 264 189 298 213
chair 0.0020 177 214 320 319
chair 0.0018 239 240 308 260
chair 0.0018 426 235 468 301
chair 0.0018 427 266 446 292
chair 0.0017 98 201 258 268
chair 0.0017 290 257 498 366
chair 0.0017 89 216 149 232
chair 0.0016 135 221 182 240
chair 0.0016 109 225 145 286
chair 0.0014 491 234 498 323
chair 0.0014 148 195 252 239
chair 0.0013 183 191 206 217
chair 0.0013 448 188 500 357
chair 0.0013 207 284 244 369
chair 0.0012 138 204 187 272
chair 0.0012 260 203 284 232
chair 0.0011 203 195 279 318
chair 0.0011 136 223 234 283
chair 0.0011 120 220 140 242
chair 0.0011 243 196 264 227
chair 0.0010 164 220 200 288
chair 0.0010 493 272 499 361
chair 0.0010 479 276 498 384
sofa 0.0704 474 176 499 329
sofa 0.0319 391 224 471 293
sofa 0.0194 135 193 200 231
sofa 0.0150 -1 176 54 370
sofa 0.0092 234 226 321 282
sofa 0.0090 375 206 498 314
sofa 0.0050 234 250 319 375
sofa 0.0034 237 243 325 303
sofa 0.0032 448 168 501 341
sofa 0.0031 479 222 498 358
sofa 0.0028 284 219 328 261
sofa 0.0022 92 198 193 239
sofa 0.0021 93 221 145 241
sofa 0.0015 290 257 498 366
sofa 0.0014 98 201 258 268
sofa 0.0013 232 194 293 241
sofa 0.0012 361 247 504 345
sofa 0.0011 412 216 490 261
sofa 0.0011 93 213 202 326
sofa 0.0010 423 224 472 252
pottedplant 0.0136 204 201 246 239
pottedplant 0.0069 217 203 250 225
pottedplant 0.0035 202 193 278 239
pottedplant 0.0023 226 205 265 237
pottedplant 0.0023 232 194 293 241
pottedplant 0.0019 220 192 256 243
pottedplant 0.0013 223 215 243 242
pottedplant 0.0011 474 125 498 234
diningtable 0.8616 232 257 506 372
diningtable 0.1060 127 215 291 320
diningtable 0.0738 156 227 243 285
diningtable 0.0666 145 222 254 253
diningtable 0.0619 119 204 297 267
diningtable 0.0222 113 235 214 352
diningtable 0.0066 284 219 328 261
diningtable 0.0062 93 221 145 241
diningtable 0.0031 109 225 166 240
diningtable 0.0029 161 227 240 350
diningtable 0.0026 149 223 209 238
diningtable 0.0025 278 208 312 215
diningtable 0.0020 173 230 216 244
diningtable 0.0018 223 244 340 353
diningtable 0.0016 268 286 395 368
diningtable 0.0015 180 234 227 310
diningtable 0.0014 166 232 244 246
diningtable 0.0013 361 247 504 345
diningtable 0.0012 281 216 308 225
diningtable 0.0011 148 195 252 239
diningtable 0.0011 278 209 312 228
diningtable 0.0010 286 225 302 233
diningtable 0.0010 476 203 499 342
tvmonitor 0.0068 0 121 7 186
tvmonitor 0.0044 474 176 499 329
tvmonitor 0.0019 248 178 294 206
tvmonitor 0.0010 0 124 2 181
