bicycle 0.0011 5 127 289 342
car 0.0020 2 151 324 373
train 0.0018 5 127 289 342
bottle 0.3608 232 148 246 181
bottle 0.1964 26 194 46 231
bottle 0.0127 236 154 247 176
bottle 0.0104 234 161 248 180
bottle 0.0034 297 172 313 189
bottle 0.0024 12 168 44 232
bottle 0.0023 274 163 285 182
bottle 0.0017 29 202 52 237
bottle 0.0015 298 169 309 181
bottle 0.0014 35 222 57 243
bottle 0.0013 48 197 70 227
bottle 0.0013 232 148 245 160
bottle 0.0012 282 169 317 189
chair 0.9918 363 163 496 377
chair 0.0071 231 140 325 180
chair 0.0065 375 148 453 282
chair 0.0023 150 150 244 219
chair 0.0022 0 242 17 382
chair 0.0021 2 151 324 373
chair 0.0019 -1 253 84 371
sofa 0.1250 2 151 324 373
sofa 0.0039 346 153 493 375
sofa 0.0019 144 165 347 356
sofa 0.0014 173 198 328 320
pottedplant 0.0359 329 134 358 222
pottedplant 0.0115 328 134 385 256
pottedplant 0.0058 333 148 370 239
pottedplant 0.0033 233 148 248 181
pottedplant 0.0015 346 175 392 204
pottedplant 0.0010 12 168 44 232
diningtable 0.0117 2 151 324 373
diningtable 0.0018 368 219 498 371
tvmonitor 0.1436 147 151 231 218
tvmonitor 0.0054 80 173 139 218
tvmonitor 0.0021 231 140 325 180
tvmonitor 0.0018 0 169 29 234
tvmonitor 0.0014 5 136 114 241
