person 0.9988 199 87 442 368
person 0.9979 1 62 245 364
person 0.9824 368 104 498 371
person 0.0615 -2 25 116 282
person 0.0244 192 83 262 150
person 0.0153 0 -3 58 281
person 0.0128 0 55 90 224
person 0.0036 0 -20 28 337
person 0.0031 14 102 492 349
person 0.0022 1 23 21 178
person 0.0020 74 63 273 162
person 0.0017 -2 18 277 206
person 0.0016 446 96 500 372
person 0.0015 -5 149 120 370
person 0.0015 1 35 15 242
person 0.0013 -2 110 86 322
car 0.0051 -9 37 346 354
car 0.0032 201 135 447 372
motorbike 0.0022 -3 62 336 372
bus 0.0022 -3 62 336 372
train 0.0016 -3 62 336 372
boat 0.0045 -3 62 336 372
horse 0.0018 -3 62 336 372
chair 0.0225 201 135 447 372
chair 0.0131 -3 62 336 372
chair 0.0071 6 162 245 368
chair 0.0035 0 168 60 344
chair 0.0035 -3 72 118 367
chair 0.0011 -6 58 267 247
chair 0.0010 0 31 64 323
sofa 0.1027 -3 62 336 372
sofa 0.0429 6 162 245 368
sofa 0.0407 201 135 447 372
sofa 0.0082 -3 72 118 367
sofa 0.0028 0 62 64 332
sofa 0.0025 0 178 60 367
sofa 0.0021 45 162 526 368
