person 0.0347 87 140 120 198
person 0.0221 478 174 488 184
person 0.0160 468 174 483 186
person 0.0125 163 112 329 245
person 0.0116 88 128 110 158
person 0.0100 480 168 491 176
person 0.0089 492 166 498 176
person 0.0080 63 93 312 253
person 0.0066 457 172 476 185
person 0.0066 494 171 499 183
person 0.0053 448 174 464 187
person 0.0039 69 122 109 195
person 0.0034 72 122 111 161
person 0.0030 361 177 383 186
person 0.0027 97 154 118 200
person 0.0020 4 101 89 216
person 0.0020 104 146 116 158
person 0.0018 93 132 105 147
person 0.0014 430 165 447 177
person 0.0014 448 169 484 187
person 0.0013 467 168 483 176
person 0.0010 436 165 455 176
person 0.0010 421 165 434 175
car 0.0020 0 102 110 209
car 0.0015 94 84 330 241
car 0.0010 492 166 498 176
aeroplane 0.0015 94 84 330 241
bus 0.0044 94 84 330 241
bus 0.0017 0 102 110 209
train 0.0011 94 84 330 241
boat 0.0038 94 84 330 241
bird 0.0018 468 174 483 186
bird 0.0011 478 174 488 184
cat 0.0015 135 96 341 253
dog 0.0165 457 172 476 185
dog 0.0157 448 169 484 187
dog 0.0098 468 174 483 186
dog 0.0089 135 96 341 253
dog 0.0066 448 174 464 187
dog 0.0040 361 177 383 186
dog 0.0015 478 174 488 184
dog 0.0010 436 165 455 176
horse 0.5695 94 84 330 241
horse 0.0933 0 102 110 209
horse 0.0294 448 169 484 187
horse 0.0102 428 162 462 180
horse 0.0076 436 165 455 176
horse 0.0058 1 102 29 216
horse 0.0046 87 140 120 198
horse 0.0045 92 150 158 200
horse 0.0044 430 165 447 177
horse 0.0043 457 172 476 185
horse 0.0034 69 122 109 195
horse 0.0029 468 174 483 186
horse 0.0027 1 97 56 221
horse 0.0020 3 109 96 172
horse 0.0018 97 154 118 200
horse 0.0018 448 174 464 187
horse 0.0016 421 165 434 175
horse 0.0015 457 164 495 181
horse 0.0014 480 168 491 176
horse 0.0014 458 168 476 177
horse 0.0011 478 174 488 184
horse 0.0011 411 165 424 174
horse 0.0010 448 165 461 177
sheep 0.1800 361 177 383 186
sheep 0.0362 457 172 476 185
sheep 0.0257 411 165 424 174
sheep 0.0222 468 174 483 186
sheep 0.0215 448 174 464 187
sheep 0.0175 403 164 415 173
sheep 0.0170 393 165 404 172
sheep 0.0147 135 96 341 253
sheep 0.0146 448 169 484 187
sheep 0.0138 375 164 383 169
sheep 0.0123 436 165 455 176
sheep 0.0109 421 165 434 175
sheep 0.0101 355 174 389 186
sheep 0.0101 384 165 395 170
sheep 0.0078 430 165 447 177
sheep 0.0057 458 168 476 177
sheep 0.0053 478 174 488 184
sheep 0.0034 367 165 376 170
sheep 0.0030 443 172 456 185
sheep 0.0029 428 162 462 180
sheep 0.0027 448 165 461 177
sheep 0.0026 480 168 491 176
sheep 0.0026 467 168 483 176
sheep 0.0024 447 180 464 188
sheep 0.0018 0 102 110 209
sheep 0.0015 492 166 498 176
sheep 0.0013 494 171 499 183
sheep 0.0011 374 161 383 166
sheep 0.0011 445 168 466 188
cow 0.2918 0 102 110 209
cow 0.1447 448 169 484 187
cow 0.1046 436 165 455 176
cow 0.0859 430 165 447 177
cow 0.0800 457 172 476 185
cow 0.0649 1 102 29 216
cow 0.0586 468 174 483 186
cow 0.0572 428 162 462 180
cow 0.0560 108 110 316 237
cow 0.0488 361 177 383 186
cow 0.0430 421 165 434 175
cow 0.0410 448 174 464 187
cow 0.0388 411 165 424 174
cow 0.0333 1 97 56 221
cow 0.0190 403 164 415 173
cow 0.0179 478 174 488 184
cow 0.0150 480 168 491 176
cow 0.0148 458 168 476 177
cow 0.0124 448 165 461 177
cow 0.0110 393 165 404 172
cow 0.0080 467 168 483 176
cow 0.0067 69 122 109 195
cow 0.0066 443 172 456 185
cow 0.0062 492 166 498 176
cow 0.0059 355 174 389 186
cow 0.0054 384 165 395 170
cow 0.0052 87 140 120 198
cow 0.0051 457 164 495 181
cow 0.0047 375 164 383 169
cow 0.0044 3 109 96 172
cow 0.0040 435 162 478 182
cow 0.0040 0 116 6 204
cow 0.0037 494 171 499 183
cow 0.0036 445 168 466 188
cow 0.0031 92 150 158 200
cow 0.0028 404 161 452 177
cow 0.0021 388 161 428 176
cow 0.0016 437 158 500 198
cow 0.0012 465 168 500 187
cow 0.0010 1 118 20 262
cow 0.0010 381 156 482 193
cow 0.0010 367 165 376 170
cow 0.0010 438 167 459 187
cow 0.0010 447 180 464 188
