person 0.9997 168 62 422 339
person 0.0068 158 113 340 323
person 0.0010 490 23 497 36
car 0.0017 490 30 497 41
car 0.0011 490 23 497 36
bus 0.0043 142 61 456 364
train 0.0020 142 61 456 364
cat 0.0011 255 169 287 198
bottle 0.0014 182 183 223 224
bottle 0.0013 216 126 288 197
chair 0.0907 281 130 318 197
chair 0.0366 298 83 327 111
chair 0.0350 300 82 362 132
chair 0.0065 184 134 305 232
chair 0.0038 280 142 293 185
chair 0.0034 283 139 298 187
chair 0.0030 243 148 308 206
chair 0.0029 281 94 321 186
chair 0.0025 216 126 288 197
chair 0.0015 276 188 308 209
chair 0.0015 193 94 431 335
chair 0.0014 158 113 340 323
chair 0.0014 27 120 269 378
chair 0.0012 295 83 333 150
chair 0.0011 258 175 308 209
pottedplant 0.0039 175 167 205 225
pottedplant 0.0012 480 30 497 68
pottedplant 0.0011 179 140 218 223
pottedplant 0.0011 193 94 431 335
diningtable 0.0011 299 91 363 138
