person 0.0526 1 263 80 331
person 0.0023 -1 210 70 338
person 0.0017 13 248 164 330
bird 0.0097 363 208 396 227
bird 0.0056 375 212 398 225
bird 0.0021 373 208 389 217
bird 0.0012 363 214 378 227
cat 0.0017 204 182 268 250
cat 0.0015 363 208 396 227
dog 0.0122 1 263 80 331
dog 0.0014 363 208 396 227
bottle 0.0206 356 211 366 226
bottle 0.0130 241 233 253 249
bottle 0.0087 363 214 378 227
bottle 0.0041 345 213 361 247
bottle 0.0031 358 206 366 218
bottle 0.0025 347 211 356 226
bottle 0.0024 461 163 492 219
bottle 0.0013 353 208 391 229
bottle 0.0013 353 206 369 232
bottle 0.0012 371 212 393 224
bottle 0.0010 364 208 374 217
chair 0.1916 1 262 70 331
chair 0.0034 3 249 122 332
chair 0.0020 130 -2 436 328
chair 0.0010 204 164 270 269
sofa 0.2125 1 263 80 331
sofa 0.0040 13 248 164 330
sofa 0.0023 -1 210 70 338
