person 0.0755 228 159 237 176
person 0.0605 161 22 170 31
person 0.0303 223 161 234 176
person 0.0187 158 22 165 31
person 0.0094 222 157 230 166
person 0.0056 36 81 45 94
person 0.0043 214 156 219 163
person 0.0035 287 96 295 106
person 0.0031 137 21 145 32
person 0.0027 228 158 236 170
person 0.0020 431 100 439 108
person 0.0019 492 105 499 120
person 0.0011 203 157 213 163
person 0.0010 493 113 498 126
car 0.9181 191 151 239 177
car 0.0833 492 105 499 120
car 0.0129 495 97 499 114
car 0.0061 316 69 329 75
car 0.0046 431 100 439 108
car 0.0033 323 70 338 76
car 0.0031 493 113 498 126
car 0.0030 368 87 388 94
car 0.0029 134 99 146 106
car 0.0016 362 87 381 93
car 0.0015 304 64 318 70
car 0.0014 223 161 234 176
car 0.0012 216 152 237 175
car 0.0010 213 178 242 184
car 0.0010 161 22 170 31
bus 0.0062 191 151 239 177
