person 0.7953 129 172 144 187
person 0.5821 159 175 173 189
person 0.4571 172 177 182 190
person 0.4473 198 180 213 193
person 0.2475 216 179 230 195
person 0.1429 114 171 124 186
person 0.1310 128 171 146 219
person 0.1186 303 189 315 198
person 0.0947 234 180 249 195
person 0.0870 253 180 268 195
person 0.0659 116 174 125 192
person 0.0640 114 170 127 204
person 0.0290 299 189 311 198
person 0.0243 274 177 288 196
person 0.0226 158 173 174 216
person 0.0200 128 171 138 186
person 0.0197 318 186 328 198
person 0.0186 212 179 225 193
person 0.0148 170 174 184 215
person 0.0130 117 167 144 226
person 0.0129 196 175 216 197
person 0.0122 126 172 154 231
person 0.0108 197 177 213 228
person 0.0098 121 170 141 203
person 0.0090 298 188 321 223
person 0.0088 157 174 177 196
person 0.0074 197 177 233 195
person 0.0063 156 173 166 186
person 0.0059 127 175 137 189
person 0.0057 179 178 188 192
person 0.0054 248 176 267 197
person 0.0054 251 184 264 198
person 0.0054 115 173 129 233
person 0.0052 324 181 341 230
person 0.0045 269 179 279 193
person 0.0045 167 179 186 228
person 0.0043 252 180 270 208
person 0.0040 172 174 181 186
person 0.0039 128 170 276 202
person 0.0038 122 174 137 231
person 0.0037 317 181 331 227
person 0.0035 200 184 212 197
person 0.0033 0 177 10 233
person 0.0031 117 180 126 206
person 0.0027 0 181 4 209
person 0.0027 333 184 343 228
person 0.0026 273 176 292 212
person 0.0026 96 148 345 239
person 0.0025 104 169 188 217
person 0.0024 149 176 183 229
person 0.0022 0 187 3 221
person 0.0021 324 186 336 201
person 0.0019 1 195 11 251
person 0.0016 163 174 196 235
person 0.0016 142 177 152 187
person 0.0015 234 179 251 210
person 0.0015 194 178 206 193
person 0.0015 275 187 289 198
person 0.0015 0 267 20 382
person 0.0014 215 178 231 211
person 0.0014 168 174 186 198
person 0.0014 1 197 5 230
person 0.0014 212 178 255 196
person 0.0013 166 213 186 228
person 0.0012 334 187 342 201
person 0.0011 0 159 19 259
person 0.0011 250 179 266 226
person 0.0011 289 188 299 198
person 0.0011 158 157 324 193
person 0.0011 173 180 182 204
person 0.0010 114 168 147 187
person 0.0010 267 173 286 199
car 0.0635 255 144 286 154
car 0.0057 5 306 197 398
car 0.0056 472 49 500 75
car 0.0043 0 258 22 353
car 0.0029 181 179 302 235
car 0.0025 490 52 499 68
car 0.0016 476 52 496 66
car 0.0013 262 149 282 155
bus 0.2940 120 146 366 243
bus 0.0133 175 119 265 154
bus 0.0022 139 120 424 269
bus 0.0013 164 135 398 208
train 0.0117 120 146 366 243
boat 0.3682 120 146 366 243
boat 0.1151 315 142 331 145
boat 0.0346 323 141 334 145
boat 0.0140 255 144 286 154
boat 0.0051 472 49 500 75
boat 0.0051 175 119 265 154
boat 0.0050 139 120 424 269
boat 0.0046 316 138 330 144
boat 0.0046 369 230 500 269
boat 0.0035 164 135 398 208
boat 0.0027 84 155 269 238
boat 0.0020 101 128 112 142
boat 0.0017 2 230 208 403
boat 0.0015 474 235 497 268
boat 0.0015 311 143 320 145
boat 0.0014 67 79 427 324
bird 0.0106 101 128 112 142
chair 0.0351 296 200 321 228
chair 0.0048 303 189 315 198
chair 0.0046 299 189 311 198
chair 0.0044 274 177 288 196
chair 0.0040 318 186 328 198
chair 0.0026 275 187 289 198
chair 0.0025 253 180 268 195
chair 0.0016 273 176 292 212
chair 0.0015 294 189 318 223
chair 0.0015 269 179 279 193
chair 0.0013 471 199 486 245
chair 0.0013 0 258 22 353
chair 0.0011 268 188 280 197
chair 0.0010 359 279 434 328
chair 0.0010 289 188 299 198
pottedplant 0.0359 450 328 495 397
pottedplant 0.0122 319 321 385 377
pottedplant 0.0118 250 304 483 395
pottedplant 0.0076 375 306 502 395
pottedplant 0.0061 217 315 361 395
pottedplant 0.0060 258 254 299 322
pottedplant 0.0058 279 258 316 319
pottedplant 0.0058 0 226 22 347
pottedplant 0.0051 262 254 333 318
pottedplant 0.0029 372 331 450 396
pottedplant 0.0027 359 279 434 328
pottedplant 0.0026 0 200 54 335
pottedplant 0.0024 0 217 61 280
pottedplant 0.0023 324 332 419 389
pottedplant 0.0022 222 255 296 324
pottedplant 0.0022 359 309 399 334
pottedplant 0.0021 296 255 334 316
pottedplant 0.0021 484 381 499 396
pottedplant 0.0019 416 267 426 282
pottedplant 0.0018 321 306 359 333
pottedplant 0.0017 0 198 23 300
pottedplant 0.0016 373 224 497 316
pottedplant 0.0015 356 294 430 343
pottedplant 0.0015 319 299 391 352
pottedplant 0.0014 205 273 281 337
pottedplant 0.0014 254 342 340 390
pottedplant 0.0013 294 276 334 305
pottedplant 0.0013 402 227 499 272
pottedplant 0.0012 374 285 424 315
pottedplant 0.0012 275 265 311 298
pottedplant 0.0012 200 236 464 393
pottedplant 0.0011 288 276 447 368
pottedplant 0.0011 2 230 208 403
pottedplant 0.0011 373 267 440 313
pottedplant 0.0010 0 225 45 303
pottedplant 0.0010 1 183 111 280
