person 0.0010 80 179 169 262
bird 0.0053 171 215 214 262
bird 0.0029 77 177 180 262
bird 0.0028 371 114 418 181
bird 0.0021 296 139 411 222
bird 0.0013 464 7 470 12
bird 0.0011 0 75 3 88
bird 0.0010 0 70 4 84
cat 0.0256 168 216 217 261
cat 0.0074 80 183 178 268
dog 0.7387 167 214 212 263
dog 0.3863 77 177 180 262
dog 0.3002 259 179 312 216
dog 0.0965 264 135 419 226
dog 0.0024 371 114 418 181
horse 0.0222 371 114 418 181
horse 0.0086 82 177 167 261
horse 0.0056 167 214 212 264
horse 0.0025 121 89 169 147
horse 0.0021 296 139 411 222
horse 0.0019 259 179 312 216
sheep 0.9749 115 91 175 145
sheep 0.9386 80 179 169 262
sheep 0.9094 372 111 418 172
sheep 0.6856 296 139 411 222
sheep 0.6777 259 179 312 216
sheep 0.4825 171 215 214 262
sheep 0.0673 241 95 261 111
sheep 0.0623 265 95 287 108
sheep 0.0251 242 93 285 110
sheep 0.0191 0 75 3 88
sheep 0.0104 0 70 4 84
sheep 0.0046 100 203 181 258
sheep 0.0029 255 179 375 214
sheep 0.0022 0 85 3 103
sheep 0.0014 121 178 168 256
cow 0.4225 296 139 411 222
cow 0.3065 371 114 418 181
cow 0.0697 77 177 180 262
cow 0.0293 259 179 312 216
cow 0.0260 115 91 175 145
cow 0.0180 167 214 212 264
cow 0.0013 0 75 3 88
