person 0.2489 311 134 328 146
person 0.0391 332 135 346 148
person 0.0365 324 134 341 147
person 0.0184 305 131 339 149
person 0.0077 323 107 363 123
person 0.0064 95 275 397 341
person 0.0036 307 129 324 144
person 0.0019 309 126 330 146
person 0.0019 315 83 349 108
person 0.0017 12 65 47 118
person 0.0011 318 87 363 121
person 0.0010 342 135 355 148
person 0.0010 290 124 335 145
car 0.9912 159 119 448 204
car 0.0016 323 107 363 123
bus 0.0020 13 9 473 172
bus 0.0014 162 119 458 203
bottle 0.0038 12 65 47 118
chair 0.0013 95 275 397 341
