person 0.3736 321 3 496 330
person 0.2251 334 -5 487 193
person 0.0354 196 34 477 307
dog 0.9522 197 163 399 320
dog 0.0152 196 160 331 268
dog 0.0085 231 67 498 320
dog 0.0073 293 185 425 323
dog 0.0030 218 158 424 260
dog 0.0020 0 12 107 217
dog 0.0016 308 160 495 334
sheep 0.0015 0 12 107 217
chair 0.5298 0 12 107 217
chair 0.0237 321 3 496 330
chair 0.0126 334 -5 487 193
chair 0.0043 9 4 187 200
chair 0.0034 5 2 111 100
chair 0.0028 0 25 69 94
chair 0.0012 1 5 65 156
sofa 0.0384 321 3 496 330
sofa 0.0123 334 -5 487 193
sofa 0.0045 0 -2 113 210
sofa 0.0018 203 164 372 308
diningtable 0.2799 0 12 107 217
diningtable 0.0033 9 4 187 200
diningtable 0.0032 0 1 102 46
diningtable 0.0025 5 2 111 100
