person 0.8905 0 -14 93 399
person 0.6757 280 222 292 245
person 0.5307 315 224 327 241
person 0.3509 308 223 319 243
person 0.2133 312 221 330 245
person 0.2063 279 223 299 253
person 0.1494 -1 224 91 358
person 0.1375 298 234 307 245
person 0.0810 306 222 323 246
person 0.0769 285 230 297 246
person 0.0697 104 231 112 236
person 0.0689 98 230 108 237
person 0.0635 1 2 182 378
person 0.0622 265 229 279 247
person 0.0526 0 82 59 384
person 0.0466 183 218 198 228
person 0.0358 324 232 333 244
person 0.0269 177 225 182 230
person 0.0252 318 220 325 228
person 0.0126 294 230 333 251
person 0.0122 166 228 171 231
person 0.0120 303 221 339 244
person 0.0116 0 250 56 371
person 0.0096 267 227 278 241
person 0.0081 323 226 333 239
person 0.0078 264 233 271 247
person 0.0054 163 206 175 232
person 0.0050 0 53 29 415
person 0.0045 130 227 135 230
person 0.0040 0 212 15 250
person 0.0039 0 220 22 364
person 0.0037 262 228 292 253
person 0.0036 1 133 16 297
person 0.0035 134 226 143 230
person 0.0033 182 224 195 229
person 0.0031 276 222 309 245
person 0.0031 135 224 161 229
person 0.0030 0 -28 63 269
person 0.0029 264 238 304 259
person 0.0027 93 233 112 239
person 0.0023 258 219 343 256
person 0.0022 188 224 198 228
person 0.0020 483 220 487 223
person 0.0019 463 217 467 221
person 0.0017 153 227 162 230
person 0.0017 0 295 45 371
person 0.0017 264 221 285 246
person 0.0017 2 112 20 246
person 0.0015 0 211 9 289
person 0.0014 87 230 98 235
person 0.0013 190 199 452 259
person 0.0013 0 184 9 240
person 0.0012 137 220 157 228
person 0.0012 302 226 310 241
person 0.0011 0 204 21 241
person 0.0011 234 227 240 231
person 0.0011 319 219 336 246
person 0.0011 0 213 7 230
person 0.0010 309 221 316 227
boat 0.8375 80 179 115 238
boat 0.8030 189 34 365 262
boat 0.6221 183 218 198 228
boat 0.4768 162 206 177 232
boat 0.2921 130 212 170 231
boat 0.2716 293 240 336 260
boat 0.1220 125 105 147 114
boat 0.0829 128 108 145 115
boat 0.0710 135 224 161 229
boat 0.0580 320 218 360 228
boat 0.0385 129 222 169 231
boat 0.0355 294 230 333 251
boat 0.0304 182 224 195 229
boat 0.0246 145 92 191 105
boat 0.0232 146 209 190 232
boat 0.0199 188 224 198 228
boat 0.0174 263 241 323 260
boat 0.0145 137 220 157 228
boat 0.0125 168 213 204 229
boat 0.0116 258 219 343 256
boat 0.0114 104 231 112 236
boat 0.0107 177 225 182 230
boat 0.0088 134 226 143 230
boat 0.0067 166 228 171 231
boat 0.0066 68 232 113 241
boat 0.0065 171 216 182 229
boat 0.0064 93 233 112 239
boat 0.0061 67 235 98 240
boat 0.0053 99 233 116 238
boat 0.0050 375 216 386 222
boat 0.0046 126 96 147 116
boat 0.0039 98 230 108 237
boat 0.0038 99 201 193 235
boat 0.0035 299 245 324 255
boat 0.0035 134 200 180 230
boat 0.0032 294 221 334 245
boat 0.0031 0 26 95 398
boat 0.0029 110 100 150 114
boat 0.0028 316 228 329 244
boat 0.0027 308 227 318 246
boat 0.0027 3 219 99 335
boat 0.0026 80 226 120 240
boat 0.0024 130 227 135 230
boat 0.0023 306 219 357 238
boat 0.0020 381 216 395 222
boat 0.0018 276 226 309 253
boat 0.0017 294 246 314 256
boat 0.0017 297 247 340 264
boat 0.0017 305 224 321 250
boat 0.0017 343 218 357 224
boat 0.0016 298 234 307 245
boat 0.0016 128 97 190 109
boat 0.0015 153 227 162 230
boat 0.0014 72 96 146 111
boat 0.0014 57 227 106 240
boat 0.0013 433 221 440 224
boat 0.0013 312 225 331 249
boat 0.0011 390 216 406 221
boat 0.0010 169 93 189 103
boat 0.0010 68 90 150 107
boat 0.0010 147 94 170 103
bird 0.0010 428 226 432 229
horse 0.0010 3 219 99 335
