person 0.9954 2 88 271 328
person 0.9823 282 64 501 336
person 0.0083 -27 71 461 283
person 0.0018 133 24 203 96
person 0.0015 441 108 499 168
person 0.0010 439 57 500 179
motorbike 0.0016 107 16 251 104
dog 0.0238 133 24 203 96
dog 0.0067 52 18 148 104
dog 0.0028 107 16 251 104
dog 0.0021 116 50 173 101
horse 0.0014 133 24 203 96
chair 0.0243 218 142 514 336
chair 0.0174 441 150 499 317
chair 0.0072 40 94 374 318
chair 0.0034 285 61 500 296
chair 0.0016 442 97 501 259
chair 0.0014 1 35 82 280
chair 0.0011 8 71 268 273
chair 0.0010 441 108 499 168
sofa 0.9678 5 88 496 324
sofa 0.5171 247 60 499 298
sofa 0.1562 10 86 341 262
sofa 0.0851 281 138 510 340
sofa 0.0307 441 117 500 275
sofa 0.0262 -8 128 284 331
sofa 0.0098 440 167 500 332
sofa 0.0059 441 108 499 168
sofa 0.0046 0 63 81 288
sofa 0.0046 119 108 382 233
sofa 0.0020 439 68 502 209
sofa 0.0019 309 118 493 208
sofa 0.0015 147 92 501 175
sofa 0.0012 110 235 389 324
sofa 0.0012 245 233 488 324
pottedplant 0.0048 107 16 251 104
