person 0.0778 242 129 288 170
person 0.0642 200 141 232 169
person 0.0523 165 148 186 169
person 0.0369 151 148 185 172
person 0.0238 163 152 178 169
person 0.0169 191 145 224 170
person 0.0144 202 150 217 168
person 0.0111 214 142 236 167
person 0.0093 224 137 265 170
person 0.0089 242 132 267 170
person 0.0070 176 146 196 169
person 0.0062 180 152 194 168
person 0.0051 177 140 218 169
person 0.0050 206 145 223 162
person 0.0048 171 147 185 162
person 0.0047 219 145 232 161
person 0.0041 246 129 267 156
person 0.0041 179 146 193 162
person 0.0036 189 152 201 168
person 0.0033 121 162 138 173
person 0.0033 217 150 232 166
person 0.0025 222 141 244 167
person 0.0019 161 143 194 167
person 0.0019 186 146 205 169
person 0.0016 190 145 201 162
person 0.0016 162 148 177 161
person 0.0015 235 139 258 167
person 0.0014 216 145 255 170
person 0.0013 236 144 272 173
person 0.0013 109 127 321 222
person 0.0013 225 145 240 160
person 0.0012 249 133 263 146
car 0.9953 79 129 421 232
car 0.0022 88 128 272 211
car 0.0012 45 84 464 256
motorbike 0.0021 84 140 418 235
bird 0.0012 292 152 298 157
dog 0.0031 245 128 285 161
