person 0.2806 248 237 259 255
person 0.1790 132 246 145 267
person 0.1719 174 244 195 271
person 0.1220 142 248 153 268
person 0.1072 300 225 310 238
person 0.0843 211 241 222 255
person 0.0788 305 224 316 238
person 0.0781 276 240 288 254
person 0.0720 450 184 463 204
person 0.0710 206 244 225 272
person 0.0634 15 218 436 315
person 0.0633 304 241 316 255
person 0.0564 90 185 110 199
person 0.0561 403 223 412 232
person 0.0547 463 198 470 206
person 0.0495 131 242 151 265
person 0.0495 209 249 221 271
person 0.0490 36 196 456 270
person 0.0430 197 248 217 273
person 0.0414 288 225 298 237
person 0.0409 179 251 193 270
person 0.0398 442 198 449 205
person 0.0358 213 239 222 248
person 0.0344 488 185 497 201
person 0.0340 481 232 492 245
person 0.0326 218 251 230 271
person 0.0325 378 222 387 233
person 0.0308 128 248 138 266
person 0.0294 183 240 194 256
person 0.0287 172 250 185 270
person 0.0276 472 198 478 206
person 0.0262 381 222 390 233
person 0.0244 297 225 312 255
person 0.0244 452 195 461 205
person 0.0236 316 225 325 236
person 0.0232 214 245 233 272
person 0.0228 492 194 498 206
person 0.0225 130 144 205 210
person 0.0219 482 197 489 206
person 0.0214 493 226 498 238
person 0.0209 231 235 239 248
person 0.0194 246 230 262 254
person 0.0191 203 244 213 254
person 0.0179 483 183 494 202
person 0.0145 218 240 230 256
person 0.0141 354 221 364 232
person 0.0138 221 239 230 248
person 0.0138 492 229 498 247
person 0.0131 424 224 433 233
person 0.0129 86 186 102 199
person 0.0126 435 198 442 206
person 0.0122 21 173 41 210
person 0.0118 335 223 343 233
person 0.0117 483 179 499 206
person 0.0099 189 242 199 255
person 0.0093 281 223 290 237
person 0.0092 330 223 337 234
person 0.0089 243 238 253 255
person 0.0080 189 244 206 272
person 0.0080 229 237 238 257
person 0.0080 434 183 477 206
person 0.0078 3 173 92 223
person 0.0075 177 244 215 272
person 0.0057 304 230 315 251
person 0.0052 259 238 268 255
person 0.0048 416 194 424 204
person 0.0044 6 170 46 224
person 0.0043 331 198 499 224
person 0.0042 479 227 497 255
person 0.0041 483 228 492 239
person 0.0040 201 257 214 273
person 0.0035 151 254 160 269
person 0.0034 338 217 345 231
person 0.0033 393 199 403 207
person 0.0032 23 173 37 188
person 0.0031 413 225 421 233
person 0.0031 422 196 431 205
person 0.0031 111 234 126 264
person 0.0030 416 188 425 202
person 0.0030 299 238 311 256
person 0.0029 74 185 111 202
person 0.0029 487 223 499 257
person 0.0028 286 224 301 255
person 0.0027 68 187 81 197
person 0.0027 226 234 240 265
person 0.0026 402 219 411 230
person 0.0023 270 240 282 255
person 0.0023 290 228 299 248
person 0.0023 403 200 410 208
person 0.0022 251 227 260 238
person 0.0021 22 172 38 180
person 0.0020 258 225 266 237
person 0.0020 146 259 154 270
person 0.0019 171 237 203 269
person 0.0018 275 227 291 254
person 0.0016 403 204 410 213
person 0.0016 188 237 199 250
person 0.0014 255 227 270 255
person 0.0013 64 177 150 223
person 0.0013 38 152 239 222
car 0.0143 2 213 44 229
car 0.0022 2 217 24 228
car 0.0020 14 217 33 228
car 0.0017 2 214 8 229
car 0.0017 23 216 42 227
car 0.0015 0 232 46 262
car 0.0010 379 198 400 207
bus 0.0025 -2 215 487 318
train 0.0020 331 198 499 224
boat 0.8419 14 197 475 324
boat 0.0267 14 68 480 303
boat 0.0267 364 186 501 217
boat 0.0134 379 198 400 207
boat 0.0080 2 199 439 266
boat 0.0078 331 198 499 224
boat 0.0051 130 144 205 210
boat 0.0031 173 189 300 217
boat 0.0030 378 170 400 209
boat 0.0029 344 178 443 215
boat 0.0023 350 203 407 214
boat 0.0022 20 249 426 333
boat 0.0022 368 176 409 206
boat 0.0019 2 213 44 229
boat 0.0016 366 151 498 222
boat 0.0015 371 196 408 209
boat 0.0013 0 226 47 257
boat 0.0011 493 226 498 238
boat 0.0010 -1 255 29 263
boat 0.0010 352 155 436 207
bird 0.0050 219 22 224 31
bird 0.0036 216 22 222 31
bird 0.0016 220 20 224 24
bird 0.0012 217 20 221 24
chair 0.0018 62 249 118 269
