person 0.0046 121 14 286 143
person 0.0028 6 25 438 291
car 0.0019 34 55 454 307
boat 0.0060 34 55 454 307
bird 0.0453 160 49 428 278
bird 0.0182 121 14 286 143
bird 0.0049 22 -18 472 272
bird 0.0036 27 51 322 260
bird 0.0013 310 163 433 281
bird 0.0012 108 62 249 162
cat 0.0395 31 28 461 296
cat 0.0075 197 53 442 275
cat 0.0042 3 67 281 250
dog 0.3926 31 28 461 296
dog 0.0143 200 79 440 289
dog 0.0025 3 67 281 250
horse 0.0014 31 28 461 296
sheep 0.0642 34 55 454 307
sheep 0.0050 200 79 440 289
cow 0.0013 200 79 440 289
bottle 0.0013 120 14 252 145
chair 0.0140 34 55 454 307
sofa 0.0139 34 55 454 307
pottedplant 0.0014 34 55 454 307
diningtable 0.0181 34 55 454 307
