person 0.9886 55 161 77 227
person 0.9850 252 162 270 207
person 0.9828 16 165 44 228
person 0.9752 368 170 384 203
person 0.9209 0 156 5 229
person 0.8084 108 169 127 212
person 0.5026 132 164 141 194
person 0.1671 37 170 55 215
person 0.0932 108 174 118 192
person 0.0788 130 165 142 212
person 0.0654 105 170 121 198
person 0.0588 111 171 122 191
person 0.0421 373 178 382 197
person 0.0399 367 181 374 195
person 0.0290 0 171 4 190
person 0.0280 368 174 376 193
person 0.0274 105 170 140 218
person 0.0267 -3 160 15 229
person 0.0224 408 163 500 254
person 0.0223 1 173 3 227
person 0.0217 48 170 55 177
person 0.0214 102 177 124 217
person 0.0174 0 162 4 182
person 0.0169 214 167 253 200
person 0.0147 232 166 254 198
person 0.0127 107 180 117 197
person 0.0116 180 158 296 193
person 0.0115 41 175 57 189
person 0.0111 249 182 256 196
person 0.0103 236 181 250 197
person 0.0102 457 173 472 188
person 0.0096 108 125 332 191
person 0.0086 125 167 141 198
person 0.0081 251 173 258 189
person 0.0080 0 190 2 226
person 0.0080 41 170 49 177
person 0.0073 128 169 138 191
person 0.0070 450 173 466 188
person 0.0067 467 172 483 187
person 0.0061 213 169 235 198
person 0.0056 128 180 146 220
person 0.0056 40 170 58 195
person 0.0053 113 169 121 178
person 0.0048 230 182 244 196
person 0.0048 217 172 229 189
person 0.0045 259 167 267 177
person 0.0045 0 168 60 222
person 0.0041 134 168 140 180
person 0.0040 495 167 499 194
person 0.0038 291 169 296 176
person 0.0038 240 175 252 191
person 0.0037 30 168 39 176
person 0.0037 176 131 299 184
person 0.0036 308 168 316 175
person 0.0034 0 140 6 204
person 0.0034 39 182 49 197
person 0.0033 420 183 432 198
person 0.0032 212 183 221 197
person 0.0031 113 183 124 197
person 0.0030 0 151 3 175
person 0.0028 226 176 248 199
person 0.0026 253 166 261 178
person 0.0025 106 169 116 176
person 0.0024 97 199 119 222
person 0.0022 298 169 307 175
person 0.0021 96 196 147 223
person 0.0021 38 174 52 187
person 0.0021 456 168 495 191
person 0.0021 30 161 142 191
person 0.0020 69 167 74 175
person 0.0020 229 174 242 190
person 0.0019 43 180 56 196
person 0.0019 363 172 394 202
person 0.0019 214 174 224 190
person 0.0017 236 143 249 157
person 0.0016 121 183 141 216
person 0.0016 96 174 129 206
person 0.0015 477 172 492 188
person 0.0015 233 166 276 200
person 0.0015 38 193 51 223
person 0.0015 132 184 141 197
person 0.0014 22 190 39 226
person 0.0014 96 179 156 221
person 0.0014 15 177 33 203
person 0.0013 107 189 149 214
person 0.0013 78 167 424 220
person 0.0013 70 175 76 185
person 0.0012 40 195 47 220
person 0.0010 197 170 280 204
person 0.0010 130 193 143 206
bicycle 0.0103 215 175 253 200
bicycle 0.0075 102 195 152 222
bicycle 0.0023 236 181 250 197
bicycle 0.0013 130 194 149 221
bicycle 0.0013 230 182 244 196
bicycle 0.0011 233 176 253 200
car 0.9716 420 158 499 260
car 0.0720 41 175 57 189
car 0.0421 40 170 58 195
car 0.0334 364 168 376 174
car 0.0255 409 169 425 174
car 0.0202 401 168 415 173
car 0.0186 38 174 52 187
car 0.0163 381 168 395 173
car 0.0133 420 183 432 198
car 0.0105 393 169 404 173
car 0.0095 43 180 56 196
car 0.0080 342 168 355 173
car 0.0066 420 169 435 174
car 0.0060 373 169 385 175
car 0.0049 15 176 50 202
car 0.0026 431 169 440 174
car 0.0023 39 182 49 197
car 0.0023 0 171 4 190
car 0.0017 353 169 369 175
car 0.0017 37 170 55 215
car 0.0013 214 167 253 200
car 0.0012 474 157 493 165
car 0.0011 308 168 316 175
car 0.0010 337 168 349 173
car 0.0010 447 162 497 239
car 0.0010 491 154 498 166
motorbike 0.1123 215 175 253 200
motorbike 0.0257 102 195 152 222
motorbike 0.0125 233 176 253 200
motorbike 0.0124 230 182 244 196
motorbike 0.0097 236 181 250 197
motorbike 0.0060 101 186 139 214
motorbike 0.0022 212 173 235 200
motorbike 0.0017 108 178 128 216
motorbike 0.0013 62 173 152 219
motorbike 0.0013 130 194 149 221
motorbike 0.0011 197 170 280 204
aeroplane 0.8572 133 127 358 187
aeroplane 0.0305 167 130 280 181
aeroplane 0.0076 67 86 72 89
aeroplane 0.0056 69 130 292 198
aeroplane 0.0052 261 161 323 177
aeroplane 0.0051 215 119 259 191
aeroplane 0.0049 193 155 327 191
aeroplane 0.0038 185 105 264 203
aeroplane 0.0031 172 158 276 193
aeroplane 0.0012 146 111 260 174
bus 0.0034 261 161 323 177
bus 0.0031 419 152 499 254
boat 0.0015 122 107 367 181
bird 0.0548 67 86 72 89
bird 0.0087 387 108 390 111
bird 0.0063 67 89 72 91
bird 0.0046 386 106 390 109
bird 0.0040 244 90 248 92
bird 0.0015 64 86 68 88
bird 0.0013 107 80 111 83
bird 0.0012 484 117 487 123
bird 0.0011 30 86 34 89
dog 0.0026 77 201 89 212
