person 0.9804 177 96 282 407
person 0.6803 34 19 100 153
person 0.5517 249 83 312 141
person 0.2621 128 88 317 343
person 0.1316 20 3 93 249
person 0.0179 256 82 298 123
person 0.0146 4 20 357 457
person 0.0102 111 95 182 149
person 0.0099 40 22 154 156
person 0.0063 234 79 285 362
person 0.0056 85 56 101 71
person 0.0055 143 10 163 38
person 0.0041 85 49 119 76
person 0.0038 104 32 141 56
person 0.0037 27 43 66 126
person 0.0022 40 46 57 77
person 0.0019 262 86 287 132
person 0.0017 200 86 280 280
person 0.0016 276 82 301 119
person 0.0014 84 52 105 75
person 0.0014 58 63 368 297
person 0.0014 143 102 182 137
person 0.0014 46 38 64 68
person 0.0014 48 17 122 128
person 0.0013 48 33 91 133
person 0.0012 49 22 89 77
person 0.0012 86 60 100 77
person 0.0011 69 32 199 147
person 0.0011 125 9 165 38
person 0.0011 150 120 167 135
person 0.0010 13 89 199 332
person 0.0010 21 23 160 248
bicycle 0.9357 203 229 274 436
bicycle 0.1879 180 120 279 440
bicycle 0.0025 210 258 237 416
bicycle 0.0017 182 222 238 418
bicycle 0.0010 10 82 52 284
car 0.9749 23 39 400 326
car 0.5240 128 88 317 343
car 0.3592 313 78 414 252
car 0.0126 188 117 287 445
car 0.0117 170 59 396 292
car 0.0081 95 30 281 60
car 0.0061 32 73 244 339
car 0.0039 263 94 389 317
car 0.0022 382 125 411 247
car 0.0016 103 19 270 50
car 0.0012 346 129 410 268
car 0.0011 10 117 56 288
car 0.0011 20 126 82 322
car 0.0011 246 2 410 274
motorbike 0.0028 188 117 287 445
boat 0.0137 113 32 294 61
boat 0.0044 126 20 283 50
boat 0.0027 177 18 311 46
boat 0.0011 191 208 284 439
dog 0.0354 188 74 273 406
horse 0.0017 197 234 262 432
chair 0.0020 191 208 284 439
