person 0.9976 52 182 90 295
person 0.9890 373 213 464 376
person 0.9342 0 162 34 320
person 0.9037 304 194 332 252
person 0.8467 352 189 411 313
person 0.8315 473 206 500 334
person 0.2949 352 198 427 379
person 0.1821 412 202 423 216
person 0.0622 368 194 410 278
person 0.0500 474 186 498 283
person 0.0402 435 205 453 240
person 0.0269 104 157 395 262
person 0.0242 476 201 498 240
person 0.0224 304 206 319 251
person 0.0220 481 202 494 218
person 0.0196 459 194 490 276
person 0.0168 454 182 501 329
person 0.0168 405 200 415 217
person 0.0146 341 252 406 373
person 0.0137 494 200 499 222
person 0.0112 0 176 5 303
person 0.0112 487 190 499 233
person 0.0099 310 196 331 230
person 0.0098 84 192 91 209
person 0.0091 0 151 9 212
person 0.0084 411 198 422 213
person 0.0072 80 192 96 229
person 0.0071 304 195 323 233
person 0.0070 11 182 37 251
person 0.0066 461 205 496 239
person 0.0065 96 182 109 219
person 0.0065 0 214 4 324
person 0.0065 489 197 498 264
person 0.0064 358 203 396 300
person 0.0060 495 204 498 235
person 0.0060 437 197 466 272
person 0.0059 438 209 449 232
person 0.0057 88 203 96 217
person 0.0055 413 226 483 363
person 0.0051 34 197 55 223
person 0.0051 0 165 7 239
person 0.0048 467 197 499 227
person 0.0047 2 178 23 255
person 0.0042 461 222 491 322
person 0.0039 407 198 426 221
person 0.0038 491 203 498 298
person 0.0036 321 197 336 244
person 0.0034 470 84 499 352
person 0.0034 434 208 446 231
person 0.0033 480 198 493 211
person 0.0033 0 179 4 204
person 0.0032 1 167 4 197
person 0.0031 436 190 457 234
person 0.0031 100 182 107 203
person 0.0030 301 210 312 247
person 0.0030 0 190 10 249
person 0.0027 433 205 443 219
person 0.0026 473 147 499 251
person 0.0026 419 202 431 217
person 0.0025 495 192 499 214
person 0.0025 447 200 465 239
person 0.0025 81 193 88 209
person 0.0024 309 201 441 321
person 0.0023 324 203 332 219
person 0.0023 333 192 470 279
person 0.0022 478 254 499 363
person 0.0022 1 185 8 274
person 0.0021 96 206 103 218
person 0.0020 322 179 487 367
person 0.0018 494 212 499 343
person 0.0018 75 192 92 233
person 0.0017 495 213 498 247
person 0.0017 92 165 105 179
person 0.0017 430 194 449 231
person 0.0016 477 188 498 219
person 0.0015 451 221 461 240
person 0.0015 55 190 86 245
person 0.0015 439 192 501 243
person 0.0015 0 184 4 217
person 0.0015 450 213 461 230
person 0.0015 1 154 4 191
person 0.0014 448 219 465 260
person 0.0014 332 305 394 372
person 0.0014 0 148 4 177
person 0.0014 -13 173 431 361
person 0.0013 439 221 501 361
person 0.0012 54 184 88 219
person 0.0012 0 226 1 311
person 0.0011 0 140 10 189
person 0.0011 7 143 354 292
person 0.0011 0 144 5 166
person 0.0010 355 194 426 240
person 0.0010 469 204 483 217
person 0.0010 62 177 69 189
bicycle 0.0173 310 203 330 252
bicycle 0.0037 304 206 319 251
bicycle 0.0017 304 227 314 247
bicycle 0.0017 232 230 260 254
car 0.0112 -1 134 170 231
car 0.0030 0 147 10 197
car 0.0016 0 148 4 177
car 0.0013 0 144 5 166
car 0.0011 1 154 4 191
motorbike 0.0110 304 199 333 256
motorbike 0.0038 304 206 319 251
aeroplane 0.0070 -3 138 149 227
aeroplane 0.0021 89 144 463 255
bus 0.0400 89 144 463 255
bus 0.0135 -1 134 170 231
bus 0.0020 319 175 388 229
train 0.9910 96 135 402 265
train 0.3747 -1 134 170 231
train 0.0124 435 189 465 245
train 0.0031 456 190 494 248
train 0.0023 418 192 488 239
train 0.0021 69 141 282 246
train 0.0011 472 181 498 258
bottle 0.0351 385 271 395 285
bottle 0.0276 381 262 398 293
bottle 0.0100 385 263 394 278
bottle 0.0014 383 280 396 291
