person 0.4597 358 190 375 244
person 0.0128 361 195 370 214
person 0.0122 356 180 373 216
person 0.0093 331 215 346 229
person 0.0084 340 189 375 245
person 0.0064 364 199 376 247
person 0.0061 359 189 370 209
person 0.0043 52 46 325 460
person 0.0042 317 215 355 239
person 0.0021 82 189 94 204
person 0.0016 364 183 377 232
person 0.0016 87 189 99 205
person 0.0015 321 218 335 231
person 0.0014 368 200 375 217
person 0.0011 233 90 276 153
person 0.0010 357 215 375 252
bicycle 0.0039 111 447 238 499
bicycle 0.0038 111 398 246 495
bicycle 0.0023 64 226 165 326
bicycle 0.0016 123 234 163 256
bicycle 0.0013 103 245 145 283
bottle 0.0016 322 169 336 202
chair 0.0457 111 398 246 495
chair 0.0196 111 447 238 499
chair 0.0020 115 219 136 229
chair 0.0015 302 228 316 245
chair 0.0015 309 229 323 245
chair 0.0014 106 216 143 236
chair 0.0013 108 466 213 501
chair 0.0011 116 214 135 223
chair 0.0011 166 451 264 498
chair 0.0010 103 449 351 494
chair 0.0010 154 325 383 492
sofa 0.0115 251 245 370 347
sofa 0.0019 246 321 379 427
sofa 0.0013 276 271 345 328
sofa 0.0012 282 233 375 289
sofa 0.0011 287 289 376 352
sofa 0.0011 234 245 373 482
pottedplant 0.5613 64 226 165 326
pottedplant 0.1247 294 134 353 199
pottedplant 0.1029 1 247 37 314
pottedplant 0.0855 167 239 214 329
pottedplant 0.0562 287 289 376 352
pottedplant 0.0512 103 234 169 289
pottedplant 0.0465 69 266 156 331
pottedplant 0.0401 -1 265 33 303
pottedplant 0.0346 52 46 325 460
pottedplant 0.0313 283 229 376 363
pottedplant 0.0294 59 226 102 296
pottedplant 0.0263 3 242 74 310
pottedplant 0.0207 0 -5 200 204
pottedplant 0.0183 19 230 103 293
pottedplant 0.0158 282 233 375 289
pottedplant 0.0153 103 245 145 283
pottedplant 0.0125 40 22 273 191
pottedplant 0.0104 292 137 360 253
pottedplant 0.0090 -1 204 58 318
pottedplant 0.0054 152 232 191 254
pottedplant 0.0050 23 221 62 307
pottedplant 0.0047 47 223 114 327
pottedplant 0.0042 20 206 136 317
pottedplant 0.0038 331 215 346 229
pottedplant 0.0038 112 242 162 313
pottedplant 0.0034 123 234 163 256
pottedplant 0.0032 135 249 172 279
pottedplant 0.0032 28 263 68 322
pottedplant 0.0025 6 241 68 269
pottedplant 0.0022 289 167 310 203
pottedplant 0.0021 146 192 296 469
pottedplant 0.0021 317 215 355 239
pottedplant 0.0020 314 225 357 244
pottedplant 0.0019 165 234 200 257
pottedplant 0.0019 0 138 56 193
pottedplant 0.0018 322 169 336 202
pottedplant 0.0017 297 161 328 241
pottedplant 0.0017 39 237 82 314
pottedplant 0.0017 0 239 38 267
pottedplant 0.0016 321 218 335 231
pottedplant 0.0016 281 281 373 431
pottedplant 0.0015 309 161 348 237
pottedplant 0.0015 0 263 56 319
pottedplant 0.0014 276 271 345 328
pottedplant 0.0014 340 189 375 245
pottedplant 0.0014 234 245 373 482
pottedplant 0.0014 333 231 376 290
pottedplant 0.0013 158 75 352 432
pottedplant 0.0013 172 241 207 267
pottedplant 0.0012 46 137 119 193
pottedplant 0.0012 133 240 173 268
pottedplant 0.0011 40 74 179 349
pottedplant 0.0011 79 219 161 265
pottedplant 0.0011 137 234 179 287
pottedplant 0.0010 132 190 170 206
diningtable 0.0012 103 449 351 494
