person 0.0236 493 241 498 256
person 0.0231 483 241 491 255
person 0.0178 107 238 118 257
person 0.0144 248 174 416 270
person 0.0097 90 186 481 271
person 0.0084 316 181 394 286
person 0.0062 112 239 123 257
person 0.0043 496 228 499 256
person 0.0037 320 222 355 285
person 0.0027 103 234 122 265
person 0.0017 113 233 124 250
person 0.0015 127 236 148 280
person 0.0013 108 225 126 257
person 0.0013 473 123 492 132
person 0.0012 85 253 97 270
person 0.0012 172 153 474 300
person 0.0012 82 227 99 240
person 0.0011 497 243 499 273
person 0.0010 109 241 127 274
person 0.0010 111 260 124 275
car 0.0198 226 229 267 246
car 0.0011 132 240 362 297
car 0.0010 224 219 327 250
aeroplane 0.9864 51 50 508 271
aeroplane 0.0066 270 173 451 267
aeroplane 0.0058 90 186 481 271
aeroplane 0.0040 314 231 498 296
aeroplane 0.0039 32 133 489 312
aeroplane 0.0021 93 146 478 241
aeroplane 0.0015 370 186 495 274
aeroplane 0.0014 293 148 493 241
aeroplane 0.0014 347 219 484 250
aeroplane 0.0010 160 228 487 292
bus 0.0010 59 60 500 294
cow 0.0013 49 53 477 301
