bird 0.0015 394 100 409 116
cat 0.0080 124 174 174 211
cat 0.0010 85 131 104 152
dog 0.0052 124 174 174 211
dog 0.0021 401 159 502 353
dog 0.0010 408 255 500 371
horse 0.0010 166 66 208 91
bottle 0.0067 106 120 121 154
bottle 0.0046 450 122 462 135
bottle 0.0039 74 178 87 194
bottle 0.0039 74 182 83 198
bottle 0.0038 455 75 478 105
bottle 0.0030 444 140 454 152
bottle 0.0030 437 138 443 151
bottle 0.0021 447 140 461 152
bottle 0.0020 111 100 124 155
bottle 0.0018 92 133 105 152
bottle 0.0018 106 126 116 149
bottle 0.0017 239 133 507 350
bottle 0.0014 444 123 452 135
bottle 0.0010 463 122 470 136
chair 0.9885 136 153 261 369
chair 0.9787 2 180 118 363
chair 0.9736 369 168 413 225
chair 0.4378 237 164 505 373
chair 0.2577 76 184 168 329
chair 0.2283 265 161 362 268
chair 0.1068 274 166 356 225
chair 0.0887 79 202 170 266
chair 0.0659 -7 162 78 183
chair 0.0630 264 152 335 209
chair 0.0601 104 158 155 192
chair 0.0364 256 135 298 192
chair 0.0282 73 163 145 273
chair 0.0225 61 152 103 191
chair 0.0165 2 160 85 198
chair 0.0165 142 181 183 254
chair 0.0161 121 173 161 208
chair 0.0140 0 167 13 345
chair 0.0130 71 194 146 245
chair 0.0126 109 163 177 268
chair 0.0125 281 184 325 200
chair 0.0121 146 184 224 337
chair 0.0102 258 133 341 236
chair 0.0101 99 187 184 246
chair 0.0083 268 154 294 189
chair 0.0067 393 169 424 225
chair 0.0067 79 236 137 262
chair 0.0066 158 190 197 253
chair 0.0064 247 171 272 260
chair 0.0059 108 163 173 206
chair 0.0059 57 133 87 155
chair 0.0053 0 191 3 329
chair 0.0048 360 183 403 219
chair 0.0041 1 173 62 337
chair 0.0034 248 141 308 257
chair 0.0033 83 203 139 215
chair 0.0032 0 172 89 220
chair 0.0032 398 180 414 224
chair 0.0026 79 155 105 190
chair 0.0026 70 263 114 370
chair 0.0025 80 177 94 190
chair 0.0025 148 222 168 258
chair 0.0024 81 177 169 216
chair 0.0024 380 155 505 372
chair 0.0024 360 166 379 199
chair 0.0023 102 179 143 259
chair 0.0023 260 153 298 239
chair 0.0022 236 290 419 370
chair 0.0021 123 176 190 219
chair 0.0019 269 179 321 205
chair 0.0018 298 196 345 207
chair 0.0018 2 158 85 279
chair 0.0017 77 225 140 279
chair 0.0017 229 108 407 275
chair 0.0017 74 178 87 194
chair 0.0015 31 181 182 278
chair 0.0015 65 153 157 199
chair 0.0015 306 183 323 188
chair 0.0014 130 176 151 188
chair 0.0014 229 163 262 265
chair 0.0014 71 241 143 377
chair 0.0014 298 187 323 195
chair 0.0014 248 209 260 256
chair 0.0013 73 134 85 153
chair 0.0013 44 174 206 374
chair 0.0013 84 249 119 338
chair 0.0012 376 167 416 199
chair 0.0012 262 181 343 247
chair 0.0010 301 155 336 208
chair 0.0010 80 190 123 200
chair 0.0010 294 186 349 202
sofa 0.8950 237 164 505 373
sofa 0.1619 255 167 373 267
sofa 0.0249 274 166 356 225
sofa 0.0070 -7 162 78 183
sofa 0.0067 380 155 505 372
sofa 0.0060 273 185 361 246
sofa 0.0037 57 143 113 185
sofa 0.0026 236 290 419 370
sofa 0.0022 264 152 335 209
sofa 0.0020 294 186 349 202
sofa 0.0020 363 180 414 222
sofa 0.0019 -1 176 108 370
sofa 0.0018 2 160 85 198
sofa 0.0016 281 184 325 200
sofa 0.0014 104 158 155 192
sofa 0.0012 256 135 298 192
sofa 0.0010 280 195 462 328
sofa 0.0010 65 153 157 199
sofa 0.0010 142 171 254 360
pottedplant 0.5605 309 158 330 183
pottedplant 0.0448 312 163 327 180
pottedplant 0.0029 309 163 331 198
pottedplant 0.0021 89 98 111 120
pottedplant 0.0020 310 159 322 174
pottedplant 0.0018 275 159 354 210
pottedplant 0.0018 124 174 174 211
pottedplant 0.0016 394 100 409 116
pottedplant 0.0016 310 166 322 180
pottedplant 0.0014 364 167 378 182
pottedplant 0.0013 301 155 336 208
pottedplant 0.0012 85 131 104 152
pottedplant 0.0012 439 159 449 168
pottedplant 0.0011 436 159 444 168
pottedplant 0.0010 360 159 380 191
diningtable 0.7786 63 191 188 349
diningtable 0.1107 66 183 185 277
diningtable 0.0825 74 193 175 248
diningtable 0.0344 110 161 259 368
diningtable 0.0265 74 211 146 369
diningtable 0.0188 1 184 120 389
diningtable 0.0084 -7 162 78 183
diningtable 0.0030 71 163 186 235
diningtable 0.0026 298 196 345 207
diningtable 0.0022 363 168 415 225
diningtable 0.0021 -10 192 100 237
diningtable 0.0018 0 172 89 220
diningtable 0.0017 294 186 349 202
diningtable 0.0016 255 167 373 267
diningtable 0.0012 83 203 139 215
diningtable 0.0011 274 166 356 225
tvmonitor 0.0165 104 158 155 192
tvmonitor 0.0061 72 154 107 190
tvmonitor 0.0016 57 143 113 185
tvmonitor 0.0016 65 153 157 199
