person 0.9986 186 22 322 252
person 0.0127 150 56 344 313
person 0.0074 0 125 26 222
person 0.0061 333 9 354 22
person 0.0055 424 4 431 14
person 0.0052 419 9 433 20
person 0.0039 -1 57 32 292
person 0.0025 364 3 371 11
person 0.0024 0 83 58 230
person 0.0020 0 76 21 200
person 0.0016 354 13 367 23
person 0.0014 400 10 417 20
person 0.0012 0 141 64 203
person 0.0012 391 4 405 11
person 0.0011 0 139 22 286
person 0.0010 360 11 377 21
bicycle 0.8950 111 109 327 330
bicycle 0.6952 3 87 161 299
bicycle 0.6327 251 175 460 349
bicycle 0.5845 24 120 151 250
bicycle 0.1580 207 36 350 250
bicycle 0.0810 0 115 57 274
bicycle 0.0518 191 64 315 215
bicycle 0.0466 257 255 330 357
bicycle 0.0369 0 139 22 286
bicycle 0.0359 260 218 386 360
bicycle 0.0297 152 94 271 202
bicycle 0.0169 182 102 250 173
bicycle 0.0153 0 129 63 191
bicycle 0.0142 0 110 31 311
bicycle 0.0138 259 221 301 279
bicycle 0.0077 0 125 26 222
bicycle 0.0070 123 192 286 320
bicycle 0.0060 114 71 464 368
bicycle 0.0047 257 172 389 274
bicycle 0.0044 2 165 44 262
bicycle 0.0040 267 92 460 290
bicycle 0.0038 181 120 330 243
bicycle 0.0036 253 123 379 241
bicycle 0.0035 6 110 126 206
bicycle 0.0033 258 207 336 266
bicycle 0.0031 0 187 8 268
bicycle 0.0024 180 57 256 184
bicycle 0.0021 -1 161 65 221
bicycle 0.0015 297 128 448 239
bicycle 0.0015 61 141 149 208
bicycle 0.0014 302 76 366 232
bicycle 0.0014 333 9 354 22
bicycle 0.0013 219 65 349 168
bicycle 0.0013 348 175 464 273
bicycle 0.0012 13 30 338 337
bicycle 0.0011 374 196 453 308
bicycle 0.0010 53 53 302 243
bicycle 0.0010 92 133 161 181
bicycle 0.0010 171 89 242 153
car 0.7153 360 4 420 23
car 0.6911 450 3 485 22
car 0.2014 419 9 433 20
car 0.1413 333 9 354 22
car 0.1014 324 7 359 24
car 0.0985 377 6 438 21
car 0.0640 409 8 430 20
car 0.0465 451 7 465 20
car 0.0221 360 11 377 21
car 0.0177 341 7 398 23
car 0.0173 429 10 444 19
car 0.0134 354 13 367 23
car 0.0099 333 6 353 13
car 0.0096 315 11 333 23
car 0.0086 342 3 438 27
car 0.0057 400 10 417 20
car 0.0054 452 5 466 15
car 0.0046 324 10 340 23
car 0.0043 341 18 358 24
car 0.0043 455 3 475 15
car 0.0042 297 5 348 25
car 0.0041 391 4 405 11
car 0.0028 472 9 482 20
car 0.0028 369 9 388 20
car 0.0027 381 4 400 11
car 0.0026 407 7 446 22
car 0.0024 409 6 426 13
car 0.0018 424 4 431 14
car 0.0016 315 19 332 26
car 0.0014 336 18 351 24
car 0.0013 424 5 471 22
car 0.0012 364 3 371 11
car 0.0011 313 4 334 26
car 0.0011 401 5 415 12
car 0.0010 391 9 405 20
motorbike 0.0066 0 115 57 274
motorbike 0.0019 333 9 354 22
motorbike 0.0011 0 125 26 222
bus 0.0020 362 4 430 23
bus 0.0010 324 7 359 24
bird 0.0012 402 79 414 89
bottle 0.0020 81 131 97 170
bottle 0.0017 341 52 353 80
chair 0.0849 207 36 350 250
chair 0.0067 191 64 315 215
chair 0.0053 278 73 359 239
chair 0.0040 253 117 467 342
chair 0.0035 312 75 357 158
chair 0.0020 150 56 344 313
chair 0.0016 320 52 343 78
chair 0.0012 219 65 349 168
chair 0.0012 0 125 23 263
pottedplant 0.0010 353 80 367 127
diningtable 0.0010 113 67 327 311
tvmonitor 0.0381 344 122 467 232
tvmonitor 0.0010 392 107 468 164
