person 0.9955 325 289 354 371
person 0.9917 279 294 311 372
person 0.9763 389 342 409 375
person 0.9550 415 346 447 376
person 0.8650 363 340 383 374
person 0.3738 394 169 401 176
person 0.2467 387 171 393 176
person 0.2287 279 158 293 172
person 0.1542 334 160 343 169
person 0.1455 284 161 294 171
person 0.0781 276 168 293 174
person 0.0768 392 159 400 168
person 0.0673 332 162 338 168
person 0.0528 285 169 296 173
person 0.0523 389 161 395 169
person 0.0519 187 172 204 187
person 0.0472 366 337 378 355
person 0.0416 441 367 449 375
person 0.0292 403 173 409 177
person 0.0282 365 354 378 373
person 0.0268 30 170 36 177
person 0.0243 332 167 344 171
person 0.0162 366 347 377 364
person 0.0127 382 358 391 372
person 0.0105 101 168 118 175
person 0.0097 379 173 386 177
person 0.0094 365 335 386 363
person 0.0079 371 357 383 374
person 0.0075 346 316 356 335
person 0.0075 353 337 371 373
person 0.0075 48 178 56 186
person 0.0072 393 347 404 365
person 0.0071 343 324 375 374
person 0.0071 19 169 28 176
person 0.0067 238 176 246 189
person 0.0062 330 168 338 171
person 0.0057 9 180 19 187
person 0.0053 391 152 400 160
person 0.0052 42 171 47 178
person 0.0051 266 295 302 369
person 0.0050 28 178 40 184
person 0.0047 385 350 393 364
person 0.0045 38 178 47 185
person 0.0044 356 357 367 372
person 0.0043 333 148 344 160
person 0.0042 329 307 349 362
person 0.0042 250 177 263 192
person 0.0039 304 344 313 359
person 0.0038 17 180 28 186
person 0.0037 382 342 400 374
person 0.0036 479 153 491 156
person 0.0036 392 356 405 374
person 0.0033 365 332 376 347
person 0.0032 412 358 423 372
person 0.0030 382 366 392 376
person 0.0030 273 171 281 174
person 0.0030 389 176 406 179
person 0.0029 492 312 499 380
person 0.0029 371 346 382 365
person 0.0027 476 154 481 157
person 0.0027 376 165 416 180
person 0.0026 2 177 6 188
person 0.0025 315 366 327 376
person 0.0024 455 153 460 156
person 0.0022 297 169 306 172
person 0.0022 395 347 416 377
person 0.0022 290 301 310 334
person 0.0019 347 310 355 328
person 0.0018 372 340 409 376
person 0.0018 301 343 310 361
person 0.0017 369 337 382 357
person 0.0016 35 302 400 374
person 0.0016 393 366 406 376
person 0.0016 303 308 315 362
person 0.0015 330 292 350 343
person 0.0014 279 295 288 304
person 0.0013 380 176 399 179
person 0.0013 343 310 358 344
person 0.0012 403 177 413 179
person 0.0012 497 331 499 379
person 0.0012 296 307 312 361
person 0.0012 422 155 428 158
person 0.0012 357 325 368 344
person 0.0011 405 356 414 372
person 0.0011 103 162 116 172
person 0.0011 351 320 369 354
person 0.0011 408 351 427 375
person 0.0011 100 169 108 174
person 0.0011 283 296 305 324
person 0.0011 424 351 433 360
person 0.0011 460 155 466 157
person 0.0011 356 348 365 366
person 0.0010 47 172 52 179
person 0.0010 491 152 497 156
person 0.0010 389 152 396 159
person 0.0010 386 151 406 177
person 0.0010 413 178 419 180
person 0.0010 324 360 340 373
person 0.0010 13 172 20 179
boat 0.4736 279 158 293 172
boat 0.3421 334 160 343 169
boat 0.3397 101 168 118 175
boat 0.2921 376 165 416 180
boat 0.2852 333 148 344 160
boat 0.2609 276 154 296 174
boat 0.2576 276 168 293 174
boat 0.2575 252 292 413 371
boat 0.2446 6 171 63 191
boat 0.1624 6 138 63 189
boat 0.1587 330 141 346 170
boat 0.1372 332 167 344 171
boat 0.1336 386 151 406 177
boat 0.1197 98 165 144 174
boat 0.0959 392 159 400 168
boat 0.0941 479 153 491 156
boat 0.0939 391 152 400 160
boat 0.0903 285 169 296 173
boat 0.0721 284 161 294 171
boat 0.0659 422 155 428 158
boat 0.0604 394 169 401 176
boat 0.0575 418 155 423 158
boat 0.0496 455 153 460 156
boat 0.0468 332 162 338 168
boat 0.0417 476 154 481 157
boat 0.0388 6 149 43 178
boat 0.0369 330 168 338 171
boat 0.0321 491 152 497 156
boat 0.0271 387 171 393 176
boat 0.0234 372 175 421 181
boat 0.0207 265 165 305 176
boat 0.0203 330 150 340 158
boat 0.0203 460 155 466 157
boat 0.0198 27 0 314 378
boat 0.0188 5 158 46 187
boat 0.0162 389 176 406 179
boat 0.0161 380 176 399 179
boat 0.0148 100 169 108 174
boat 0.0130 389 152 396 159
boat 0.0129 423 158 428 160
boat 0.0115 103 162 116 172
boat 0.0111 21 146 40 182
boat 0.0102 277 138 296 172
boat 0.0102 46 298 443 375
boat 0.0101 20 159 475 378
boat 0.0099 102 161 153 172
boat 0.0098 273 171 281 174
boat 0.0096 389 161 395 169
boat 0.0093 379 173 386 177
boat 0.0088 114 167 144 172
boat 0.0080 19 169 28 176
boat 0.0068 116 164 143 169
boat 0.0065 403 177 413 179
boat 0.0058 107 168 129 173
boat 0.0058 285 151 294 159
boat 0.0057 334 142 341 153
boat 0.0053 3 186 26 191
boat 0.0048 307 329 397 374
boat 0.0044 13 155 35 186
boat 0.0044 417 158 422 160
boat 0.0042 250 177 263 192
boat 0.0039 38 178 47 185
boat 0.0039 48 178 56 186
boat 0.0035 146 167 151 170
boat 0.0034 433 155 439 157
boat 0.0033 282 152 290 160
boat 0.0032 462 158 465 160
boat 0.0031 9 180 19 187
boat 0.0031 144 165 152 168
boat 0.0029 17 159 30 169
boat 0.0028 28 178 40 184
boat 0.0028 376 176 388 179
boat 0.0028 307 169 316 172
boat 0.0027 11 186 33 191
boat 0.0027 403 173 409 177
boat 0.0026 1 155 3 170
boat 0.0026 312 152 353 171
boat 0.0025 99 153 119 175
boat 0.0025 496 159 499 162
boat 0.0023 297 169 306 172
boat 0.0023 2 183 66 193
boat 0.0022 445 154 451 156
boat 0.0022 -8 160 137 192
boat 0.0020 1 186 6 194
boat 0.0020 133 163 144 167
boat 0.0020 291 300 494 374
boat 0.0018 17 180 28 186
boat 0.0018 30 170 36 177
boat 0.0017 380 160 402 181
boat 0.0016 21 173 79 189
boat 0.0016 2 177 6 188
boat 0.0015 26 157 36 168
boat 0.0015 331 131 347 161
boat 0.0013 14 139 35 173
boat 0.0013 314 145 351 163
boat 0.0013 54 181 65 187
boat 0.0013 266 167 338 174
boat 0.0012 407 154 413 157
boat 0.0011 211 6 362 358
boat 0.0011 413 178 419 180
bird 0.0010 476 154 481 157
dog 0.0010 187 172 204 187
chair 0.0035 187 172 204 187
pottedplant 0.0011 187 172 204 187
