person 0.0192 430 283 498 379
person 0.0090 473 316 498 378
person 0.0043 491 305 500 352
person 0.0028 489 322 499 370
person 0.0026 312 260 320 280
person 0.0025 439 289 497 339
person 0.0025 372 307 410 370
person 0.0017 477 268 496 362
person 0.0016 315 262 324 282
person 0.0013 380 320 441 373
cat 0.0013 206 297 287 371
cat 0.0010 313 256 329 283
dog 0.0021 379 317 415 375
bottle 0.0979 79 211 89 226
bottle 0.0396 491 305 500 352
bottle 0.0254 250 263 261 277
bottle 0.0226 80 209 87 221
bottle 0.0207 494 315 499 340
bottle 0.0180 83 212 93 227
bottle 0.0172 59 193 109 225
bottle 0.0165 315 262 324 282
bottle 0.0121 44 207 61 222
bottle 0.0118 493 326 499 349
bottle 0.0106 447 310 464 337
bottle 0.0099 65 210 74 220
bottle 0.0095 56 209 68 220
bottle 0.0091 312 260 320 280
bottle 0.0080 489 322 499 370
bottle 0.0072 240 265 250 277
bottle 0.0054 496 309 500 328
bottle 0.0040 62 215 78 224
bottle 0.0031 259 263 271 275
bottle 0.0031 491 336 498 354
bottle 0.0028 92 196 110 227
bottle 0.0020 248 255 264 281
bottle 0.0020 363 350 377 365
bottle 0.0020 55 214 70 224
bottle 0.0019 40 204 68 225
bottle 0.0019 83 208 92 222
bottle 0.0019 493 355 500 376
bottle 0.0016 452 366 466 377
bottle 0.0016 313 256 329 283
bottle 0.0012 474 294 497 373
bottle 0.0010 42 207 51 223
chair 0.9970 208 288 308 379
chair 0.5249 430 283 498 379
chair 0.3832 379 317 415 375
chair 0.2440 439 289 497 339
chair 0.1760 445 289 500 313
chair 0.0121 376 307 441 373
chair 0.0110 320 305 364 371
chair 0.0105 455 305 497 332
chair 0.0094 414 319 444 373
chair 0.0094 433 303 476 368
chair 0.0065 474 294 497 373
chair 0.0062 397 334 417 374
chair 0.0061 215 322 308 369
chair 0.0057 416 342 440 372
chair 0.0055 364 305 394 361
chair 0.0054 493 355 500 376
chair 0.0041 455 353 498 375
chair 0.0039 452 364 465 375
chair 0.0035 496 309 500 328
chair 0.0035 490 333 500 379
chair 0.0030 397 338 440 374
chair 0.0025 497 293 499 325
chair 0.0025 493 284 499 353
chair 0.0024 59 193 109 225
chair 0.0023 311 257 372 371
chair 0.0023 494 248 499 349
chair 0.0020 448 315 495 376
chair 0.0020 328 274 376 356
chair 0.0020 497 282 499 316
chair 0.0020 411 352 442 376
chair 0.0019 170 323 224 373
chair 0.0018 389 322 471 373
chair 0.0015 489 314 499 357
chair 0.0015 428 321 446 370
chair 0.0015 329 279 376 303
chair 0.0015 494 315 499 340
chair 0.0014 497 267 499 291
chair 0.0013 455 363 472 374
chair 0.0012 497 272 499 305
chair 0.0012 325 266 381 313
chair 0.0012 493 326 499 349
chair 0.0010 461 316 493 336
chair 0.0010 303 297 336 373
chair 0.0010 491 336 498 354
sofa 0.0454 430 283 498 379
sofa 0.0101 439 289 497 339
sofa 0.0020 445 289 500 313
sofa 0.0010 207 284 286 380
pottedplant 0.0027 54 193 114 227
diningtable 0.4715 432 316 498 376
diningtable 0.0177 455 353 498 375
diningtable 0.0100 216 292 332 376
diningtable 0.0087 446 291 500 322
diningtable 0.0079 401 293 500 381
diningtable 0.0047 473 316 498 378
diningtable 0.0027 489 346 500 383
diningtable 0.0019 433 303 476 368
diningtable 0.0018 455 305 497 332
diningtable 0.0015 445 341 489 373
diningtable 0.0014 493 355 500 376
diningtable 0.0010 244 288 398 374
tvmonitor 0.8893 271 233 316 271
tvmonitor 0.0041 323 315 359 374
tvmonitor 0.0033 254 247 267 256
tvmonitor 0.0031 494 188 499 294
tvmonitor 0.0025 329 279 376 303
tvmonitor 0.0023 487 122 499 308
tvmonitor 0.0010 493 130 500 198
