person 0.9924 126 27 166 65
person 0.9801 263 2 295 71
person 0.9754 45 40 78 99
person 0.9456 200 33 233 60
person 0.9048 18 38 46 96
person 0.4666 3 42 20 77
person 0.2006 0 44 6 72
person 0.1696 1 41 12 77
person 0.1405 77 51 99 79
person 0.0928 102 55 119 71
person 0.0837 97 45 127 70
person 0.0665 147 77 214 120
person 0.0601 203 32 232 104
person 0.0553 141 78 179 116
person 0.0549 0 51 4 80
person 0.0481 6 45 17 67
person 0.0333 28 42 101 91
person 0.0281 1 35 323 212
person 0.0268 106 53 127 68
person 0.0244 1 40 5 59
person 0.0231 167 36 188 59
person 0.0216 175 79 216 113
person 0.0207 16 38 33 81
person 0.0199 9 58 20 78
person 0.0189 342 13 375 64
person 0.0177 24 84 425 354
person 0.0173 60 45 82 85
person 0.0166 270 6 291 54
person 0.0165 16 66 25 83
person 0.0163 231 41 238 54
person 0.0148 10 65 22 83
person 0.0145 0 45 9 105
person 0.0126 4 57 24 93
person 0.0123 445 106 484 169
person 0.0123 12 45 262 109
person 0.0115 82 56 96 75
person 0.0092 0 59 4 91
person 0.0087 129 34 167 123
person 0.0084 46 44 80 75
person 0.0081 189 51 219 112
person 0.0080 188 72 210 100
person 0.0075 486 8 499 49
person 0.0061 454 25 499 49
person 0.0060 70 41 103 91
person 0.0060 93 33 113 66
person 0.0060 -1 34 25 92
person 0.0060 129 90 167 122
person 0.0057 0 25 10 73
person 0.0056 275 99 355 146
person 0.0054 438 6 498 49
person 0.0053 191 76 207 93
person 0.0048 78 52 123 77
person 0.0045 36 57 52 96
person 0.0044 66 46 78 64
person 0.0042 42 55 63 97
person 0.0042 20 41 30 57
person 0.0038 179 41 193 57
person 0.0038 465 11 499 46
person 0.0037 5 63 42 94
person 0.0033 493 15 498 43
person 0.0033 130 65 235 107
person 0.0031 268 112 319 135
person 0.0031 12 60 32 93
person 0.0030 316 99 397 148
person 0.0029 220 38 231 55
person 0.0028 477 20 499 53
person 0.0028 74 46 105 74
person 0.0028 140 48 175 119
person 0.0027 38 49 50 63
person 0.0027 227 34 245 63
person 0.0026 11 53 84 103
person 0.0026 211 43 219 53
person 0.0025 49 46 438 97
person 0.0023 77 60 89 74
person 0.0023 439 93 476 157
person 0.0021 96 55 108 72
person 0.0021 127 88 166 147
person 0.0021 58 45 67 55
person 0.0021 128 25 154 57
person 0.0020 37 42 51 58
person 0.0020 0 65 9 126
person 0.0020 100 34 134 66
person 0.0020 113 77 182 126
person 0.0019 5 46 45 84
person 0.0019 19 47 27 65
person 0.0019 1 66 4 105
person 0.0018 196 52 214 100
person 0.0018 328 110 420 156
person 0.0017 259 6 272 70
person 0.0016 205 39 229 74
person 0.0015 34 40 53 76
person 0.0015 -9 28 140 113
person 0.0015 1 90 10 139
person 0.0015 12 73 52 100
person 0.0015 96 39 193 78
person 0.0015 230 31 253 66
person 0.0014 210 34 221 47
person 0.0014 155 88 200 116
person 0.0014 -1 59 26 140
person 0.0014 438 127 478 160
bicycle 0.0046 2 72 43 100
bicycle 0.0023 25 77 42 92
bicycle 0.0019 44 87 58 101
bicycle 0.0018 0 51 4 80
bicycle 0.0015 23 73 45 99
bicycle 0.0014 42 69 61 102
bicycle 0.0012 36 69 53 102
car 0.9967 0 55 290 241
car 0.9554 42 59 467 336
car 0.0366 255 64 314 84
car 0.0330 28 42 101 91
car 0.0236 -3 59 114 155
car 0.0217 251 65 317 75
car 0.0153 106 53 127 68
car 0.0137 8 170 353 365
car 0.0103 2 72 43 100
car 0.0097 -1 99 28 177
car 0.0084 369 46 500 77
car 0.0082 0 71 67 127
car 0.0063 12 45 262 109
car 0.0055 -18 54 138 238
car 0.0048 -1 59 26 140
car 0.0044 66 49 98 82
car 0.0043 406 51 497 104
car 0.0041 377 56 495 161
car 0.0039 236 63 323 95
car 0.0036 11 53 84 103
car 0.0034 36 42 70 98
car 0.0033 1 107 21 249
car 0.0030 -1 61 64 176
car 0.0026 -9 28 140 113
car 0.0025 95 53 127 74
car 0.0023 44 45 80 89
car 0.0021 58 68 434 222
car 0.0020 78 52 123 77
car 0.0019 0 83 45 155
car 0.0018 1 90 91 144
car 0.0018 22 119 252 234
car 0.0017 2 63 87 252
car 0.0017 0 65 9 126
car 0.0016 434 15 501 63
car 0.0015 49 46 438 97
car 0.0013 60 42 145 80
car 0.0012 339 13 404 64
car 0.0011 2 109 62 164
car 0.0010 496 69 499 102
car 0.0010 363 38 501 118
car 0.0010 491 62 499 129
car 0.0010 0 129 31 158
motorbike 0.0124 2 72 43 100
motorbike 0.0063 10 77 279 267
motorbike 0.0052 32 119 477 384
motorbike 0.0047 3 71 87 130
motorbike 0.0042 4 46 22 83
motorbike 0.0037 -1 83 27 160
motorbike 0.0035 -2 56 68 108
motorbike 0.0032 0 129 31 158
motorbike 0.0021 0 51 4 80
motorbike 0.0020 -1 114 26 154
motorbike 0.0018 0 99 24 129
motorbike 0.0013 -1 61 64 176
motorbike 0.0013 0 82 11 128
motorbike 0.0012 23 73 45 99
motorbike 0.0012 66 49 98 82
motorbike 0.0010 0 93 9 154
bus 0.0281 24 84 425 354
bus 0.0014 17 81 310 266
bus 0.0013 5 -2 134 95
bus 0.0012 16 214 341 379
