person 0.0060 200 281 212 288
person 0.0032 200 101 211 108
person 0.0031 193 282 203 288
person 0.0031 211 283 217 288
person 0.0029 182 87 194 97
person 0.0018 194 99 204 105
person 0.0014 162 99 172 107
person 0.0012 354 283 365 291
person 0.0010 26 300 38 311
car 0.0031 0 281 47 308
car 0.0019 158 284 233 304
car 0.0015 488 301 498 308
car 0.0014 254 284 326 306
aeroplane 0.9117 142 110 192 139
aeroplane 0.8247 142 81 197 106
aeroplane 0.6616 174 99 218 127
aeroplane 0.5786 129 98 198 137
aeroplane 0.3803 0 275 52 298
aeroplane 0.2652 139 87 196 118
aeroplane 0.1519 159 274 239 308
aeroplane 0.1199 0 281 47 308
aeroplane 0.0963 245 278 323 310
aeroplane 0.0828 38 278 135 306
aeroplane 0.0677 166 277 227 299
aeroplane 0.0530 313 274 392 309
aeroplane 0.0499 194 98 217 126
aeroplane 0.0451 0 273 23 301
aeroplane 0.0404 125 91 172 118
aeroplane 0.0385 256 279 312 298
aeroplane 0.0313 3 270 61 289
aeroplane 0.0261 8 277 75 293
aeroplane 0.0213 35 271 90 286
aeroplane 0.0209 163 106 209 135
aeroplane 0.0200 -3 275 104 305
aeroplane 0.0174 55 270 438 309
aeroplane 0.0167 35 276 89 293
aeroplane 0.0162 161 90 213 122
aeroplane 0.0134 71 278 257 302
aeroplane 0.0133 150 286 230 305
aeroplane 0.0108 1 271 10 284
aeroplane 0.0097 200 101 211 108
aeroplane 0.0091 189 88 200 99
aeroplane 0.0086 158 116 194 141
aeroplane 0.0073 1 279 11 291
aeroplane 0.0073 43 279 119 294
aeroplane 0.0070 174 82 218 109
aeroplane 0.0063 1 279 23 293
aeroplane 0.0062 9 261 127 294
aeroplane 0.0056 179 82 192 91
aeroplane 0.0052 117 85 183 109
aeroplane 0.0052 186 275 243 300
aeroplane 0.0042 186 93 222 119
aeroplane 0.0042 198 106 213 119
aeroplane 0.0040 199 273 216 284
aeroplane 0.0039 52 270 111 286
aeroplane 0.0038 33 271 53 280
aeroplane 0.0037 182 87 194 97
aeroplane 0.0036 130 279 351 304
aeroplane 0.0035 -1 252 61 300
aeroplane 0.0034 35 288 128 302
aeroplane 0.0034 386 279 489 309
aeroplane 0.0033 0 262 14 293
aeroplane 0.0030 194 99 204 105
aeroplane 0.0028 0 244 31 307
aeroplane 0.0027 185 271 226 288
aeroplane 0.0027 4 272 19 285
aeroplane 0.0026 60 271 85 279
aeroplane 0.0020 279 278 345 296
aeroplane 0.0019 9 269 259 308
aeroplane 0.0018 372 254 506 317
aeroplane 0.0018 241 266 495 311
aeroplane 0.0016 171 80 188 90
aeroplane 0.0016 165 78 205 98
aeroplane 0.0016 52 274 74 281
aeroplane 0.0014 0 294 42 311
aeroplane 0.0013 98 274 198 282
aeroplane 0.0013 0 267 33 291
aeroplane 0.0013 153 90 164 97
aeroplane 0.0013 11 285 73 302
aeroplane 0.0013 128 78 192 96
aeroplane 0.0013 171 118 186 129
aeroplane 0.0012 192 108 206 119
aeroplane 0.0012 397 289 495 319
aeroplane 0.0012 1 266 42 317
aeroplane 0.0012 326 276 464 307
aeroplane 0.0011 2 289 8 301
aeroplane 0.0011 248 286 305 304
aeroplane 0.0011 53 260 91 280
aeroplane 0.0011 1 275 15 314
aeroplane 0.0011 164 126 174 135
bus 0.0047 158 284 233 304
bus 0.0010 254 284 326 306
boat 0.7537 251 285 316 305
boat 0.5954 158 284 233 304
boat 0.5376 318 285 382 305
boat 0.5171 386 279 489 309
boat 0.2473 313 274 392 309
boat 0.1890 38 278 135 306
boat 0.1800 0 275 52 298
boat 0.1154 57 279 125 293
boat 0.1144 248 278 342 309
boat 0.0929 0 281 47 308
boat 0.0880 397 289 495 319
boat 0.0867 256 279 312 298
boat 0.0788 397 280 477 297
boat 0.0760 403 252 498 298
boat 0.0712 39 287 142 301
boat 0.0538 125 277 243 305
boat 0.0494 382 295 493 309
boat 0.0467 38 276 107 294
boat 0.0414 178 276 233 300
boat 0.0308 48 270 95 285
boat 0.0302 0 273 23 301
boat 0.0229 60 271 85 279
boat 0.0227 488 301 498 308
boat 0.0212 63 270 119 287
boat 0.0201 333 276 385 300
boat 0.0200 488 291 498 303
boat 0.0190 339 288 398 305
boat 0.0162 8 277 75 293
boat 0.0152 3 270 61 289
boat 0.0124 33 260 137 295
boat 0.0098 217 294 234 302
boat 0.0077 25 270 81 287
boat 0.0071 252 295 316 308
boat 0.0067 317 295 383 307
boat 0.0063 326 276 464 307
boat 0.0063 33 271 53 280
boat 0.0061 373 299 386 307
boat 0.0060 71 271 88 278
boat 0.0060 415 256 498 279
boat 0.0059 1 287 23 302
boat 0.0055 52 274 74 281
boat 0.0055 135 289 220 303
boat 0.0047 55 270 438 309
boat 0.0047 485 266 499 308
boat 0.0046 374 283 386 292
boat 0.0044 130 279 351 304
boat 0.0044 47 281 74 289
boat 0.0044 73 263 85 275
boat 0.0043 187 286 242 303
boat 0.0042 478 282 499 310
boat 0.0040 480 292 495 301
boat 0.0040 419 289 491 305
boat 0.0038 34 279 257 302
boat 0.0038 392 302 402 310
boat 0.0037 28 291 145 315
boat 0.0036 424 269 508 309
boat 0.0035 372 254 506 317
boat 0.0035 53 260 91 280
boat 0.0034 279 278 345 296
boat 0.0034 1 279 23 293
boat 0.0033 378 299 398 308
boat 0.0030 277 286 346 304
boat 0.0029 322 293 340 302
boat 0.0027 479 300 497 309
boat 0.0026 1 258 98 295
boat 0.0025 1 279 11 291
boat 0.0024 0 294 42 311
boat 0.0023 40 273 63 281
boat 0.0022 77 280 161 292
boat 0.0022 372 292 386 302
boat 0.0022 400 271 475 286
boat 0.0022 300 288 363 304
boat 0.0022 241 266 495 311
boat 0.0021 -3 275 104 305
boat 0.0021 0 244 31 307
boat 0.0021 -1 252 61 300
boat 0.0021 199 273 216 284
boat 0.0020 1 271 10 284
boat 0.0020 200 281 212 288
boat 0.0020 386 288 452 304
boat 0.0020 413 266 498 284
boat 0.0019 493 279 498 297
boat 0.0018 384 293 397 302
boat 0.0017 102 280 119 287
boat 0.0017 0 262 14 293
boat 0.0016 390 292 405 300
boat 0.0016 270 282 296 289
boat 0.0016 351 258 481 293
boat 0.0016 385 299 450 309
boat 0.0015 65 264 82 276
boat 0.0015 349 293 372 300
boat 0.0014 168 291 186 298
boat 0.0014 33 287 90 302
boat 0.0014 345 282 358 290
boat 0.0013 320 298 342 305
boat 0.0012 216 299 236 304
boat 0.0012 1 275 15 314
boat 0.0012 2 289 8 301
boat 0.0011 376 280 421 295
boat 0.0011 366 288 412 305
