person 0.9997 232 65 493 358
person 0.9914 75 116 282 380
person 0.0227 0 78 105 198
person 0.0085 7 91 418 375
person 0.0054 -1 169 118 287
person 0.0042 463 88 485 126
person 0.0035 0 126 9 179
person 0.0030 -2 143 115 239
person 0.0023 -2 55 111 324
person 0.0016 -14 163 128 367
person 0.0012 1 60 29 372
person 0.0010 0 100 16 213
bottle 0.0083 164 40 503 363
chair 0.0291 72 257 105 325
chair 0.0059 -5 195 117 326
chair 0.0044 2 214 24 332
chair 0.0041 4 315 92 363
chair 0.0039 205 61 470 343
chair 0.0039 60 185 117 328
chair 0.0038 4 213 88 373
chair 0.0024 84 289 124 372
chair 0.0022 71 208 108 305
chair 0.0016 3 203 59 341
chair 0.0015 1 178 104 218
chair 0.0014 0 78 105 198
chair 0.0013 422 213 490 327
chair 0.0013 10 262 89 322
chair 0.0012 0 240 7 336
chair 0.0011 21 132 266 368
chair 0.0011 486 130 498 340
sofa 0.0018 233 143 491 379
sofa 0.0013 -5 195 117 326
sofa 0.0012 164 40 503 363
sofa 0.0012 14 121 413 387
diningtable 0.0094 147 295 334 375
diningtable 0.0037 -5 306 102 376
diningtable 0.0021 0 324 73 373
diningtable 0.0010 186 299 463 370
