person 0.9021 142 154 434 365
person 0.5796 6 161 341 374
person 0.0680 158 107 417 292
person 0.0253 304 158 485 365
person 0.0219 223 200 360 322
person 0.0072 246 173 397 277
person 0.0072 -5 161 141 375
person 0.0032 471 38 502 317
person 0.0030 475 145 499 293
person 0.0026 53 251 294 357
person 0.0023 480 160 499 383
person 0.0018 477 111 495 245
person 0.0017 121 168 385 282
person 0.0016 209 245 370 352
person 0.0012 62 311 294 372
person 0.0011 -1 84 436 310
bird 0.0012 452 141 472 169
cat 0.0011 223 200 360 322
bottle 0.8625 403 127 431 198
bottle 0.4261 264 305 299 367
bottle 0.1224 405 128 426 160
bottle 0.0443 452 141 472 169
bottle 0.0138 400 130 424 177
bottle 0.0074 409 159 433 202
bottle 0.0021 456 141 478 183
bottle 0.0020 458 140 472 153
bottle 0.0017 455 133 489 190
chair 0.1096 471 156 500 390
chair 0.1000 475 168 500 305
chair 0.0490 446 172 503 374
chair 0.0204 9 199 490 376
chair 0.0168 244 159 481 369
chair 0.0066 483 187 500 393
chair 0.0056 440 136 501 299
chair 0.0055 427 181 489 325
chair 0.0038 316 112 425 161
chair 0.0032 355 332 422 374
chair 0.0031 477 126 498 269
chair 0.0023 101 253 124 284
chair 0.0023 367 114 461 158
chair 0.0017 0 152 4 289
chair 0.0015 78 252 125 286
chair 0.0015 0 164 194 371
chair 0.0013 283 166 445 274
chair 0.0013 469 96 502 299
chair 0.0012 60 155 211 280
chair 0.0011 436 228 480 318
chair 0.0011 78 252 143 332
sofa 0.9821 18 144 484 377
sofa 0.2254 112 116 394 334
sofa 0.0426 0 164 194 371
sofa 0.0117 60 155 211 280
sofa 0.0060 475 168 500 305
sofa 0.0030 471 156 500 390
sofa 0.0029 200 157 449 371
sofa 0.0024 121 168 385 282
sofa 0.0014 -3 90 208 307
sofa 0.0013 3 249 129 368
sofa 0.0013 62 311 294 372
sofa 0.0012 440 136 501 299
sofa 0.0010 469 96 502 299
sofa 0.0010 477 126 498 269
pottedplant 0.8995 286 -5 446 166
pottedplant 0.0184 452 141 472 169
pottedplant 0.0128 314 116 402 161
pottedplant 0.0096 455 133 489 190
pottedplant 0.0071 331 60 456 163
pottedplant 0.0045 303 102 440 183
pottedplant 0.0030 452 111 489 174
pottedplant 0.0023 367 114 461 158
pottedplant 0.0021 275 21 465 259
pottedplant 0.0012 414 135 493 187
pottedplant 0.0011 458 140 472 153
pottedplant 0.0010 323 103 467 146
diningtable 0.0080 431 157 505 201
diningtable 0.0079 475 168 500 305
diningtable 0.0055 440 136 501 299
diningtable 0.0051 433 169 502 217
diningtable 0.0051 384 142 498 231
diningtable 0.0045 471 156 500 390
diningtable 0.0045 441 181 494 204
diningtable 0.0023 446 172 503 374
diningtable 0.0014 385 157 478 198
