person 0.0089 56 243 65 250
person 0.0026 56 238 65 249
person 0.0024 279 278 301 301
person 0.0013 49 244 60 249
bicycle 0.7906 255 226 288 261
bicycle 0.0109 295 234 312 264
bicycle 0.0039 294 232 306 254
bicycle 0.0030 255 240 274 258
bicycle 0.0026 261 238 283 257
bicycle 0.0011 264 231 281 250
car 0.0015 495 245 499 253
car 0.0013 1 233 8 244
boat 0.0015 1 233 8 244
boat 0.0010 0 225 9 240
bird 0.0041 278 278 292 295
bird 0.0038 279 278 301 301
bottle 0.0026 331 286 349 304
chair 0.0090 255 226 288 261
pottedplant 0.1205 95 270 131 302
pottedplant 0.0154 91 256 151 300
pottedplant 0.0089 144 274 166 286
pottedplant 0.0021 96 259 142 280
pottedplant 0.0013 3 270 128 307
pottedplant 0.0011 130 280 147 294
pottedplant 0.0011 126 263 149 294
pottedplant 0.0010 131 275 167 297
