person 0.9998 188 49 335 308
person 0.0486 210 129 374 341
person 0.0143 374 9 423 82
person 0.0035 298 3 427 81
person 0.0012 191 65 322 180
bicycle 0.0013 210 129 374 341
bird 0.0012 408 91 426 118
cat 0.0050 408 91 426 118
dog 0.0010 408 91 426 118
bottle 0.0096 196 92 210 121
bottle 0.0080 408 91 426 118
bottle 0.0052 443 94 452 116
bottle 0.0036 439 82 454 116
bottle 0.0032 408 95 415 117
bottle 0.0021 450 90 457 118
bottle 0.0012 441 85 450 105
bottle 0.0011 415 91 423 103
chair 0.9821 221 133 378 370
chair 0.0242 413 170 497 299
chair 0.0081 182 93 344 335
chair 0.0044 487 84 499 308
chair 0.0041 317 193 349 283
chair 0.0030 246 139 384 239
chair 0.0028 273 145 366 289
chair 0.0026 441 112 496 285
chair 0.0023 494 207 500 292
chair 0.0014 190 212 210 249
chair 0.0012 496 139 499 282
chair 0.0010 216 297 386 368
sofa 0.0035 231 133 396 343
sofa 0.0010 487 84 499 308
diningtable 0.0868 231 133 396 343
diningtable 0.0351 182 93 344 335
diningtable 0.0203 347 157 484 287
diningtable 0.0051 350 134 466 234
diningtable 0.0039 413 170 497 299
diningtable 0.0031 178 113 472 186
diningtable 0.0023 335 111 459 193
diningtable 0.0019 359 149 457 195
diningtable 0.0014 12 271 162 358
diningtable 0.0013 241 95 485 284
tvmonitor 0.0053 194 112 252 166
tvmonitor 0.0050 20 289 158 365
tvmonitor 0.0010 487 84 499 308
