person 0.9915 37 33 147 252
person 0.0090 46 38 128 176
person 0.0040 410 8 424 109
person 0.0030 411 45 424 170
person 0.0024 326 6 414 231
person 0.0016 412 56 424 100
car 0.0071 412 53 425 92
car 0.0031 411 45 424 170
car 0.0012 409 34 424 120
chair 0.6650 71 112 146 261
chair 0.0321 47 110 170 295
chair 0.0166 115 182 167 296
chair 0.0118 97 102 154 215
chair 0.0094 45 177 144 262
chair 0.0041 104 105 143 174
chair 0.0023 69 212 138 257
chair 0.0021 107 117 160 260
chair 0.0020 93 174 156 269
chair 0.0014 98 104 120 173
chair 0.0011 414 51 425 229
chair 0.0011 0 240 106 296
chair 0.0010 57 195 124 252
pottedplant 0.9913 332 4 395 142
pottedplant 0.9244 226 72 328 141
pottedplant 0.1414 246 34 303 88
pottedplant 0.1334 177 97 230 139
pottedplant 0.0976 326 6 414 231
pottedplant 0.0390 155 28 263 125
pottedplant 0.0262 409 45 424 139
pottedplant 0.0171 237 24 306 131
pottedplant 0.0103 412 56 424 100
pottedplant 0.0095 340 79 388 139
pottedplant 0.0092 410 8 424 109
pottedplant 0.0092 321 86 350 134
pottedplant 0.0085 181 42 316 130
pottedplant 0.0060 222 78 288 135
pottedplant 0.0055 321 63 420 152
pottedplant 0.0039 412 74 424 116
pottedplant 0.0037 413 49 425 200
pottedplant 0.0033 345 6 382 77
pottedplant 0.0032 176 105 213 133
pottedplant 0.0030 232 44 373 131
pottedplant 0.0024 181 20 303 89
pottedplant 0.0024 230 111 317 139
pottedplant 0.0024 219 11 339 100
pottedplant 0.0022 242 33 271 84
pottedplant 0.0020 414 85 424 137
pottedplant 0.0018 381 -12 421 230
pottedplant 0.0017 179 15 373 146
pottedplant 0.0017 221 84 253 137
pottedplant 0.0013 375 1 422 118
pottedplant 0.0013 404 -28 424 245
pottedplant 0.0013 324 116 420 232
pottedplant 0.0011 167 82 390 274
diningtable 0.0023 0 240 106 296
