person 0.0014 0 212 67 328
person 0.0012 3 79 353 357
bicycle 0.0019 34 70 381 374
cat 0.9984 152 122 344 359
cat 0.0203 25 91 327 355
cat 0.0098 5 61 323 240
cat 0.0046 129 217 367 374
chair 0.3981 34 70 381 374
chair 0.2806 5 61 323 240
chair 0.1774 177 139 367 367
chair 0.0395 54 228 352 376
chair 0.0031 0 200 67 317
chair 0.0028 0 92 62 342
chair 0.0021 283 239 359 378
chair 0.0018 163 243 330 363
chair 0.0010 167 -4 485 382
sofa 0.2395 0 45 346 341
sofa 0.0123 25 228 338 376
sofa 0.0043 100 141 336 369
sofa 0.0028 31 88 304 217
sofa 0.0025 4 48 211 234
sofa 0.0010 59 252 221 374
diningtable 0.0011 34 70 381 374
diningtable 0.0010 25 228 338 376
