person 0.7971 28 100 351 477
person 0.0012 1 128 128 447
bottle 0.0281 344 9 352 36
bottle 0.0161 351 10 360 35
bottle 0.0110 361 12 369 36
bottle 0.0082 347 7 362 38
bottle 0.0039 357 7 371 39
bottle 0.0020 351 9 359 24
bottle 0.0019 368 11 375 37
bottle 0.0013 339 0 369 93
bottle 0.0010 341 52 353 70
chair 0.4595 95 124 336 449
chair 0.3960 233 405 369 497
chair 0.1774 0 134 129 354
chair 0.1172 234 333 370 480
chair 0.0319 29 205 361 503
chair 0.0092 26 146 277 356
chair 0.0061 84 402 361 497
chair 0.0050 285 143 324 196
chair 0.0049 302 280 370 432
chair 0.0015 -30 87 276 493
sofa 0.8147 -3 74 326 445
sofa 0.1568 0 134 129 354
sofa 0.0935 29 205 361 503
sofa 0.0264 26 146 277 356
sofa 0.0087 122 91 383 478
sofa 0.0081 233 405 369 497
sofa 0.0032 234 333 370 480
sofa 0.0020 31 144 348 210
sofa 0.0012 47 398 334 500
sofa 0.0010 302 280 370 432
