person 0.9820 208 153 349 377
person 0.7420 208 67 263 211
person 0.1379 238 69 266 200
person 0.0406 208 100 241 210
person 0.0243 211 67 241 173
person 0.0052 217 61 236 112
person 0.0046 226 64 261 136
person 0.0044 204 73 222 117
person 0.0038 468 144 497 212
person 0.0031 222 107 255 205
person 0.0029 200 73 216 208
person 0.0027 201 79 217 130
person 0.0026 201 100 211 171
person 0.0025 218 76 238 134
person 0.0024 72 179 335 360
person 0.0023 241 68 262 121
person 0.0018 199 175 358 287
person 0.0017 493 137 500 209
person 0.0012 442 131 499 267
person 0.0012 466 105 500 290
person 0.0011 414 165 492 277
bottle 0.0103 248 198 267 229
bottle 0.0042 254 203 271 233
bottle 0.0023 218 203 258 275
bottle 0.0014 496 157 500 172
bottle 0.0010 97 288 134 300
chair 0.9853 396 238 496 379
chair 0.6739 398 162 421 197
chair 0.6153 327 224 391 360
chair 0.3399 451 143 473 165
chair 0.2983 452 146 501 166
chair 0.2684 414 176 490 217
chair 0.2667 478 196 500 276
chair 0.2296 401 196 451 209
chair 0.1742 354 326 384 376
chair 0.1598 322 190 352 227
chair 0.1512 332 224 393 284
chair 0.1338 417 185 489 237
chair 0.1155 466 151 498 171
chair 0.0993 451 143 474 153
chair 0.0941 64 276 298 372
chair 0.0839 347 237 476 362
chair 0.0655 456 146 495 207
chair 0.0627 349 250 391 332
chair 0.0539 334 202 482 239
chair 0.0513 411 161 498 199
chair 0.0474 479 213 494 268
chair 0.0472 417 176 489 292
chair 0.0464 472 151 498 244
chair 0.0418 326 197 355 266
chair 0.0406 414 212 489 342
chair 0.0359 441 145 451 167
chair 0.0281 345 236 391 262
chair 0.0280 469 158 498 167
chair 0.0278 336 201 401 318
chair 0.0260 455 175 493 261
chair 0.0258 412 192 482 213
chair 0.0230 491 188 497 211
chair 0.0227 496 157 500 172
chair 0.0224 159 223 233 283
chair 0.0219 202 365 289 376
chair 0.0201 314 216 368 371
chair 0.0198 489 168 498 215
chair 0.0193 489 207 499 272
chair 0.0193 340 260 380 364
chair 0.0178 454 161 498 185
chair 0.0175 352 288 387 372
chair 0.0171 373 183 500 268
chair 0.0163 451 153 465 167
chair 0.0147 454 229 486 317
chair 0.0142 381 269 417 352
chair 0.0141 492 150 499 216
chair 0.0129 415 198 436 203
chair 0.0122 496 158 500 184
chair 0.0115 185 219 253 282
chair 0.0112 421 163 508 184
chair 0.0112 330 221 350 261
chair 0.0106 471 150 498 161
chair 0.0103 395 195 431 271
chair 0.0100 462 205 488 301
chair 0.0099 422 198 450 209
chair 0.0095 396 196 420 204
chair 0.0092 177 158 350 370
chair 0.0090 477 195 498 229
chair 0.0090 489 176 497 247
chair 0.0088 358 277 425 374
chair 0.0088 405 299 495 369
chair 0.0084 203 207 243 274
chair 0.0083 334 210 408 263
chair 0.0068 326 247 355 371
chair 0.0067 208 208 272 270
chair 0.0064 2 322 96 373
chair 0.0061 191 361 283 374
chair 0.0059 405 197 432 203
chair 0.0058 394 159 507 232
chair 0.0058 441 152 493 171
chair 0.0057 -4 287 111 374
chair 0.0054 437 323 496 370
chair 0.0054 457 157 471 167
chair 0.0052 483 186 496 357
chair 0.0052 497 141 499 167
chair 0.0052 482 191 496 208
chair 0.0050 402 240 472 303
chair 0.0050 193 228 218 269
chair 0.0048 332 200 378 271
chair 0.0044 477 206 498 218
chair 0.0044 432 235 478 313
chair 0.0042 497 208 499 271
chair 0.0041 496 166 499 198
chair 0.0039 411 152 448 206
chair 0.0039 477 176 499 208
chair 0.0039 442 131 499 267
chair 0.0038 405 169 444 196
chair 0.0038 333 206 484 310
chair 0.0037 340 241 385 275
chair 0.0037 386 289 429 367
chair 0.0036 381 195 411 274
chair 0.0036 387 246 426 344
chair 0.0034 440 143 501 184
chair 0.0034 407 202 493 263
chair 0.0034 195 210 236 248
chair 0.0032 397 164 433 220
chair 0.0030 344 254 394 282
chair 0.0030 371 209 459 342
chair 0.0029 493 202 498 222
chair 0.0028 449 147 469 173
sofa 0.0015 452 146 501 166
diningtable 0.9292 54 263 311 364
diningtable 0.5152 334 202 482 239
diningtable 0.4074 411 161 498 199
diningtable 0.3416 333 206 484 310
diningtable 0.2822 414 176 490 217
diningtable 0.2092 452 146 501 166
diningtable 0.1051 421 163 508 184
diningtable 0.0718 466 151 498 171
diningtable 0.0649 347 237 476 362
diningtable 0.0537 478 196 500 276
diningtable 0.0263 454 161 498 185
diningtable 0.0254 373 183 500 268
diningtable 0.0154 440 143 501 184
diningtable 0.0138 417 185 489 237
diningtable 0.0129 456 146 495 207
diningtable 0.0122 441 162 496 275
diningtable 0.0108 469 158 498 167
diningtable 0.0095 394 159 507 232
diningtable 0.0071 472 151 498 244
diningtable 0.0063 477 206 498 218
diningtable 0.0054 491 183 498 205
diningtable 0.0044 489 168 498 215
diningtable 0.0042 493 202 498 222
diningtable 0.0039 496 166 499 198
diningtable 0.0039 477 195 498 229
diningtable 0.0034 488 199 499 263
diningtable 0.0032 496 157 500 172
diningtable 0.0031 471 150 498 161
diningtable 0.0029 441 152 493 171
diningtable 0.0027 496 158 500 184
diningtable 0.0023 464 166 500 196
diningtable 0.0022 492 150 499 216
diningtable 0.0020 489 176 497 247
diningtable 0.0018 359 226 465 279
diningtable 0.0017 495 205 498 233
diningtable 0.0016 479 213 494 268
diningtable 0.0016 451 144 480 165
diningtable 0.0016 497 141 499 167
diningtable 0.0015 477 176 499 208
diningtable 0.0015 449 176 503 204
diningtable 0.0014 349 171 519 365
diningtable 0.0013 482 191 496 208
diningtable 0.0012 407 202 493 263
