person 0.9777 10 100 435 357
person 0.0120 -2 5 190 353
person 0.0032 62 335 215 376
person 0.0027 286 169 499 343
person 0.0020 150 17 509 354
person 0.0012 47 311 466 364
person 0.0011 341 244 493 358
cat 0.0012 62 334 201 375
dog 0.9923 242 177 491 303
dog 0.0023 62 334 201 375
dog 0.0021 235 56 513 309
dog 0.0018 363 240 497 351
dog 0.0017 17 144 487 358
dog 0.0011 232 205 504 370
bottle 0.0011 206 87 249 111
chair 0.3496 -2 5 190 353
chair 0.0454 111 96 176 215
chair 0.0303 -4 147 455 355
chair 0.0123 62 334 201 375
chair 0.0103 3 -8 194 179
chair 0.0092 117 145 172 202
chair 0.0076 98 36 184 205
chair 0.0028 248 31 496 271
chair 0.0023 110 95 148 185
chair 0.0016 491 255 499 359
sofa 0.8613 2 0 192 233
sofa 0.4310 19 24 486 363
sofa 0.1419 248 31 496 271
sofa 0.0336 289 145 495 321
sofa 0.0126 269 103 469 202
sofa 0.0069 80 133 405 332
sofa 0.0054 -2 67 188 366
sofa 0.0048 98 36 184 205
sofa 0.0040 267 108 389 189
sofa 0.0040 142 57 437 233
sofa 0.0035 57 4 272 211
sofa 0.0013 -2 -20 274 323
sofa 0.0013 484 219 500 368
sofa 0.0010 17 230 495 356
pottedplant 0.0762 178 75 219 115
pottedplant 0.0038 179 76 261 117
pottedplant 0.0036 155 69 222 132
pottedplant 0.0015 189 82 244 112
pottedplant 0.0011 62 335 215 376
diningtable 0.0213 210 69 354 144
diningtable 0.0032 137 20 374 198
