person 0.9990 202 41 354 286
person 0.0088 0 226 51 312
person 0.0020 0 285 22 310
person 0.0013 0 234 28 313
car 0.0024 1 225 49 288
boat 0.3206 134 170 464 332
boat 0.0325 44 245 455 327
boat 0.0206 187 94 384 318
boat 0.0057 175 211 463 298
boat 0.0032 -9 285 442 335
boat 0.0013 137 188 273 301
boat 0.0013 100 162 324 321
bird 0.0012 432 3 446 16
chair 0.0288 137 188 273 301
chair 0.0087 0 226 51 312
chair 0.0084 161 213 244 251
chair 0.0082 46 243 379 330
chair 0.0072 180 151 259 314
chair 0.0044 137 247 233 301
chair 0.0038 349 230 435 279
chair 0.0028 150 227 251 288
chair 0.0024 170 197 264 242
chair 0.0010 173 212 236 238
pottedplant 0.0042 0 226 51 312
diningtable 0.0053 0 226 51 312
