person 0.0384 38 251 49 264
person 0.0206 39 254 50 267
person 0.0081 50 266 62 276
person 0.0053 213 240 227 254
person 0.0028 37 265 89 278
person 0.0028 29 265 57 278
person 0.0026 267 241 284 256
person 0.0026 36 251 43 262
person 0.0026 148 242 308 431
person 0.0025 30 254 63 278
person 0.0016 220 241 230 254
person 0.0015 273 209 296 241
person 0.0014 3 244 10 250
person 0.0011 138 264 153 279
person 0.0010 271 231 280 244
person 0.0010 33 257 44 269
car 0.0016 147 276 283 409
car 0.0011 3 244 10 250
motorbike 0.0020 29 264 83 279
bird 0.0021 147 276 283 409
bird 0.0018 38 251 49 264
bird 0.0013 273 209 296 241
dog 0.1423 148 289 303 422
dog 0.0327 255 265 279 276
dog 0.0093 138 264 153 279
dog 0.0034 213 240 227 254
dog 0.0011 37 265 89 278
horse 0.0818 266 243 285 257
horse 0.0427 213 240 227 254
horse 0.0267 159 287 262 432
horse 0.0158 29 264 63 278
horse 0.0151 255 265 279 276
horse 0.0143 38 251 49 264
horse 0.0112 220 241 230 254
horse 0.0081 140 264 154 279
horse 0.0049 37 265 89 278
horse 0.0040 209 237 231 257
horse 0.0019 39 254 50 267
horse 0.0011 208 243 215 252
sheep 0.0291 159 287 262 432
sheep 0.0201 213 240 227 254
sheep 0.0148 220 241 230 254
sheep 0.0061 255 265 279 276
sheep 0.0060 138 264 153 279
sheep 0.0045 266 243 285 257
sheep 0.0014 38 251 49 264
sheep 0.0014 209 237 231 257
cow 0.8910 146 292 285 424
cow 0.8407 140 264 154 279
cow 0.8292 213 240 227 254
cow 0.8045 255 265 279 276
cow 0.7982 267 241 284 256
cow 0.5022 38 251 49 264
cow 0.4345 29 264 83 279
cow 0.2802 220 241 230 254
cow 0.2580 29 265 57 278
cow 0.1098 39 254 50 267
cow 0.0738 30 254 63 278
cow 0.0404 209 237 231 257
cow 0.0296 50 266 62 276
cow 0.0277 208 243 215 252
cow 0.0205 36 251 43 262
cow 0.0188 60 270 87 278
cow 0.0156 51 268 92 278
cow 0.0110 55 269 74 277
cow 0.0091 47 262 60 271
cow 0.0055 3 244 10 250
cow 0.0052 140 263 151 273
cow 0.0039 266 266 278 276
cow 0.0037 33 257 44 269
cow 0.0025 197 244 205 250
cow 0.0022 266 246 275 256
cow 0.0020 34 247 54 268
cow 0.0019 266 242 274 252
cow 0.0018 111 249 115 252
cow 0.0014 287 241 301 251
cow 0.0012 261 237 293 256
cow 0.0011 273 209 296 241
cow 0.0011 278 240 289 253
cow 0.0011 210 246 215 255
