person 0.9977 -8 -2 338 346
person 0.0021 445 166 480 183
person 0.0014 469 163 485 172
person 0.0010 441 164 455 178
car 0.0053 177 228 312 330
car 0.0014 31 226 304 333
bird 0.0036 225 188 243 200
bird 0.0033 469 163 485 172
bird 0.0031 187 219 238 249
bird 0.0029 220 218 235 231
bird 0.0025 445 166 480 183
bird 0.0022 349 202 366 214
bird 0.0012 497 183 500 194
dog 0.0151 225 188 243 200
dog 0.0125 187 217 238 247
dog 0.0100 295 184 309 195
dog 0.0049 392 229 462 274
dog 0.0034 441 166 474 184
dog 0.0027 370 264 384 272
dog 0.0013 441 164 455 178
horse 0.0465 445 167 474 186
horse 0.0410 225 189 243 202
horse 0.0215 441 164 455 178
horse 0.0178 365 174 388 192
horse 0.0133 295 184 309 195
horse 0.0129 182 219 234 249
horse 0.0046 469 163 485 172
horse 0.0031 382 229 460 274
horse 0.0022 282 211 365 262
horse 0.0011 407 170 431 179
sheep 0.9967 282 211 365 262
sheep 0.9868 392 229 462 274
sheep 0.9151 365 174 388 192
sheep 0.9151 295 184 309 195
sheep 0.8739 441 166 474 184
sheep 0.6277 225 188 243 200
sheep 0.5802 183 218 235 246
sheep 0.5001 469 163 485 172
sheep 0.4577 441 164 455 178
sheep 0.3664 452 171 476 185
sheep 0.2595 407 170 431 179
sheep 0.0328 370 264 384 272
sheep 0.0303 475 165 491 173
sheep 0.0161 453 168 476 180
sheep 0.0157 304 184 314 192
sheep 0.0136 403 170 437 183
sheep 0.0098 220 218 235 231
sheep 0.0088 406 174 416 182
sheep 0.0084 468 173 479 183
sheep 0.0061 497 183 500 194
sheep 0.0049 494 164 498 176
sheep 0.0043 497 174 500 190
sheep 0.0042 477 162 487 168
sheep 0.0042 440 171 452 184
sheep 0.0039 223 187 245 207
sheep 0.0038 -14 25 425 327
sheep 0.0037 417 171 431 178
sheep 0.0033 224 191 235 201
sheep 0.0032 349 202 366 214
sheep 0.0024 356 181 363 187
sheep 0.0023 405 237 449 273
sheep 0.0023 468 163 499 178
sheep 0.0019 417 173 434 181
sheep 0.0017 366 181 377 192
sheep 0.0016 242 163 482 234
sheep 0.0015 497 155 499 168
sheep 0.0014 340 216 357 227
sheep 0.0014 284 195 383 236
sheep 0.0014 317 209 356 259
sheep 0.0013 287 206 293 211
sheep 0.0012 333 166 491 189
sheep 0.0012 207 182 389 209
sheep 0.0011 293 186 300 194
sheep 0.0010 283 205 289 210
sheep 0.0010 288 178 420 208
cow 0.5078 182 219 234 249
cow 0.2605 225 188 243 200
cow 0.0998 295 184 309 195
cow 0.0791 441 166 474 184
cow 0.0526 441 164 455 178
cow 0.0374 469 163 485 172
cow 0.0253 366 175 389 191
cow 0.0216 452 171 476 185
cow 0.0119 382 229 460 274
cow 0.0044 406 171 428 181
cow 0.0037 282 211 365 262
cow 0.0019 220 218 235 231
cow 0.0013 223 187 245 207
cow 0.0011 475 165 491 173
cow 0.0011 224 191 235 201
cow 0.0010 453 168 476 180
cow 0.0010 304 184 314 192
