person 0.0074 184 2 324 133
person 0.0022 58 0 155 122
person 0.0015 14 4 177 141
person 0.0012 374 7 497 132
bicycle 0.0012 40 111 363 294
cat 0.1137 67 88 118 145
cat 0.0228 62 87 119 190
cat 0.0063 30 93 164 197
cat 0.0035 6 109 60 164
cat 0.0023 0 152 66 204
cat 0.0021 12 113 50 152
cat 0.0014 27 111 337 292
dog 0.9991 23 134 343 306
dog 0.0147 67 88 118 145
dog 0.0125 62 87 119 190
dog 0.0097 30 93 164 197
dog 0.0067 6 109 60 164
dog 0.0039 -9 28 194 259
dog 0.0036 12 113 50 152
dog 0.0028 0 99 67 217
dog 0.0025 0 152 66 204
chair 0.6870 -4 4 191 160
chair 0.3450 297 8 501 197
chair 0.0621 106 2 185 119
chair 0.0321 0 3 67 157
chair 0.0199 58 0 155 122
chair 0.0197 253 17 408 128
chair 0.0190 332 6 478 131
chair 0.0190 40 111 363 294
chair 0.0187 184 2 324 133
chair 0.0142 0 20 23 144
chair 0.0138 125 1 190 71
chair 0.0124 225 71 259 142
chair 0.0115 291 35 374 160
chair 0.0110 323 0 485 70
chair 0.0087 374 33 500 181
chair 0.0086 204 5 457 164
chair 0.0057 62 1 112 82
chair 0.0056 438 -1 498 127
chair 0.0052 184 21 259 143
chair 0.0040 355 52 428 110
chair 0.0039 417 74 493 204
chair 0.0033 280 50 361 118
chair 0.0033 27 0 110 124
chair 0.0029 327 4 459 43
chair 0.0027 76 2 350 147
chair 0.0026 221 34 358 167
chair 0.0025 212 8 449 68
chair 0.0022 432 13 502 69
chair 0.0021 -16 27 148 266
chair 0.0019 7 6 494 205
chair 0.0017 373 2 454 118
chair 0.0016 348 39 438 91
chair 0.0016 -1 -3 22 94
chair 0.0016 371 48 408 66
chair 0.0016 280 -5 358 132
chair 0.0015 0 20 6 112
chair 0.0014 454 4 499 34
chair 0.0014 172 0 220 21
chair 0.0014 351 51 389 108
chair 0.0013 0 15 8 80
chair 0.0013 399 0 437 20
chair 0.0013 46 1 84 89
chair 0.0012 186 32 224 135
chair 0.0012 0 2 4 151
chair 0.0011 11 0 79 97
chair 0.0011 429 30 502 91
chair 0.0010 339 23 489 61
chair 0.0010 479 59 500 180
diningtable 0.4137 257 10 483 194
diningtable 0.0283 323 0 485 70
diningtable 0.0264 182 3 325 81
diningtable 0.0123 212 8 449 68
diningtable 0.0112 332 6 478 131
diningtable 0.0092 -4 4 191 160
diningtable 0.0089 314 5 436 45
diningtable 0.0085 363 -1 507 206
diningtable 0.0068 253 17 408 128
diningtable 0.0060 352 24 511 59
diningtable 0.0052 303 20 408 58
diningtable 0.0047 173 9 406 157
diningtable 0.0042 351 7 511 42
diningtable 0.0022 40 111 363 294
diningtable 0.0015 292 21 375 145
diningtable 0.0014 27 3 176 88
diningtable 0.0014 139 2 224 53
diningtable 0.0014 76 2 350 147
diningtable 0.0014 208 -1 309 134
diningtable 0.0013 0 3 67 157
diningtable 0.0011 71 14 511 199
diningtable 0.0010 370 35 492 88
