bottle 0.2335 157 165 165 186
bottle 0.0771 152 165 158 186
bottle 0.0206 144 168 150 188
bottle 0.0182 158 164 164 178
bottle 0.0117 132 286 164 372
bottle 0.0103 151 165 156 178
bottle 0.0056 154 164 167 191
bottle 0.0047 283 197 291 215
bottle 0.0042 256 188 263 209
bottle 0.0036 257 194 263 215
bottle 0.0035 266 199 276 215
bottle 0.0035 283 190 291 202
bottle 0.0030 148 163 162 192
bottle 0.0029 223 200 238 216
bottle 0.0025 272 200 283 214
bottle 0.0024 219 202 225 215
bottle 0.0020 273 191 284 201
bottle 0.0017 157 181 169 192
bottle 0.0012 254 187 265 226
bottle 0.0011 282 188 293 224
bottle 0.0011 267 191 275 204
chair 0.9996 140 267 246 316
chair 0.9986 5 265 118 304
chair 0.0751 80 244 159 311
chair 0.0147 36 220 102 260
chair 0.0083 103 206 146 221
chair 0.0075 62 221 109 232
chair 0.0059 -1 461 17 493
chair 0.0050 161 188 183 197
chair 0.0049 -3 296 150 501
chair 0.0044 100 211 112 222
chair 0.0042 -3 299 139 371
chair 0.0042 118 241 154 319
chair 0.0041 32 220 104 235
chair 0.0038 193 205 210 215
chair 0.0037 -8 471 130 498
chair 0.0034 48 244 80 266
chair 0.0032 112 211 133 222
chair 0.0031 108 210 124 223
chair 0.0025 -1 454 90 498
chair 0.0023 85 217 105 222
chair 0.0022 -10 274 127 294
chair 0.0021 47 225 108 239
chair 0.0019 57 223 79 230
chair 0.0017 154 447 369 500
chair 0.0017 11 250 216 310
chair 0.0015 79 221 107 227
chair 0.0014 37 475 202 497
chair 0.0013 30 481 286 499
chair 0.0011 45 254 84 271
chair 0.0010 124 192 144 198
chair 0.0010 51 248 78 256
diningtable 0.9749 -10 303 367 498
diningtable 0.0796 45 222 235 248
diningtable 0.0416 98 188 191 221
diningtable 0.0284 33 221 117 256
diningtable 0.0205 18 215 222 239
diningtable 0.0161 46 211 242 279
diningtable 0.0065 46 222 110 234
diningtable 0.0065 39 291 326 376
diningtable 0.0059 47 225 108 239
diningtable 0.0055 -3 296 150 501
diningtable 0.0042 67 203 240 235
diningtable 0.0041 -3 299 139 371
diningtable 0.0032 73 234 165 287
diningtable 0.0030 117 190 171 202
diningtable 0.0029 -3 271 358 409
diningtable 0.0027 63 190 235 252
diningtable 0.0024 109 197 178 215
diningtable 0.0016 126 222 305 246
diningtable 0.0013 31 212 123 244
diningtable 0.0010 157 209 274 240
tvmonitor 0.0011 209 143 237 177
