person 0.0303 127 489 136 499
person 0.0174 175 480 183 497
person 0.0170 175 485 186 498
person 0.0128 161 477 168 493
person 0.0111 196 473 205 493
person 0.0106 123 491 133 499
person 0.0093 169 489 180 498
person 0.0090 124 478 132 493
person 0.0085 127 479 139 493
person 0.0073 90 475 98 492
person 0.0053 170 478 177 496
person 0.0045 159 490 172 498
person 0.0043 292 491 302 497
person 0.0040 23 391 340 492
person 0.0029 42 495 72 499
person 0.0027 -1 464 7 481
person 0.0026 86 474 94 492
person 0.0026 89 467 100 486
person 0.0023 102 467 110 486
person 0.0017 0 466 12 480
person 0.0016 99 474 107 492
person 0.0015 -1 449 14 481
person 0.0013 195 470 212 494
person 0.0012 22 496 54 499
person 0.0011 72 461 82 474
person 0.0011 233 434 374 500
person 0.0010 136 478 147 488
person 0.0010 29 497 68 499
person 0.0010 293 482 302 495
car 0.0068 0 444 88 492
car 0.0066 66 455 110 478
car 0.0056 15 491 80 499
car 0.0039 322 388 334 394
car 0.0034 328 386 341 394
car 0.0033 222 452 239 463
car 0.0028 127 479 139 493
car 0.0025 46 449 122 492
car 0.0022 42 495 72 499
car 0.0018 17 392 26 399
car 0.0015 29 497 68 499
car 0.0015 20 392 34 399
car 0.0014 312 388 321 393
car 0.0014 18 386 278 491
car 0.0011 76 460 115 490
car 0.0011 170 469 214 496
car 0.0011 22 496 54 499
car 0.0010 1 474 75 500
aeroplane 0.9375 212 314 377 500
aeroplane 0.4611 18 386 278 491
aeroplane 0.1824 10 329 352 492
aeroplane 0.0236 13 364 213 468
aeroplane 0.0164 -3 445 119 494
aeroplane 0.0131 -2 393 155 489
aeroplane 0.0127 179 396 354 497
aeroplane 0.0110 146 292 237 342
aeroplane 0.0076 153 449 238 492
aeroplane 0.0074 174 454 295 493
aeroplane 0.0068 74 352 289 462
aeroplane 0.0063 0 428 84 483
aeroplane 0.0055 104 419 177 481
aeroplane 0.0039 111 318 261 418
aeroplane 0.0038 213 454 335 494
aeroplane 0.0036 190 474 355 497
aeroplane 0.0034 251 447 376 496
aeroplane 0.0023 190 325 346 421
aeroplane 0.0021 141 310 225 351
aeroplane 0.0021 138 473 295 498
aeroplane 0.0019 57 450 139 493
aeroplane 0.0017 90 446 188 492
aeroplane 0.0016 163 429 264 482
aeroplane 0.0013 16 445 355 497
aeroplane 0.0013 147 315 217 332
aeroplane 0.0012 140 322 224 336
aeroplane 0.0011 289 390 378 438
aeroplane 0.0011 104 280 350 465
aeroplane 0.0011 289 406 379 457
bus 0.0027 49 385 84 412
bus 0.0017 78 402 131 417
train 0.0066 4 383 227 489
boat 0.0062 146 292 237 342
boat 0.0041 228 325 368 479
boat 0.0021 -1 338 303 489
boat 0.0014 150 238 241 352
