person 0.3198 225 34 240 44
person 0.0472 136 52 149 87
person 0.0343 137 35 155 84
person 0.0320 276 56 308 88
person 0.0229 -6 40 461 191
person 0.0074 284 69 302 85
person 0.0068 273 59 296 84
person 0.0045 325 56 358 85
person 0.0045 276 63 292 78
person 0.0042 257 58 292 85
person 0.0041 293 68 307 86
person 0.0036 290 63 309 89
person 0.0032 138 63 147 87
person 0.0030 140 67 153 85
person 0.0027 276 69 292 85
person 0.0026 284 63 299 78
person 0.0022 144 30 176 84
person 0.0021 266 63 282 78
person 0.0019 155 47 177 76
person 0.0016 148 53 168 81
person 0.0015 224 57 264 84
person 0.0012 144 62 154 78
person 0.0011 237 34 251 43
person 0.0010 0 56 3 80
person 0.0010 311 52 328 89
bicycle 0.0077 137 53 156 87
bicycle 0.0025 140 67 153 85
bicycle 0.0018 142 52 176 82
bicycle 0.0018 144 62 154 78
bicycle 0.0015 150 45 170 78
car 0.9692 13 40 494 194
car 0.0021 494 80 499 94
car 0.0017 216 44 433 102
car 0.0012 491 72 498 88
car 0.0011 213 19 346 43
car 0.0010 118 51 437 152
motorbike 0.0080 -6 40 461 191
aeroplane 0.0012 33 52 511 198
bus 0.0027 34 37 509 191
train 0.0024 235 18 354 43
pottedplant 0.0263 150 45 170 78
pottedplant 0.0112 475 76 499 119
pottedplant 0.0064 472 1 499 79
pottedplant 0.0040 489 72 499 125
pottedplant 0.0039 153 46 167 56
pottedplant 0.0039 137 35 155 84
pottedplant 0.0025 457 73 498 106
pottedplant 0.0021 140 38 175 64
pottedplant 0.0019 497 77 499 119
pottedplant 0.0018 496 93 499 123
pottedplant 0.0012 494 80 499 94
pottedplant 0.0011 478 72 496 86
pottedplant 0.0011 144 30 176 84
pottedplant 0.0010 492 108 498 126
diningtable 0.0221 -2 50 457 202
