person 0.7301 0 2 119 305
person 0.1035 1 27 68 281
person 0.0089 126 22 511 328
person 0.0089 68 6 178 39
person 0.0088 3 1 179 191
person 0.0078 461 34 483 64
person 0.0065 6 6 362 322
person 0.0026 0 93 122 233
person 0.0021 307 73 504 329
person 0.0015 24 12 229 258
person 0.0010 467 34 478 44
bicycle 0.9980 2 8 496 338
bicycle 0.7812 381 27 414 66
bicycle 0.5324 425 32 468 60
bicycle 0.4247 398 31 416 63
bicycle 0.3259 457 34 481 64
bicycle 0.0687 379 36 399 68
bicycle 0.0557 412 32 446 60
bicycle 0.0476 367 76 495 326
bicycle 0.0309 404 34 414 61
bicycle 0.0262 414 28 484 63
bicycle 0.0147 386 21 408 57
bicycle 0.0143 233 75 500 326
bicycle 0.0130 382 43 394 65
bicycle 0.0115 381 36 394 58
bicycle 0.0103 -2 -1 184 315
bicycle 0.0098 432 39 480 64
bicycle 0.0092 399 30 437 61
bicycle 0.0089 446 31 467 60
bicycle 0.0074 408 32 423 61
bicycle 0.0070 410 36 419 59
bicycle 0.0055 395 35 404 58
bicycle 0.0049 439 39 455 53
bicycle 0.0048 466 42 481 63
bicycle 0.0041 459 43 477 61
bicycle 0.0035 378 25 451 65
bicycle 0.0034 417 41 457 61
bicycle 0.0032 448 39 462 53
bicycle 0.0030 379 31 413 121
bicycle 0.0029 430 39 445 53
bicycle 0.0026 466 37 480 56
bicycle 0.0024 417 26 458 54
bicycle 0.0022 384 28 396 44
bicycle 0.0021 419 39 436 56
bicycle 0.0017 388 18 426 67
bicycle 0.0016 375 38 390 67
bicycle 0.0014 379 36 387 57
bicycle 0.0010 403 31 413 44
bicycle 0.0010 392 28 403 43
car 0.0024 417 31 458 60
motorbike 0.1930 417 31 458 60
motorbike 0.1383 461 34 483 64
motorbike 0.0781 380 21 415 71
motorbike 0.0663 432 31 478 62
motorbike 0.0293 380 29 402 65
motorbike 0.0081 398 31 416 63
motorbike 0.0055 397 27 476 63
motorbike 0.0038 387 27 409 64
motorbike 0.0011 446 31 467 60
bus 0.0011 26 -5 476 292
train 0.0665 26 -5 476 292
boat 0.0043 26 39 525 340
bottle 0.0119 206 204 271 260
bottle 0.0098 196 197 237 238
bottle 0.0064 183 188 223 249
bottle 0.0014 186 197 209 243
bottle 0.0012 109 152 243 255
bottle 0.0010 205 192 243 227
chair 0.0048 26 -5 476 292
chair 0.0030 -2 1 182 270
chair 0.0010 417 31 458 60
diningtable 0.0012 26 -5 476 292
