bicycle 0.0024 24 186 300 364
car 0.0018 182 134 250 188
bird 0.0050 172 291 241 328
cat 0.0094 434 194 455 229
dog 0.0020 237 334 317 372
dog 0.0018 434 194 455 229
dog 0.0017 23 338 197 373
sheep 0.0012 23 338 197 373
bottle 0.0292 344 162 363 190
bottle 0.0243 218 179 227 208
bottle 0.0122 391 203 401 223
bottle 0.0092 385 205 395 221
bottle 0.0059 170 305 188 317
bottle 0.0052 162 282 195 309
bottle 0.0028 334 164 348 203
bottle 0.0028 145 272 167 301
chair 0.9923 4 216 54 368
chair 0.9628 23 338 197 373
chair 0.9603 221 211 309 338
chair 0.3856 380 229 456 285
chair 0.2357 237 334 317 372
chair 0.1690 232 195 283 221
chair 0.1545 379 232 456 356
chair 0.0820 42 313 169 376
chair 0.0507 221 205 293 267
chair 0.0507 382 280 451 341
chair 0.0504 450 226 500 362
chair 0.0351 31 256 270 366
chair 0.0254 224 194 288 240
chair 0.0242 3 194 67 240
chair 0.0162 368 218 492 325
chair 0.0150 476 228 498 359
chair 0.0144 154 239 199 257
chair 0.0106 201 298 304 381
chair 0.0101 224 358 283 375
chair 0.0066 269 190 395 315
chair 0.0063 0 210 68 228
chair 0.0063 276 173 313 194
chair 0.0062 192 334 294 371
chair 0.0058 301 216 375 326
chair 0.0057 472 292 499 367
chair 0.0053 0 210 60 263
chair 0.0047 2 221 19 370
chair 0.0046 375 172 457 295
chair 0.0043 177 289 254 328
chair 0.0035 168 178 335 360
chair 0.0034 0 241 3 375
chair 0.0032 489 306 499 367
chair 0.0032 263 190 304 218
chair 0.0027 76 199 107 224
chair 0.0026 275 195 310 222
chair 0.0024 467 165 499 383
chair 0.0022 263 200 324 345
chair 0.0022 483 171 500 341
chair 0.0018 372 214 460 261
chair 0.0017 443 158 501 318
chair 0.0017 211 195 281 314
chair 0.0017 241 304 315 368
chair 0.0017 59 195 101 229
chair 0.0017 305 165 342 187
chair 0.0016 309 220 370 284
chair 0.0011 284 188 305 219
chair 0.0011 323 265 378 330
chair 0.0011 223 182 293 221
chair 0.0011 493 266 499 369
chair 0.0011 226 234 299 310
chair 0.0010 451 211 498 301
chair 0.0010 41 359 179 373
chair 0.0010 40 219 66 227
sofa 0.0052 2 213 55 347
sofa 0.0044 23 338 197 373
sofa 0.0032 219 202 307 318
pottedplant 0.3404 5 94 117 223
pottedplant 0.0039 50 115 113 238
pottedplant 0.0034 281 173 319 193
pottedplant 0.0026 6 148 94 210
pottedplant 0.0022 434 194 455 229
pottedplant 0.0014 65 135 106 225
diningtable 0.9904 17 236 304 367
diningtable 0.0827 305 180 501 356
diningtable 0.0579 368 218 492 325
diningtable 0.0174 305 194 500 268
diningtable 0.0169 307 198 430 318
diningtable 0.0081 377 230 477 286
diningtable 0.0063 258 184 396 274
diningtable 0.0034 312 203 393 268
diningtable 0.0028 312 196 395 233
diningtable 0.0025 56 223 279 321
diningtable 0.0022 320 197 467 230
diningtable 0.0015 211 176 439 345
diningtable 0.0012 385 194 479 235
diningtable 0.0012 301 216 375 326
diningtable 0.0011 24 197 252 262
diningtable 0.0010 372 214 460 261
tvmonitor 0.5708 383 160 444 207
tvmonitor 0.0425 400 144 469 191
tvmonitor 0.0125 138 138 229 192
tvmonitor 0.0035 182 134 250 188
tvmonitor 0.0027 362 166 436 216
tvmonitor 0.0026 410 148 456 208
tvmonitor 0.0024 498 174 500 211
tvmonitor 0.0017 142 139 183 191
tvmonitor 0.0016 495 153 500 232
tvmonitor 0.0012 495 107 499 221
