person 0.0383 120 21 348 294
person 0.0286 295 148 305 162
person 0.0134 295 152 305 170
person 0.0096 293 149 309 195
person 0.0046 339 200 343 208
person 0.0044 288 151 302 192
person 0.0031 12 282 21 292
person 0.0024 291 153 301 172
person 0.0023 339 202 344 216
person 0.0017 273 155 287 170
person 0.0016 290 146 300 162
person 0.0013 272 149 293 178
person 0.0012 278 137 291 151
person 0.0012 320 177 324 188
person 0.0011 309 175 315 191
person 0.0011 0 261 4 277
person 0.0011 293 138 308 170
person 0.0011 13 282 34 293
person 0.0010 291 173 299 191
bicycle 0.0010 13 282 34 293
car 0.0654 13 282 34 293
car 0.0091 63 270 75 279
car 0.0060 60 272 69 281
car 0.0058 12 282 21 292
car 0.0046 24 276 40 286
car 0.0039 8 279 40 296
car 0.0032 44 274 59 285
car 0.0032 25 281 38 291
car 0.0029 0 261 4 277
car 0.0028 37 281 50 291
car 0.0021 1 278 6 299
car 0.0021 64 267 79 278
car 0.0021 36 275 51 287
car 0.0014 45 281 57 290
car 0.0011 16 278 35 287
car 0.0010 2 291 8 303
train 0.9998 83 40 349 314
