car 0.0099 199 193 280 245
car 0.0042 316 238 332 248
car 0.0038 6 308 345 377
car 0.0013 61 -8 433 364
car 0.0013 209 222 258 242
car 0.0011 186 202 263 265
bird 0.0085 316 238 332 248
bird 0.0028 241 142 253 160
chair 0.0013 434 331 499 374
pottedplant 0.5570 -1 86 66 301
pottedplant 0.0068 0 193 62 308
pottedplant 0.0024 0 2 60 240
pottedplant 0.0020 197 202 282 262
pottedplant 0.0018 0 3 29 315
pottedplant 0.0017 0 80 14 274
pottedplant 0.0012 0 18 103 302
diningtable 0.0015 434 331 499 374
diningtable 0.0012 6 308 345 377
tvmonitor 0.0162 61 -8 433 364
tvmonitor 0.0011 125 31 371 284
