person 0.9996 142 151 215 395
person 0.9982 40 78 152 283
person 0.8420 0 148 27 222
person 0.8083 152 156 172 184
person 0.0848 191 147 208 189
person 0.0789 10 189 30 221
person 0.0526 149 164 172 206
person 0.0154 137 157 150 176
person 0.0119 1 178 27 257
person 0.0108 0 158 16 215
person 0.0100 155 167 169 184
person 0.0098 145 160 175 191
person 0.0092 135 153 152 184
person 0.0073 160 158 176 194
person 0.0068 0 188 15 222
person 0.0068 158 155 169 166
person 0.0068 165 153 176 166
person 0.0061 76 137 184 406
person 0.0060 194 148 206 165
person 0.0054 1 141 16 194
person 0.0053 165 159 175 177
person 0.0048 12 191 34 236
person 0.0048 143 111 153 130
person 0.0045 141 159 162 192
person 0.0042 164 180 174 191
person 0.0040 167 149 210 186
person 0.0033 145 159 156 177
person 0.0031 170 150 185 163
person 0.0031 168 149 187 187
person 0.0031 139 147 167 214
person 0.0030 165 169 174 185
person 0.0024 172 147 185 156
person 0.0023 12 196 25 213
person 0.0020 6 12 11 18
person 0.0018 136 154 170 185
person 0.0017 147 178 158 191
person 0.0016 142 109 155 150
person 0.0016 148 155 213 204
person 0.0015 194 146 205 158
person 0.0015 89 95 157 267
person 0.0014 144 173 156 185
person 0.0014 151 179 169 191
person 0.0011 3 148 13 167
person 0.0010 11 181 39 260
person 0.0010 198 145 214 189
person 0.0010 6 168 27 207
car 0.0022 147 180 171 209
dog 0.0010 57 88 154 309
horse 0.9972 71 122 153 397
horse 0.0292 1 178 27 257
horse 0.0094 136 139 211 395
horse 0.0053 54 103 131 292
horse 0.0048 93 137 155 308
horse 0.0045 134 207 156 318
horse 0.0024 136 246 152 302
chair 0.0024 147 178 158 191
chair 0.0022 240 165 259 192
chair 0.0012 241 170 256 185
chair 0.0010 0 153 26 247
pottedplant 0.0337 211 248 250 281
pottedplant 0.0141 207 238 268 286
