person 0.0077 146 286 254 470
chair 0.9748 139 290 257 462
chair 0.0530 164 230 232 331
chair 0.0210 156 285 229 349
chair 0.0170 -2 378 35 480
chair 0.0156 144 282 250 384
chair 0.0078 -2 363 35 432
chair 0.0037 145 305 211 363
chair 0.0037 165 276 224 326
chair 0.0026 142 281 215 431
chair 0.0024 172 286 211 321
chair 0.0020 174 276 225 291
chair 0.0015 173 291 253 344
chair 0.0014 295 438 334 500
chair 0.0014 173 280 225 303
chair 0.0013 175 336 256 485
sofa 0.0170 139 290 257 462
sofa 0.0040 -2 378 35 480
sofa 0.0011 -2 363 35 432
diningtable 0.0031 145 299 255 475
diningtable 0.0013 -2 378 35 480
tvmonitor 0.0419 18 114 60 150
tvmonitor 0.0024 2 154 69 214
