person 0.9983 4 232 128 500
person 0.9980 322 248 373 497
person 0.1427 61 136 257 500
person 0.0441 48 205 115 467
person 0.0418 77 65 289 379
person 0.0056 231 248 269 453
person 0.0049 23 262 99 480
person 0.0038 47 258 83 338
person 0.0031 0 248 88 387
person 0.0027 240 266 266 404
person 0.0025 71 266 119 479
person 0.0021 62 260 91 335
person 0.0017 61 208 139 386
person 0.0017 0 259 33 337
person 0.0015 73 315 99 438
person 0.0014 -1 278 8 289
car 0.0024 -1 278 8 289
car 0.0015 260 226 299 251
horse 0.9888 85 49 267 515
horse 0.0062 243 261 269 377
horse 0.0049 71 212 141 271
horse 0.0028 230 240 270 437
horse 0.0022 64 208 142 343
