person 0.9990 96 86 257 401
person 0.6043 284 149 301 181
person 0.0349 287 157 299 178
person 0.0066 287 150 299 170
person 0.0033 107 112 241 233
person 0.0032 0 247 37 354
person 0.0012 106 210 227 368
person 0.0011 116 202 259 449
person 0.0011 280 141 295 180
bicycle 0.5364 103 224 243 481
bicycle 0.2612 0 247 37 354
bicycle 0.0287 132 243 221 426
bicycle 0.0030 2 287 34 382
bicycle 0.0017 284 149 301 181
bicycle 0.0014 141 293 207 453
bicycle 0.0014 -1 261 43 445
motorbike 0.7477 98 198 249 453
motorbike 0.1316 0 247 37 354
motorbike 0.0517 130 235 223 401
motorbike 0.0153 284 149 301 181
motorbike 0.0020 287 157 299 178
boat 0.0032 0 247 37 354
bird 0.0029 284 149 301 181
dog 0.0047 130 235 223 401
dog 0.0026 284 149 301 181
dog 0.0010 116 202 259 449
horse 0.0034 284 149 301 181
horse 0.0011 121 231 257 477
cow 0.0014 284 149 301 181
chair 0.4670 0 247 37 354
chair 0.0021 96 165 255 425
chair 0.0013 2 287 34 382
diningtable 0.0090 0 250 35 370
