person 0.0022 53 144 208 226
person 0.0013 2 132 373 373
bird 0.0125 111 42 128 60
chair 0.0484 302 120 502 269
chair 0.0332 476 282 498 379
chair 0.0144 482 181 498 328
chair 0.0049 483 116 499 279
chair 0.0045 450 146 500 324
chair 0.0031 476 336 499 375
chair 0.0030 471 119 499 352
chair 0.0026 373 160 498 266
chair 0.0024 281 118 346 189
chair 0.0017 489 313 499 378
chair 0.0014 494 267 499 386
chair 0.0013 0 247 19 378
chair 0.0012 489 207 497 291
chair 0.0011 269 96 366 176
chair 0.0010 494 193 498 345
sofa 0.9611 309 132 500 250
sofa 0.0109 478 242 499 383
sofa 0.0054 483 195 499 353
sofa 0.0033 483 116 499 279
sofa 0.0017 450 146 500 324
sofa 0.0012 373 160 498 266
pottedplant 0.9951 277 100 352 176
pottedplant 0.0031 293 127 337 185
pottedplant 0.0026 0 117 380 381
pottedplant 0.0013 279 125 321 185
diningtable 0.0013 476 282 498 379
diningtable 0.0013 1 216 98 370
