person 0.9370 1 -5 433 377
person 0.1437 87 153 342 370
person 0.0655 128 147 498 374
person 0.0258 125 249 367 372
person 0.0228 3 -4 136 367
person 0.0105 373 236 504 367
person 0.0025 331 169 494 373
person 0.0012 137 121 428 281
person 0.0010 182 218 452 367
cat 0.9923 111 134 453 374
cat 0.2104 101 222 396 367
cat 0.1817 137 121 428 281
cat 0.0042 69 151 283 369
cat 0.0028 250 157 412 290
cat 0.0017 247 242 397 374
dog 0.0158 182 148 453 375
chair 0.1598 6 -21 483 392
chair 0.0407 363 172 503 377
chair 0.0128 137 121 428 281
chair 0.0116 128 147 498 374
chair 0.0035 380 286 500 371
chair 0.0016 3 -4 136 367
chair 0.0014 374 179 498 292
chair 0.0010 142 6 434 205
sofa 0.0775 20 79 481 370
sofa 0.0152 363 172 503 377
sofa 0.0045 380 286 500 371
sofa 0.0025 97 206 484 375
diningtable 0.0048 380 286 500 371
diningtable 0.0011 371 187 499 348
