person 0.9998 74 80 329 370
person 0.9895 212 121 422 380
person 0.8418 326 10 502 368
person 0.0075 163 50 488 396
person 0.0019 156 152 363 372
bottle 0.0729 52 210 84 272
bottle 0.0091 70 184 75 196
bottle 0.0066 70 164 78 184
bottle 0.0055 45 208 64 238
bottle 0.0041 78 185 84 197
bottle 0.0040 76 166 87 184
bottle 0.0026 69 172 77 190
bottle 0.0025 78 172 86 187
bottle 0.0022 85 166 95 186
bottle 0.0018 49 165 59 193
bottle 0.0017 60 212 86 248
bottle 0.0016 34 65 329 385
bottle 0.0014 67 163 80 197
bottle 0.0012 83 210 105 247
bottle 0.0011 50 209 72 249
bottle 0.0011 7 227 45 255
bottle 0.0011 87 185 94 197
chair 0.0140 76 132 334 377
chair 0.0132 0 195 62 241
chair 0.0050 50 199 113 240
chair 0.0018 -4 158 112 379
chair 0.0012 2 144 119 237
sofa 0.0164 76 132 334 377
sofa 0.0023 -4 158 112 379
sofa 0.0012 3 194 94 242
pottedplant 0.0182 34 7 74 65
pottedplant 0.0032 76 132 334 377
pottedplant 0.0016 50 199 113 240
diningtable 0.0072 -2 231 120 373
diningtable 0.0022 76 132 334 377
diningtable 0.0016 3 226 89 280
diningtable 0.0011 0 179 112 273
