person 0.0273 37 0 44 9
person 0.0095 32 1 39 9
person 0.0067 51 2 59 10
person 0.0052 56 2 61 10
person 0.0032 1 0 5 12
person 0.0016 245 155 282 187
car 0.0018 37 0 44 9
bird 0.0259 253 157 271 168
bird 0.0184 245 155 282 187
bird 0.0030 260 156 283 181
bird 0.0012 184 153 270 194
bird 0.0012 360 129 374 143
bird 0.0011 275 150 285 160
cat 0.0829 191 152 278 193
cat 0.0212 245 155 282 187
cat 0.0035 253 157 271 168
dog 0.0513 191 152 278 193
dog 0.0105 245 155 282 187
horse 0.0055 191 152 278 193
sheep 0.0036 245 155 282 187
sheep 0.0034 184 153 270 194
sheep 0.0011 413 116 459 132
cow 0.0171 191 152 278 193
cow 0.0054 245 155 282 187
cow 0.0014 413 116 459 132
cow 0.0012 253 157 271 168
