person 0.0154 2 59 332 334
person 0.0021 220 26 498 322
car 0.0036 10 -1 477 170
car 0.0010 30 26 468 324
cat 0.9944 -5 61 266 302
cat 0.0449 218 106 497 333
dog 0.9583 218 106 497 333
dog 0.0028 1 72 217 317
chair 0.0211 10 -1 477 170
chair 0.0179 8 33 336 324
chair 0.0067 220 26 498 322
chair 0.0041 383 9 503 268
chair 0.0015 234 3 420 129
sofa 0.1236 220 26 498 322
sofa 0.1036 8 33 336 324
sofa 0.0479 10 -1 477 170
sofa 0.0143 383 9 503 268
sofa 0.0031 25 237 306 339
sofa 0.0011 20 143 480 339
