person 0.9958 137 122 265 482
person 0.0818 361 302 377 398
person 0.0224 351 0 376 34
person 0.0088 331 194 375 359
person 0.0067 37 22 45 42
person 0.0062 359 346 376 396
person 0.0053 241 183 376 389
person 0.0043 -1 34 4 50
person 0.0032 358 249 375 387
person 0.0025 262 253 385 379
person 0.0017 345 1 430 47
person 0.0014 36 21 53 46
person 0.0014 15 37 26 51
person 0.0014 14 22 25 44
person 0.0013 353 210 372 348
boat 0.0039 107 16 126 25
boat 0.0018 36 21 53 46
boat 0.0018 106 4 126 28
boat 0.0014 37 22 45 42
boat 0.0012 351 0 376 34
dog 0.0011 360 286 377 392
chair 0.9909 248 244 372 383
chair 0.0239 361 302 377 398
chair 0.0075 342 206 376 244
chair 0.0046 331 194 375 359
chair 0.0044 336 197 376 277
chair 0.0041 362 308 374 370
chair 0.0032 359 346 376 396
chair 0.0031 358 249 375 387
chair 0.0029 351 0 376 34
chair 0.0022 292 192 374 365
chair 0.0013 36 21 53 46
chair 0.0011 239 190 264 255
chair 0.0011 246 255 314 377
chair 0.0010 340 241 372 355
sofa 0.0013 360 286 377 392
diningtable 0.0874 337 198 376 251
diningtable 0.0054 344 202 378 233
diningtable 0.0042 337 209 376 312
diningtable 0.0029 262 253 385 379
diningtable 0.0018 338 197 376 219
diningtable 0.0015 347 201 375 277
