person 0.9996 103 5 338 271
person 0.8046 269 142 366 246
person 0.0476 291 153 373 220
person 0.0016 214 160 377 269
person 0.0013 459 184 479 237
person 0.0011 427 177 499 279
person 0.0010 454 265 496 279
bottle 0.7390 459 176 475 211
bottle 0.2444 459 184 479 237
bottle 0.1407 480 193 496 236
bottle 0.1295 42 187 59 211
bottle 0.0756 461 206 483 238
bottle 0.0275 485 199 499 239
bottle 0.0220 34 169 74 198
bottle 0.0148 479 207 488 234
bottle 0.0082 492 200 499 225
bottle 0.0051 488 194 499 207
bottle 0.0047 484 189 500 221
bottle 0.0046 474 175 499 246
bottle 0.0042 460 193 473 210
bottle 0.0042 481 195 492 208
bottle 0.0035 492 209 499 234
bottle 0.0034 480 203 489 222
bottle 0.0028 111 6 321 226
bottle 0.0024 489 190 498 201
bottle 0.0022 469 211 481 233
bottle 0.0021 463 176 472 196
bottle 0.0015 67 190 98 213
bottle 0.0015 0 177 5 192
bottle 0.0013 454 162 483 226
bottle 0.0012 462 211 476 233
chair 0.1773 360 187 432 279
chair 0.0273 420 182 496 278
chair 0.0167 140 208 363 277
chair 0.0078 395 202 434 281
chair 0.0044 416 208 449 278
chair 0.0043 266 145 371 264
chair 0.0023 110 246 154 280
chair 0.0023 0 236 14 282
chair 0.0019 0 185 28 203
chair 0.0018 460 268 485 278
chair 0.0016 106 208 144 275
chair 0.0016 361 184 390 275
chair 0.0014 454 265 496 279
chair 0.0013 0 177 5 192
chair 0.0013 94 208 123 276
chair 0.0013 361 235 426 282
chair 0.0013 484 194 499 233
chair 0.0010 454 272 482 279
sofa 0.0026 266 145 371 264
pottedplant 0.0012 34 169 74 198
diningtable 0.7579 422 207 496 276
diningtable 0.0030 432 195 477 267
diningtable 0.0025 428 136 506 284
diningtable 0.0021 453 195 490 263
