person 0.0087 31 109 513 321
person 0.0033 108 135 133 173
person 0.0030 344 159 381 188
person 0.0029 277 144 294 184
person 0.0018 54 137 121 180
person 0.0015 410 175 422 183
car 0.9478 14 102 488 324
car 0.0038 396 164 441 178
car 0.0023 399 175 420 183
car 0.0022 399 170 419 179
motorbike 0.0021 43 90 502 309
bus 0.2273 0 97 458 305
train 0.0022 488 159 499 207
boat 0.0017 396 164 441 178
chair 0.0032 91 166 128 180
pottedplant 0.0063 488 159 499 207
pottedplant 0.0033 492 182 498 204
pottedplant 0.0014 494 167 497 195
diningtable 0.0019 43 90 502 309
