person 0.9920 101 10 480 286
person 0.0205 256 5 468 218
person 0.0110 -1 6 36 116
person 0.0076 0 -8 31 291
person 0.0065 114 6 311 219
person 0.0056 329 35 471 322
person 0.0046 33 137 481 415
person 0.0042 382 -1 493 310
person 0.0038 141 0 442 181
person 0.0026 28 -2 235 300
person 0.0026 407 2 501 73
person 0.0017 325 55 374 190
person 0.0013 0 30 12 290
motorbike 0.0013 -4 163 449 427
cat 0.0201 128 159 493 435
dog 0.9980 96 168 461 422
chair 0.0443 0 15 30 302
chair 0.0175 33 137 481 415
chair 0.0118 0 48 13 310
chair 0.0096 0 6 40 118
chair 0.0081 0 -8 43 212
chair 0.0067 120 8 509 230
chair 0.0017 -1 -2 108 305
chair 0.0012 0 177 12 327
sofa 0.0206 0 6 40 118
sofa 0.0119 0 -8 43 212
sofa 0.0101 33 137 481 415
sofa 0.0073 120 8 509 230
sofa 0.0014 389 33 501 424
sofa 0.0010 323 13 475 298
sofa 0.0010 0 15 30 302
diningtable 0.0015 0 15 30 302
