person 0.9953 111 65 218 309
person 0.0181 357 150 399 180
person 0.0098 283 148 320 181
person 0.0073 210 98 223 118
person 0.0059 1 85 8 103
person 0.0036 1 76 7 100
person 0.0033 0 70 23 104
person 0.0023 126 95 136 114
person 0.0023 0 72 94 286
person 0.0021 338 149 384 181
person 0.0020 303 105 322 121
person 0.0019 218 120 481 339
person 0.0018 321 149 360 181
person 0.0017 214 90 231 119
person 0.0016 490 127 499 179
person 0.0015 0 77 13 112
person 0.0014 127 90 136 104
person 0.0013 117 98 183 268
person 0.0012 4 89 21 104
person 0.0012 363 156 410 186
person 0.0011 256 104 270 120
person 0.0011 256 101 267 115
person 0.0010 484 103 499 250
car 0.9990 186 121 474 340
car 0.7322 -2 79 133 288
car 0.1844 48 83 224 293
car 0.0134 52 118 130 170
car 0.0074 90 116 132 134
car 0.0051 31 80 470 307
car 0.0049 439 146 499 326
car 0.0047 3 52 127 154
car 0.0044 0 52 45 113
car 0.0041 3 50 94 116
car 0.0023 264 128 362 143
car 0.0020 490 89 499 101
car 0.0019 25 97 62 117
car 0.0019 44 102 60 114
car 0.0017 40 98 84 118
car 0.0017 50 115 133 132
car 0.0015 33 102 54 113
car 0.0014 29 102 75 123
car 0.0014 225 122 441 192
car 0.0013 42 77 130 120
car 0.0012 0 62 34 92
car 0.0012 51 60 212 147
car 0.0012 46 111 133 248
car 0.0010 30 59 140 109
bus 0.0102 4 45 183 115
bus 0.0081 48 83 224 293
bus 0.0061 -1 45 131 276
bus 0.0053 3 52 127 154
bus 0.0031 74 62 174 104
bus 0.0028 51 60 212 147
bus 0.0028 44 50 306 109
bus 0.0015 3 50 94 116
bus 0.0011 0 52 34 112
train 0.0011 4 45 183 115
pottedplant 0.0102 3 50 94 116
pottedplant 0.0049 258 123 275 140
pottedplant 0.0034 210 105 222 119
pottedplant 0.0012 255 113 275 139
pottedplant 0.0010 5 44 129 86
