person 0.9995 14 22 310 382
person 0.9957 233 56 490 376
car 0.0121 7 19 408 379
car 0.0084 18 -20 479 156
car 0.0032 173 27 499 374
car 0.0028 30 3 466 79
car 0.0017 56 17 442 119
boat 0.0013 -10 40 426 386
bottle 0.0177 7 19 408 379
bottle 0.0033 173 27 499 374
chair 0.1531 -1 144 114 226
chair 0.0352 2 146 115 300
chair 0.0298 229 151 497 373
chair 0.0220 412 141 500 202
chair 0.0105 10 208 55 233
chair 0.0074 9 57 287 368
chair 0.0048 1 195 60 316
chair 0.0026 3 135 105 187
chair 0.0024 3 197 61 242
chair 0.0017 0 218 23 328
chair 0.0016 2 125 103 158
chair 0.0016 410 136 502 259
chair 0.0013 413 161 499 352
sofa 0.0023 229 151 497 373
sofa 0.0010 -10 40 426 386
diningtable 0.2794 -1 144 114 226
diningtable 0.0185 2 146 115 300
diningtable 0.0028 3 135 105 187
tvmonitor 0.0011 9 40 487 351
