person 0.9995 281 158 337 341
person 0.9935 113 131 171 258
person 0.9872 423 186 455 308
person 0.9860 399 158 435 302
person 0.9853 376 201 412 307
person 0.6408 220 193 264 355
person 0.2723 382 167 392 180
person 0.1027 375 169 388 181
person 0.0802 493 169 497 180
person 0.0753 357 170 391 231
person 0.0420 474 168 481 183
person 0.0358 372 171 385 186
person 0.0248 383 171 395 187
person 0.0240 169 264 203 329
person 0.0234 464 176 471 184
person 0.0231 379 166 397 196
person 0.0219 346 187 394 291
person 0.0217 369 168 390 195
person 0.0139 473 174 479 183
person 0.0136 479 168 489 182
person 0.0111 370 176 392 206
person 0.0104 385 163 396 169
person 0.0096 360 174 380 186
person 0.0077 355 171 386 189
person 0.0073 494 173 497 183
person 0.0067 219 181 350 324
person 0.0065 339 174 405 224
person 0.0056 328 164 355 177
person 0.0055 323 167 339 179
person 0.0051 152 170 212 339
person 0.0045 121 142 161 218
person 0.0043 181 268 197 328
person 0.0037 28 161 37 180
person 0.0036 388 167 410 180
person 0.0031 359 166 396 185
person 0.0031 113 146 149 246
person 0.0031 398 166 433 230
person 0.0030 274 163 439 190
person 0.0028 392 173 408 186
person 0.0027 354 175 367 186
person 0.0027 317 166 330 179
person 0.0026 480 174 489 183
person 0.0025 319 181 420 294
person 0.0025 360 171 380 181
person 0.0025 82 149 206 246
person 0.0022 343 168 378 235
person 0.0022 402 205 429 297
person 0.0021 329 161 353 170
person 0.0017 425 169 450 179
person 0.0013 341 168 356 178
person 0.0013 166 179 185 191
person 0.0012 398 170 413 181
person 0.0012 182 220 264 356
person 0.0012 397 174 413 184
person 0.0012 59 143 269 328
person 0.0011 371 164 410 185
person 0.0011 322 175 338 185
person 0.0011 319 176 329 186
person 0.0011 429 164 443 169
person 0.0011 438 169 452 178
person 0.0011 424 175 432 185
person 0.0011 460 167 476 184
person 0.0011 360 175 382 207
person 0.0010 353 170 367 180
person 0.0010 389 163 403 170
person 0.0010 359 184 382 220
bicycle 0.0011 322 175 338 185
car 0.6965 273 165 298 173
car 0.6898 425 169 450 179
car 0.5951 360 174 380 186
car 0.5189 324 163 357 181
car 0.4886 388 167 410 180
car 0.3321 426 172 450 185
car 0.2293 329 161 353 170
car 0.1945 301 159 325 168
car 0.1936 355 171 386 189
car 0.1721 384 165 413 184
car 0.1432 274 164 294 170
car 0.1413 337 174 359 184
car 0.1244 397 174 413 184
car 0.1144 22 202 65 237
car 0.1125 296 162 310 169
car 0.0941 423 167 455 183
car 0.0891 392 173 408 186
car 0.0703 493 169 497 180
car 0.0691 282 164 301 170
car 0.0643 295 166 306 174
car 0.0556 341 168 356 178
car 0.0545 249 172 263 179
car 0.0509 312 159 328 167
car 0.0464 398 170 413 181
car 0.0455 375 169 388 181
car 0.0436 323 167 339 179
car 0.0417 360 171 380 181
car 0.0393 325 162 341 169
car 0.0377 354 175 367 186
car 0.0354 423 168 434 176
car 0.0346 389 163 403 170
car 0.0324 254 171 270 178
car 0.0313 438 169 452 178
car 0.0310 429 164 443 169
car 0.0298 396 171 437 188
car 0.0260 382 167 392 180
car 0.0231 359 166 396 185
car 0.0226 393 167 441 183
car 0.0219 31 202 67 223
car 0.0195 295 157 329 172
car 0.0191 294 161 331 179
car 0.0154 372 171 385 186
car 0.0153 385 163 396 169
car 0.0143 322 175 338 185
car 0.0129 340 162 355 171
car 0.0117 422 163 435 169
car 0.0110 265 164 302 177
car 0.0097 409 166 428 177
car 0.0089 353 170 367 180
car 0.0088 460 167 476 184
car 0.0084 479 168 489 182
car 0.0066 333 172 366 187
car 0.0059 436 174 454 183
car 0.0058 249 174 263 184
car 0.0056 424 175 432 185
car 0.0055 369 168 407 192
car 0.0048 4 194 64 245
car 0.0048 317 166 330 179
car 0.0048 309 159 355 172
car 0.0047 450 168 462 181
car 0.0046 383 171 395 187
car 0.0043 409 163 427 169
car 0.0043 348 164 476 189
car 0.0043 494 173 497 183
car 0.0040 274 160 311 172
car 0.0040 254 175 270 183
car 0.0040 474 168 481 183
car 0.0039 264 168 284 175
car 0.0038 243 163 428 187
car 0.0036 320 163 342 184
car 0.0032 395 169 415 192
car 0.0030 446 165 485 184
car 0.0029 403 163 414 168
car 0.0021 380 164 399 187
car 0.0020 464 176 471 184
car 0.0020 440 164 450 169
car 0.0016 451 176 463 183
car 0.0016 303 165 445 192
car 0.0015 496 157 499 174
car 0.0015 124 162 453 213
car 0.0012 372 162 528 186
car 0.0012 480 174 489 183
car 0.0012 337 165 382 184
car 0.0012 428 172 483 185
car 0.0011 246 167 286 180
car 0.0010 399 180 434 202
motorbike 0.0017 493 169 497 180
motorbike 0.0015 322 175 338 185
motorbike 0.0013 397 174 413 184
bus 0.0015 301 159 325 168
bus 0.0014 455 155 497 175
bus 0.0012 324 163 357 181
dog 0.0012 464 176 471 184
horse 0.9994 44 176 270 354
horse 0.9878 340 182 398 298
horse 0.0100 148 184 269 334
horse 0.0088 169 264 203 329
horse 0.0050 364 176 396 205
horse 0.0038 368 169 422 308
horse 0.0030 353 173 393 253
horse 0.0023 152 170 212 339
horse 0.0020 326 181 396 243
horse 0.0020 360 170 395 190
horse 0.0017 369 168 407 192
horse 0.0016 340 179 375 250
horse 0.0015 383 171 395 187
horse 0.0014 339 174 405 224
horse 0.0011 370 179 392 221
horse 0.0011 372 183 389 201
cow 0.0016 341 188 406 306
bottle 0.0037 310 233 318 243
