person 0.9110 189 239 338 380
person 0.2290 63 147 361 370
person 0.0140 161 221 481 377
person 0.0093 339 200 499 374
person 0.0056 71 246 272 370
person 0.0041 173 59 376 244
person 0.0017 145 84 491 375
car 0.0035 60 94 455 364
motorbike 0.0014 60 94 455 364
boat 0.0189 60 94 455 364
cat 0.0609 326 101 503 366
cat 0.0221 63 147 361 370
cat 0.0079 59 225 200 315
cat 0.0072 341 204 497 346
cat 0.0047 173 59 376 244
cat 0.0021 52 234 222 367
cat 0.0011 189 106 457 354
dog 0.9889 169 59 337 235
dog 0.7893 60 94 455 364
dog 0.6514 338 180 499 361
dog 0.0266 135 83 363 297
dog 0.0061 227 101 504 366
dog 0.0052 64 231 353 371
dog 0.0025 59 225 200 315
horse 0.0173 59 128 457 377
horse 0.0038 339 200 499 374
sheep 0.0030 63 147 361 370
cow 0.2091 75 93 488 371
cow 0.0198 326 101 503 366
cow 0.0028 354 196 495 379
sofa 0.0068 65 136 500 372
sofa 0.0037 326 101 503 366
sofa 0.0016 354 196 495 379
sofa 0.0011 51 34 385 350
diningtable 0.0020 75 93 488 371
