person 0.9915 280 71 387 374
person 0.9904 180 46 301 374
person 0.9894 387 149 498 370
person 0.9887 43 52 205 369
person 0.7168 0 75 51 356
person 0.3208 37 108 64 175
person 0.2022 459 83 494 144
person 0.0648 379 88 411 154
person 0.0634 44 107 64 144
person 0.0567 347 89 376 146
person 0.0430 472 120 500 202
person 0.0368 5 115 47 201
person 0.0189 381 85 404 127
person 0.0120 427 87 488 149
person 0.0114 476 140 499 250
person 0.0113 31 50 389 374
person 0.0102 492 93 500 155
person 0.0100 33 133 53 176
person 0.0097 368 110 393 154
person 0.0075 2 70 105 382
person 0.0069 491 107 499 180
person 0.0065 482 179 498 332
person 0.0063 0 31 34 288
person 0.0062 364 108 423 163
person 0.0058 350 88 374 121
person 0.0047 497 92 499 138
person 0.0046 492 126 500 201
person 0.0044 476 127 498 160
person 0.0043 491 75 499 139
person 0.0041 491 146 499 218
person 0.0040 417 115 450 169
person 0.0040 467 79 489 113
person 0.0040 26 147 45 182
person 0.0038 0 49 55 199
person 0.0038 429 107 466 168
person 0.0034 496 112 499 155
person 0.0033 459 138 498 215
person 0.0031 417 126 439 163
person 0.0031 -3 163 36 380
person 0.0029 50 109 60 122
person 0.0026 439 178 497 366
person 0.0025 386 101 407 150
person 0.0024 391 109 428 165
person 0.0024 346 91 405 152
person 0.0022 474 100 496 146
person 0.0022 49 109 67 157
person 0.0021 17 252 81 375
person 0.0020 454 104 473 143
person 0.0020 14 85 71 348
person 0.0020 441 76 499 202
person 0.0020 0 211 54 370
person 0.0020 4 82 43 166
person 0.0019 426 130 469 158
person 0.0018 497 137 499 169
person 0.0017 488 184 499 238
person 0.0017 494 200 499 320
person 0.0017 32 153 49 188
person 0.0016 30 128 59 225
person 0.0015 492 195 500 265
person 0.0015 425 128 448 160
person 0.0013 43 121 59 183
person 0.0012 386 83 406 113
person 0.0012 2 148 20 321
person 0.0012 201 283 305 371
person 0.0011 2 84 28 194
person 0.0011 497 140 499 186
person 0.0011 492 240 499 336
person 0.0010 8 144 46 247
person 0.0010 379 91 444 156
person 0.0010 36 137 49 149
person 0.0010 468 139 500 167
motorbike 0.0010 -1 162 53 378
dog 0.0097 201 283 305 371
horse 0.0049 201 283 305 371
bottle 0.0041 193 267 310 369
bottle 0.0023 208 336 242 372
bottle 0.0020 364 353 374 363
bottle 0.0010 280 78 421 371
chair 0.5851 382 249 495 371
chair 0.0574 372 187 511 388
chair 0.0534 380 214 447 373
chair 0.0373 375 199 398 242
chair 0.0230 369 160 432 226
chair 0.0178 378 187 420 220
chair 0.0120 393 293 475 370
chair 0.0105 478 166 499 268
chair 0.0101 494 201 499 219
chair 0.0095 477 188 499 216
chair 0.0089 491 187 500 254
chair 0.0086 375 201 405 265
chair 0.0083 374 193 407 228
chair 0.0078 491 194 498 211
chair 0.0073 482 179 498 332
chair 0.0072 382 291 413 374
chair 0.0071 487 180 498 224
chair 0.0065 285 312 303 362
chair 0.0063 371 169 427 197
chair 0.0063 390 292 433 373
chair 0.0061 261 137 401 375
chair 0.0060 201 283 305 371
chair 0.0057 378 185 435 240
chair 0.0057 376 208 389 269
chair 0.0055 473 130 499 224
chair 0.0045 493 197 499 282
chair 0.0045 476 201 498 239
chair 0.0041 399 285 497 344
chair 0.0038 373 198 421 357
chair 0.0036 396 189 436 216
chair 0.0035 491 146 499 218
chair 0.0032 497 199 499 242
chair 0.0031 479 194 497 209
chair 0.0031 78 332 88 375
chair 0.0027 410 184 423 199
chair 0.0027 382 161 500 304
chair 0.0027 379 226 405 360
chair 0.0027 491 262 499 334
chair 0.0026 439 178 497 366
chair 0.0024 398 130 420 158
chair 0.0022 474 147 499 196
chair 0.0022 415 132 438 171
chair 0.0021 453 293 500 372
chair 0.0020 257 247 406 368
chair 0.0020 371 206 392 344
chair 0.0020 493 181 498 205
chair 0.0019 456 338 499 376
chair 0.0016 479 201 495 217
chair 0.0015 407 321 492 374
chair 0.0015 425 128 448 160
chair 0.0015 480 258 499 364
chair 0.0014 494 213 499 324
chair 0.0014 372 187 385 201
chair 0.0014 365 159 433 188
chair 0.0014 388 179 426 205
chair 0.0014 497 146 499 199
chair 0.0014 366 154 412 173
chair 0.0012 223 293 432 365
chair 0.0011 17 252 81 375
chair 0.0011 497 217 499 262
chair 0.0011 469 196 500 223
chair 0.0011 400 128 437 161
chair 0.0010 497 161 499 204
chair 0.0010 210 209 447 373
chair 0.0010 426 130 469 158
sofa 0.0473 384 175 499 355
sofa 0.0029 261 137 401 375
diningtable 0.0044 491 194 498 211
diningtable 0.0039 494 201 499 219
diningtable 0.0036 365 156 433 208
diningtable 0.0032 201 283 305 371
diningtable 0.0029 477 188 499 216
diningtable 0.0022 487 180 498 224
diningtable 0.0016 384 175 499 355
diningtable 0.0014 484 195 499 350
diningtable 0.0012 479 194 497 209
diningtable 0.0010 493 181 498 205
