person 0.9904 101 16 469 424
person 0.0100 147 92 417 349
person 0.0033 6 23 359 363
person 0.0019 225 141 499 390
person 0.0017 23 12 158 125
person 0.0017 375 4 502 155
person 0.0016 0 36 22 123
person 0.0015 106 37 396 253
person 0.0011 333 149 451 246
person 0.0010 368 133 497 255
car 0.0015 1 12 134 122
motorbike 0.0028 3 12 172 212
bird 0.0010 354 143 436 248
cat 0.0195 333 149 451 246
cat 0.0050 351 186 439 242
dog 0.9534 35 231 250 449
dog 0.1534 333 149 451 246
dog 0.0306 22 237 497 434
dog 0.0055 45 243 231 361
dog 0.0029 95 10 472 383
dog 0.0024 351 186 439 242
dog 0.0021 54 170 120 246
dog 0.0021 0 160 127 288
dog 0.0016 373 177 494 274
bottle 0.0039 17 232 53 262
bottle 0.0026 66 136 90 169
bottle 0.0024 0 26 23 103
bottle 0.0017 98 143 133 178
bottle 0.0014 0 35 10 96
bottle 0.0014 61 111 98 172
bottle 0.0013 3 57 27 94
bottle 0.0013 24 219 62 279
bottle 0.0011 373 171 408 207
bottle 0.0010 57 130 124 179
chair 0.0028 20 19 418 371
chair 0.0018 1 53 57 219
chair 0.0013 -6 6 143 213
chair 0.0010 0 36 22 123
sofa 0.0212 44 74 464 443
sofa 0.0063 22 237 497 434
sofa 0.0024 340 170 459 254
sofa 0.0020 373 177 494 274
sofa 0.0012 3 12 172 212
pottedplant 0.0144 269 5 466 212
pottedplant 0.0037 288 49 453 163
pottedplant 0.0012 299 92 439 208
pottedplant 0.0011 379 56 489 161
pottedplant 0.0010 97 -11 471 316
pottedplant 0.0010 1 53 57 219
diningtable 0.0113 95 10 472 383
