person 0.0300 209 177 227 206
person 0.0270 233 178 252 210
person 0.0262 212 191 223 207
person 0.0256 185 192 204 231
person 0.0213 211 184 223 203
person 0.0153 190 193 202 208
person 0.0110 230 184 241 205
person 0.0102 218 191 231 208
person 0.0101 220 184 231 202
person 0.0079 236 183 248 206
person 0.0077 190 186 202 202
person 0.0056 227 185 246 211
person 0.0046 180 185 199 218
person 0.0038 186 179 205 207
person 0.0037 156 178 196 210
person 0.0034 184 191 196 209
person 0.0033 212 175 224 195
person 0.0031 184 183 195 204
person 0.0031 180 203 198 238
person 0.0030 299 170 310 182
person 0.0030 305 176 313 184
person 0.0029 299 175 309 184
person 0.0025 214 186 234 210
person 0.0024 189 178 226 206
person 0.0022 201 192 211 207
person 0.0021 201 185 213 201
person 0.0020 111 234 117 246
person 0.0020 163 218 174 225
person 0.0019 181 211 194 231
person 0.0018 113 235 120 246
person 0.0017 287 167 295 183
person 0.0014 227 163 245 205
person 0.0013 260 213 272 230
person 0.0013 203 161 237 210
person 0.0012 214 167 232 203
person 0.0011 243 173 261 211
person 0.0011 188 199 202 219
person 0.0010 289 174 297 187
person 0.0010 159 192 173 208
aeroplane 0.0017 94 37 417 290
aeroplane 0.0011 86 82 90 85
boat 0.9788 95 108 412 287
boat 0.0164 114 154 396 253
boat 0.0135 13 25 435 297
boat 0.0012 1 187 5 195
boat 0.0010 62 188 79 190
boat 0.0010 81 188 98 190
bird 0.1358 86 82 90 85
bird 0.0067 473 159 480 164
bird 0.0037 453 173 458 177
bird 0.0035 368 52 373 57
bird 0.0031 442 174 449 177
bird 0.0026 111 234 117 246
bird 0.0016 83 83 87 85
bird 0.0014 437 174 443 177
bird 0.0014 413 166 424 169
bird 0.0012 144 141 156 150
bird 0.0011 423 165 429 168
diningtable 0.0015 75 34 433 289
