person 0.0364 55 39 389 387
person 0.0041 246 207 308 261
person 0.0026 251 211 295 288
person 0.0016 198 192 287 362
person 0.0014 173 253 320 364
person 0.0013 251 212 292 249
person 0.0013 133 208 366 373
person 0.0012 415 146 499 366
person 0.0011 245 195 313 309
person 0.0010 251 196 340 353
car 0.0094 79 -21 416 341
bus 0.0010 110 3 441 381
boat 0.0035 59 10 386 378
bird 0.2147 124 35 372 351
cat 0.0215 99 36 398 384
dog 0.4932 99 11 398 381
dog 0.0067 175 291 313 370
dog 0.0044 109 36 316 263
dog 0.0022 90 262 332 364
horse 0.0026 59 10 386 378
sheep 0.0017 99 36 398 384
sheep 0.0013 193 291 289 366
cow 0.0031 110 3 441 381
chair 0.0031 59 10 386 378
chair 0.0019 1 259 103 375
chair 0.0015 8 256 241 370
sofa 0.0011 59 10 386 378
diningtable 0.0012 6 256 212 370
