person 0.3033 258 47 292 65
person 0.0127 -3 47 120 276
person 0.0045 256 52 277 65
person 0.0041 255 50 294 76
person 0.0037 1 1 25 76
person 0.0020 276 53 292 63
person 0.0016 259 34 389 79
person 0.0015 343 52 381 80
car 0.0012 110 47 419 203
bottle 0.0808 411 51 417 64
bottle 0.0245 409 51 415 65
bottle 0.0069 327 62 336 70
bottle 0.0064 303 56 315 64
bottle 0.0050 303 55 309 64
bottle 0.0014 393 54 403 64
chair 0.2453 -3 47 120 276
chair 0.0685 0 68 116 166
chair 0.0397 104 68 424 217
chair 0.0209 271 32 390 79
chair 0.0130 344 67 377 84
chair 0.0101 456 84 491 148
chair 0.0081 471 40 498 157
chair 0.0050 176 34 231 80
chair 0.0046 460 94 485 134
chair 0.0040 0 74 72 151
chair 0.0025 454 13 501 153
chair 0.0014 343 52 381 80
chair 0.0011 0 63 68 212
chair 0.0011 171 31 188 77
chair 0.0010 0 138 99 321
sofa 0.8061 -2 64 118 297
sofa 0.4258 104 68 424 217
sofa 0.0315 271 32 390 79
sofa 0.0250 0 68 116 166
sofa 0.0027 52 145 319 320
sofa 0.0012 0 63 68 212
sofa 0.0010 344 67 377 84
pottedplant 0.0765 93 85 148 184
pottedplant 0.0575 103 85 130 130
pottedplant 0.0247 94 84 132 147
diningtable 0.0118 271 32 390 79
diningtable 0.0082 -2 135 117 291
diningtable 0.0015 300 60 361 75
tvmonitor 0.4409 271 32 390 79
tvmonitor 0.0034 297 42 366 69
tvmonitor 0.0018 287 37 376 61
