person 0.9834 165 72 401 249
person 0.4860 86 130 96 156
person 0.3714 96 134 106 156
person 0.2414 123 135 135 156
person 0.2102 131 137 143 155
person 0.2057 103 136 113 156
person 0.1791 390 115 401 134
person 0.1629 434 134 444 147
person 0.1391 117 136 127 156
person 0.1277 145 135 155 153
person 0.1037 180 137 193 155
person 0.0846 153 137 165 155
person 0.0735 85 128 96 143
person 0.0696 361 134 374 149
person 0.0588 460 134 469 147
person 0.0578 385 119 398 134
person 0.0574 360 128 377 141
person 0.0550 354 129 369 142
person 0.0550 451 134 462 147
person 0.0547 480 135 492 145
person 0.0509 470 134 482 146
person 0.0484 440 134 451 146
person 0.0469 355 133 368 149
person 0.0463 380 125 392 137
person 0.0386 190 137 203 152
person 0.0337 160 137 171 155
person 0.0288 373 126 387 139
person 0.0245 492 126 497 147
person 0.0212 199 134 211 152
person 0.0195 491 134 495 147
person 0.0183 83 124 99 152
person 0.0159 175 136 185 155
person 0.0129 422 130 432 143
person 0.0128 180 133 212 154
person 0.0124 357 127 378 147
person 0.0118 94 128 107 139
person 0.0118 99 132 117 156
person 0.0087 412 111 426 122
person 0.0085 349 133 359 150
person 0.0082 381 112 401 136
person 0.0077 196 129 213 154
person 0.0072 0 141 5 162
person 0.0071 350 129 359 144
person 0.0062 122 129 135 139
person 0.0062 1 133 8 155
person 0.0061 140 134 159 156
person 0.0052 387 105 398 124
person 0.0049 113 134 130 156
person 0.0046 372 124 389 133
person 0.0045 1 127 8 141
person 0.0044 413 127 425 140
person 0.0042 391 109 400 125
person 0.0042 198 128 210 144
person 0.0037 86 143 97 157
person 0.0037 121 134 157 156
person 0.0037 409 120 428 130
person 0.0034 141 145 156 155
person 0.0032 384 101 399 132
person 0.0032 101 128 116 140
person 0.0031 351 131 374 150
person 0.0030 424 135 433 146
person 0.0029 114 130 127 139
person 0.0027 408 110 429 139
person 0.0026 192 130 205 143
person 0.0025 370 124 391 144
person 0.0024 69 131 112 155
person 0.0024 488 101 499 147
person 0.0023 321 114 335 128
person 0.0023 423 91 433 105
person 0.0022 76 137 88 149
person 0.0022 495 105 498 143
person 0.0018 144 133 156 143
person 0.0017 149 132 164 142
person 0.0017 406 96 415 111
person 0.0017 131 131 144 142
person 0.0016 157 133 175 156
person 0.0016 205 123 374 239
person 0.0013 74 130 90 139
person 0.0013 0 131 11 171
person 0.0012 43 147 58 157
person 0.0011 441 132 491 148
person 0.0011 139 134 177 155
person 0.0011 70 111 371 193
person 0.0011 14 51 485 255
person 0.0011 386 101 396 115
person 0.0011 378 121 398 143
person 0.0011 321 114 337 122
person 0.0010 55 131 73 141
person 0.0010 189 145 202 154
bicycle 0.3369 197 83 439 358
bicycle 0.0024 355 133 368 149
bicycle 0.0023 209 208 376 340
bicycle 0.0020 173 91 386 212
bicycle 0.0017 305 136 319 150
car 0.3337 51 132 91 154
car 0.1886 0 126 47 160
car 0.0624 0 130 23 158
car 0.0378 277 114 326 137
car 0.0257 58 137 85 147
car 0.0233 1 127 8 141
car 0.0231 1 133 8 155
car 0.0213 58 131 85 141
car 0.0208 360 128 377 141
car 0.0200 0 139 31 160
car 0.0192 347 126 378 147
car 0.0123 57 127 101 146
car 0.0119 354 129 369 142
car 0.0116 1 127 14 160
car 0.0111 94 128 107 139
car 0.0096 0 141 5 162
car 0.0096 3 143 59 158
car 0.0085 3 118 91 157
car 0.0081 91 122 112 131
car 0.0072 40 126 86 146
car 0.0072 1 137 22 152
car 0.0071 1 123 33 149
car 0.0066 119 120 138 132
car 0.0056 49 143 91 156
car 0.0054 98 121 119 131
car 0.0051 280 122 322 142
car 0.0050 55 131 73 141
car 0.0048 3 129 20 141
car 0.0046 112 121 129 131
car 0.0045 90 124 129 142
car 0.0043 90 119 131 133
car 0.0037 54 138 72 147
car 0.0037 2 143 22 159
car 0.0035 74 130 90 139
car 0.0029 276 110 326 126
car 0.0028 289 130 314 138
car 0.0025 85 128 96 143
car 0.0020 319 115 331 130
car 0.0019 273 103 360 141
car 0.0018 122 129 135 139
car 0.0018 101 128 116 140
car 0.0017 114 130 127 139
car 0.0016 404 110 446 137
car 0.0016 83 120 99 129
car 0.0016 321 114 337 122
car 0.0015 319 111 362 137
car 0.0014 69 131 112 155
car 0.0014 283 128 303 136
car 0.0014 27 119 143 153
car 0.0013 37 149 52 157
car 0.0013 0 121 5 134
car 0.0013 43 139 60 149
car 0.0012 441 128 491 145
car 0.0011 76 137 88 149
car 0.0010 274 120 295 130
motorbike 0.9101 197 83 439 358
motorbike 0.0016 209 208 376 340
motorbike 0.0014 202 98 441 203
motorbike 0.0011 355 133 368 149
motorbike 0.0010 165 72 401 249
aeroplane 0.0057 188 72 443 306
bus 0.0094 3 118 91 157
bus 0.0064 277 114 326 137
bus 0.0032 0 126 47 160
bus 0.0016 436 103 500 146
bus 0.0012 382 103 485 143
chair 0.0095 186 85 413 357
chair 0.0014 173 91 386 212
