person 0.9942 97 9 333 330
person 0.0167 50 69 113 211
person 0.0124 6 63 85 212
person 0.0104 414 4 494 119
person 0.0083 170 11 238 68
person 0.0059 0 288 350 330
person 0.0042 320 65 496 277
person 0.0028 264 81 329 192
person 0.0028 415 96 489 154
person 0.0024 78 28 191 141
person 0.0022 179 43 385 300
person 0.0018 299 99 338 173
person 0.0018 6 66 44 140
person 0.0017 130 294 274 328
person 0.0016 323 112 497 221
person 0.0015 11 67 80 133
person 0.0015 69 1 494 270
person 0.0013 366 87 494 174
person 0.0012 52 60 90 96
person 0.0011 26 74 148 193
person 0.0011 335 219 483 328
person 0.0011 32 34 158 145
person 0.0011 35 108 105 239
person 0.0010 65 104 104 212
person 0.0010 88 9 162 123
cat 0.0016 415 96 489 154
chair 0.0053 320 65 496 277
chair 0.0048 0 288 350 330
chair 0.0013 329 91 491 174
chair 0.0012 331 185 485 315
sofa 0.0734 0 288 350 330
sofa 0.0161 320 65 496 277
sofa 0.0142 329 91 491 174
sofa 0.0079 323 112 497 221
sofa 0.0032 36 250 372 331
sofa 0.0013 121 293 372 336
sofa 0.0010 321 142 491 331
pottedplant 0.0073 65 22 302 237
pottedplant 0.0063 26 7 337 341
pottedplant 0.0022 78 28 191 141
pottedplant 0.0017 26 74 148 193
pottedplant 0.0013 16 23 177 236
pottedplant 0.0013 321 142 491 331
pottedplant 0.0011 168 295 348 330
pottedplant 0.0011 32 34 158 145
diningtable 0.0137 329 142 490 179
diningtable 0.0106 323 112 497 221
diningtable 0.0047 321 96 494 312
diningtable 0.0022 329 91 491 174
diningtable 0.0017 0 288 350 330
tvmonitor 0.0138 345 92 413 147
tvmonitor 0.0028 329 91 491 174
tvmonitor 0.0022 78 9 408 340
tvmonitor 0.0013 0 288 350 330
