person 0.1558 496 245 499 268
person 0.0821 275 68 506 325
person 0.0300 495 250 499 274
person 0.0158 440 181 450 193
person 0.0118 497 235 499 259
person 0.0102 478 256 489 271
person 0.0093 434 178 442 197
person 0.0061 432 189 439 203
person 0.0058 475 257 483 272
person 0.0042 493 237 499 291
person 0.0041 416 170 424 185
person 0.0039 250 119 276 197
person 0.0037 433 169 442 190
person 0.0027 496 224 498 247
person 0.0025 284 155 316 178
person 0.0025 493 220 500 272
person 0.0024 496 221 498 233
person 0.0020 431 170 443 204
person 0.0019 414 169 425 208
person 0.0014 216 44 452 279
person 0.0010 415 176 422 199
person 0.0010 289 159 310 175
car 0.0013 496 245 499 268
train 0.9996 223 85 506 350
diningtable 0.0030 175 61 495 382
