person 0.8992 79 90 283 457
person 0.2073 360 339 376 359
person 0.0040 124 107 242 247
person 0.0035 321 348 371 476
person 0.0033 355 342 376 377
person 0.0022 340 347 376 379
person 0.0019 335 348 375 440
person 0.0013 341 338 374 367
person 0.0011 6 138 31 231
train 0.0020 51 66 310 461
chair 0.9139 -1 138 23 237
chair 0.1044 360 339 376 359
chair 0.0667 321 348 371 476
chair 0.0626 43 253 115 380
chair 0.0425 338 351 377 385
chair 0.0307 64 221 123 269
chair 0.0265 -1 140 20 196
chair 0.0186 335 348 375 440
chair 0.0141 0 137 49 304
chair 0.0113 0 198 20 236
chair 0.0108 354 350 373 481
chair 0.0083 44 295 82 375
chair 0.0041 -2 210 55 271
chair 0.0035 0 182 25 255
chair 0.0026 355 342 376 377
chair 0.0022 323 349 373 402
chair 0.0021 -1 206 58 353
chair 0.0019 355 381 374 416
chair 0.0019 -1 136 21 164
chair 0.0016 0 166 18 228
chair 0.0015 62 218 129 339
chair 0.0014 349 343 373 411
chair 0.0012 -1 219 20 248
chair 0.0012 -9 135 32 261
chair 0.0010 367 405 376 490
chair 0.0010 7 126 33 209
sofa 0.0011 335 346 375 407
pottedplant 0.1412 43 253 115 380
pottedplant 0.0338 0 242 58 357
pottedplant 0.0235 44 267 84 368
pottedplant 0.0206 44 263 111 325
pottedplant 0.0099 32 263 61 367
pottedplant 0.0083 58 276 94 311
pottedplant 0.0079 47 276 69 308
pottedplant 0.0060 6 138 31 231
pottedplant 0.0038 52 289 87 315
pottedplant 0.0037 55 270 98 362
pottedplant 0.0036 230 202 270 283
pottedplant 0.0032 33 265 67 301
pottedplant 0.0032 70 294 85 310
pottedplant 0.0029 51 297 87 325
pottedplant 0.0016 41 246 80 318
pottedplant 0.0013 66 290 88 333
pottedplant 0.0013 33 215 96 347
pottedplant 0.0011 65 269 103 299
pottedplant 0.0010 50 308 85 335
pottedplant 0.0010 58 296 76 310
pottedplant 0.0010 40 293 55 370
diningtable 0.0248 338 351 377 385
diningtable 0.0176 63 229 296 445
diningtable 0.0066 -2 210 55 271
diningtable 0.0046 -2 231 56 259
diningtable 0.0036 335 348 375 440
diningtable 0.0035 321 348 371 476
diningtable 0.0020 -2 179 57 337
diningtable 0.0013 -2 143 24 247
diningtable 0.0012 0 208 21 241
diningtable 0.0012 -1 140 20 196
