person 0.9541 30 13 471 368
person 0.8887 -3 176 299 367
person 0.0127 207 33 450 331
person 0.0032 23 203 255 315
person 0.0019 493 -8 499 85
person 0.0016 59 71 367 317
person 0.0015 481 -5 499 94
person 0.0014 436 0 497 128
person 0.0013 382 55 500 338
person 0.0012 452 3 498 87
car 0.0079 65 -7 485 327
car 0.0014 292 0 332 41
car 0.0011 309 56 500 333
motorbike 0.0011 311 82 502 353
boat 0.0081 212 9 498 365
dog 0.9494 2 180 324 370
dog 0.0045 50 204 284 324
dog 0.0034 12 69 428 362
sheep 0.0022 170 7 474 366
bottle 0.0113 291 2 330 49
chair 0.3359 170 7 474 366
chair 0.2558 311 82 502 353
chair 0.0617 12 69 428 362
chair 0.0551 412 82 502 312
chair 0.0122 291 29 336 216
chair 0.0102 430 77 501 127
chair 0.0064 -3 176 299 367
chair 0.0041 318 82 349 111
chair 0.0040 493 20 500 94
chair 0.0037 436 0 497 128
chair 0.0036 496 53 499 83
chair 0.0027 490 49 499 103
chair 0.0024 494 63 499 87
chair 0.0022 0 185 30 249
chair 0.0018 334 290 500 371
chair 0.0018 431 54 498 222
chair 0.0018 419 84 498 150
chair 0.0016 497 31 499 85
chair 0.0016 486 72 499 119
chair 0.0015 480 23 498 141
chair 0.0011 479 62 498 174
chair 0.0010 5 178 88 247
sofa 0.3709 12 69 428 362
sofa 0.0089 377 68 498 363
sofa 0.0082 -4 136 286 330
sofa 0.0046 170 7 474 366
sofa 0.0031 431 74 498 321
sofa 0.0011 334 290 500 371
