person 0.6600 161 117 178 146
person 0.5161 121 75 140 103
person 0.3164 256 102 276 131
person 0.2238 287 114 304 131
person 0.1552 377 92 388 115
person 0.1197 222 104 233 130
person 0.0668 164 119 174 134
person 0.0583 354 124 366 146
person 0.0485 170 122 179 144
person 0.0382 220 103 242 133
person 0.0261 317 112 328 133
person 0.0193 171 119 179 134
person 0.0170 228 120 241 133
person 0.0157 290 42 300 59
person 0.0140 409 235 500 355
person 0.0114 378 92 386 106
person 0.0083 271 40 282 59
person 0.0080 382 256 473 374
person 0.0047 295 47 304 61
person 0.0042 267 36 285 61
person 0.0042 131 77 141 98
person 0.0041 158 122 165 144
person 0.0035 248 31 266 62
person 0.0029 383 93 389 105
person 0.0027 324 114 332 132
person 0.0025 124 82 137 103
person 0.0023 158 119 165 135
person 0.0023 131 85 141 102
person 0.0022 257 117 272 131
person 0.0020 285 39 303 61
person 0.0019 117 76 125 97
person 0.0019 275 40 286 59
person 0.0014 250 40 262 57
person 0.0014 267 119 277 131
person 0.0010 167 115 183 142
person 0.0010 451 253 501 271
bicycle 0.0014 355 233 400 377
bird 0.0119 222 104 233 130
bird 0.0066 228 120 241 133
bird 0.0051 220 103 242 133
bird 0.0031 256 102 276 131
dog 0.0111 161 117 178 146
dog 0.0072 354 124 366 146
dog 0.0032 317 112 328 133
dog 0.0026 121 75 140 103
dog 0.0021 287 114 304 131
dog 0.0020 377 92 388 115
dog 0.0018 164 119 174 134
dog 0.0016 228 120 241 133
horse 0.0010 161 117 178 146
bottle 0.0310 222 68 236 91
bottle 0.0166 467 171 481 213
bottle 0.0138 445 106 460 144
bottle 0.0072 434 180 457 222
bottle 0.0054 480 193 487 210
bottle 0.0043 225 75 237 92
bottle 0.0036 463 190 471 211
bottle 0.0028 441 184 451 199
bottle 0.0023 454 202 462 223
bottle 0.0022 473 179 480 205
bottle 0.0017 459 169 492 229
bottle 0.0016 471 174 477 193
bottle 0.0016 474 191 480 210
bottle 0.0015 461 173 476 213
bottle 0.0012 440 194 452 205
bottle 0.0011 480 125 492 142
bottle 0.0011 460 201 467 219
bottle 0.0010 453 192 460 209
chair 0.9670 365 254 462 373
chair 0.7964 360 218 433 259
chair 0.5323 356 219 424 366
chair 0.4622 471 285 499 373
chair 0.2459 357 231 385 362
chair 0.0372 429 243 465 260
chair 0.0312 369 237 412 265
chair 0.0283 453 256 502 280
chair 0.0176 433 244 460 256
chair 0.0161 355 225 474 320
chair 0.0130 417 214 494 258
chair 0.0114 408 249 498 373
chair 0.0111 386 292 477 367
chair 0.0099 401 221 436 261
chair 0.0063 385 236 432 264
chair 0.0056 494 264 499 389
chair 0.0056 495 250 499 268
chair 0.0053 456 273 498 357
chair 0.0048 445 251 485 266
chair 0.0045 408 236 430 262
chair 0.0043 352 240 431 301
chair 0.0041 0 242 4 333
chair 0.0040 472 240 499 347
chair 0.0033 416 224 435 260
chair 0.0033 0 263 1 311
chair 0.0031 430 228 483 253
chair 0.0031 497 235 499 267
chair 0.0028 413 288 453 370
chair 0.0027 0 302 68 367
chair 0.0027 370 243 405 344
chair 0.0026 352 246 374 368
chair 0.0025 378 237 398 265
chair 0.0025 354 218 410 244
chair 0.0022 453 247 497 300
chair 0.0018 490 208 499 271
chair 0.0018 391 236 410 266
chair 0.0017 355 216 512 383
chair 0.0015 431 288 472 373
chair 0.0015 495 259 500 279
chair 0.0014 419 243 431 259
chair 0.0014 362 286 388 373
chair 0.0014 399 236 416 265
chair 0.0014 464 253 499 271
chair 0.0014 491 242 500 295
chair 0.0013 399 289 434 370
chair 0.0012 366 226 452 272
chair 0.0011 413 240 425 260
chair 0.0011 473 256 498 265
chair 0.0010 455 247 475 256
chair 0.0010 443 240 485 262
chair 0.0010 459 208 491 230
sofa 0.0021 0 216 4 322
sofa 0.0017 0 302 68 367
pottedplant 0.0050 476 119 495 145
pottedplant 0.0031 459 169 492 229
pottedplant 0.0014 459 198 494 230
pottedplant 0.0010 480 125 492 142
diningtable 0.8343 368 245 493 368
diningtable 0.2181 409 253 500 295
diningtable 0.0863 459 284 496 374
diningtable 0.0378 355 225 474 320
diningtable 0.0347 439 253 498 370
diningtable 0.0147 453 256 502 280
diningtable 0.0076 412 291 494 369
diningtable 0.0047 429 214 499 258
diningtable 0.0046 434 259 499 319
diningtable 0.0045 383 264 487 317
diningtable 0.0042 347 256 484 295
diningtable 0.0035 378 284 485 341
diningtable 0.0034 471 270 499 362
diningtable 0.0032 411 236 497 279
diningtable 0.0021 453 247 497 300
diningtable 0.0021 360 218 438 245
diningtable 0.0017 425 262 486 282
diningtable 0.0014 431 288 472 373
diningtable 0.0010 429 243 465 260
diningtable 0.0010 412 217 496 338
diningtable 0.0010 356 219 424 366
diningtable 0.0010 455 268 499 289
