person 0.9997 133 301 229 490
person 0.0721 177 306 248 478
person 0.0020 0 334 4 345
person 0.0011 220 394 262 430
person 0.0011 98 351 224 471
bicycle 0.9836 111 372 259 498
bicycle 0.0212 146 318 236 496
bicycle 0.0046 98 351 224 471
bicycle 0.0045 220 420 258 481
bicycle 0.0011 183 424 254 483
bicycle 0.0010 126 370 182 418
car 0.0027 219 395 264 433
car 0.0020 373 339 377 345
motorbike 0.0017 128 312 248 494
boat 0.0046 20 56 360 442
bottle 0.0220 175 386 184 405
bottle 0.0096 170 411 188 444
bottle 0.0059 170 387 179 405
bottle 0.0056 165 399 185 440
bottle 0.0031 168 385 177 399
bottle 0.0029 173 417 186 438
bottle 0.0022 131 375 172 407
bottle 0.0021 172 382 188 413
bottle 0.0017 164 381 181 415
pottedplant 0.0103 188 278 244 397
pottedplant 0.0014 1 335 81 492
