person 0.9981 224 114 410 381
person 0.9975 54 80 147 246
person 0.9972 120 78 199 234
person 0.9949 -2 139 118 291
person 0.9947 172 76 231 188
person 0.9933 339 68 400 213
person 0.9933 221 61 330 164
person 0.9929 391 133 500 372
person 0.9924 377 86 452 263
person 0.9761 48 297 202 369
person 0.2708 211 54 261 144
person 0.0823 389 132 471 298
person 0.0318 438 172 498 371
person 0.0173 112 82 182 157
person 0.0167 204 79 352 194
person 0.0150 6 130 285 341
person 0.0144 24 252 233 363
person 0.0115 -6 49 140 264
person 0.0085 0 286 21 377
person 0.0073 129 140 355 364
person 0.0062 0 145 13 324
person 0.0061 488 141 499 367
person 0.0061 241 90 318 143
person 0.0050 0 124 16 228
person 0.0048 0 127 66 339
person 0.0042 120 89 287 193
person 0.0038 0 135 8 208
person 0.0033 94 92 156 231
person 0.0030 470 112 498 395
person 0.0030 344 80 478 284
person 0.0030 0 131 9 177
person 0.0023 0 254 56 366
person 0.0022 67 98 194 211
person 0.0022 25 83 238 283
person 0.0021 484 112 498 282
person 0.0019 479 222 499 365
person 0.0017 209 81 244 151
person 0.0015 0 292 8 380
person 0.0015 231 110 320 167
person 0.0015 0 71 15 207
person 0.0014 105 77 247 166
person 0.0014 445 102 499 291
person 0.0013 187 94 455 281
person 0.0012 0 268 5 366
person 0.0012 2 246 114 355
person 0.0012 3 208 17 382
person 0.0011 0 172 5 288
person 0.0011 0 96 26 375
person 0.0010 232 86 322 228
person 0.0010 0 93 7 176
person 0.0010 82 68 323 235
bottle 0.0440 32 293 51 338
bottle 0.0418 0 254 56 366
bottle 0.0261 141 220 162 265
bottle 0.0116 250 127 260 139
bottle 0.0086 15 336 54 376
bottle 0.0066 94 262 120 303
bottle 0.0054 168 244 194 299
bottle 0.0050 7 293 49 370
bottle 0.0047 26 353 58 375
bottle 0.0042 32 281 62 345
bottle 0.0038 1 252 20 375
bottle 0.0034 143 207 171 269
bottle 0.0032 25 294 62 367
bottle 0.0031 240 162 256 183
bottle 0.0025 47 291 62 327
bottle 0.0024 133 140 287 242
bottle 0.0022 165 199 196 248
bottle 0.0014 230 194 240 214
bottle 0.0011 50 292 72 325
bottle 0.0011 266 216 284 250
bottle 0.0010 278 118 290 135
bottle 0.0010 1 163 56 385
chair 0.7166 424 324 463 373
chair 0.2319 101 112 138 151
chair 0.0913 405 176 499 363
chair 0.0874 440 254 499 368
chair 0.0783 0 133 9 194
chair 0.0554 211 54 261 144
chair 0.0398 0 136 7 152
chair 0.0392 253 54 275 98
chair 0.0325 476 291 499 373
chair 0.0217 0 139 7 165
chair 0.0146 479 222 499 365
chair 0.0101 486 309 499 380
chair 0.0100 1 143 4 183
chair 0.0091 392 255 425 279
chair 0.0081 0 124 16 228
chair 0.0077 105 117 145 192
chair 0.0073 0 152 8 231
chair 0.0067 0 121 9 169
chair 0.0066 432 317 500 373
chair 0.0062 0 147 3 198
chair 0.0062 34 82 162 239
chair 0.0051 -18 130 440 345
chair 0.0048 396 271 416 283
chair 0.0047 112 82 182 157
chair 0.0045 0 135 117 267
chair 0.0045 233 108 253 144
chair 0.0043 369 168 388 197
chair 0.0042 415 300 459 370
chair 0.0040 489 292 498 363
chair 0.0040 117 187 135 201
chair 0.0039 111 220 129 236
chair 0.0038 241 90 318 143
chair 0.0036 404 250 468 372
chair 0.0035 0 172 5 288
chair 0.0032 0 145 13 324
chair 0.0029 101 94 155 153
chair 0.0026 1 186 6 215
chair 0.0023 0 109 62 162
chair 0.0023 394 283 501 374
chair 0.0022 492 106 499 182
chair 0.0022 0 173 3 210
chair 0.0022 209 67 321 164
chair 0.0020 0 286 21 377
chair 0.0020 496 119 499 149
chair 0.0020 370 190 391 228
chair 0.0020 484 92 498 264
chair 0.0019 115 184 127 199
chair 0.0018 494 111 499 215
chair 0.0017 0 125 3 147
chair 0.0017 379 140 501 310
chair 0.0014 413 213 452 296
chair 0.0013 393 262 404 274
chair 0.0013 495 222 499 354
chair 0.0013 14 324 54 377
chair 0.0013 118 113 139 152
chair 0.0013 0 71 15 207
chair 0.0013 488 141 499 367
chair 0.0012 466 203 502 381
chair 0.0012 403 284 436 311
chair 0.0012 408 265 500 323
chair 0.0012 417 327 437 368
chair 0.0011 102 127 124 158
chair 0.0011 398 270 437 307
chair 0.0011 0 93 7 176
chair 0.0011 0 189 3 231
chair 0.0011 493 174 498 267
chair 0.0011 395 265 417 291
chair 0.0011 94 92 156 231
sofa 0.1588 34 82 162 239
sofa 0.0758 105 107 144 165
sofa 0.0431 0 135 117 267
sofa 0.0322 211 54 261 144
sofa 0.0100 209 67 321 164
sofa 0.0048 -13 88 145 293
sofa 0.0027 67 98 194 211
sofa 0.0027 116 85 232 205
sofa 0.0027 112 82 182 157
sofa 0.0020 0 109 62 162
sofa 0.0019 405 176 499 363
sofa 0.0018 6 130 285 341
sofa 0.0017 379 140 501 310
sofa 0.0012 101 94 155 153
sofa 0.0011 94 92 156 231
sofa 0.0011 1 121 15 274
diningtable 0.8993 16 150 318 359
diningtable 0.0191 201 119 403 361
diningtable 0.0085 92 125 476 376
diningtable 0.0067 24 252 233 363
diningtable 0.0060 391 249 426 273
diningtable 0.0041 7 326 61 376
diningtable 0.0039 0 136 7 152
diningtable 0.0028 133 140 287 242
diningtable 0.0024 396 271 416 283
diningtable 0.0018 64 262 144 309
diningtable 0.0016 387 236 426 263
diningtable 0.0014 211 204 434 390
diningtable 0.0013 0 286 21 377
diningtable 0.0012 394 265 419 274
diningtable 0.0010 184 157 264 205
diningtable 0.0010 0 254 56 366
tvmonitor 0.0048 276 6 383 91
