person 0.0132 392 226 428 287
person 0.0081 447 245 472 289
person 0.0061 448 221 491 288
person 0.0047 226 205 242 223
person 0.0045 437 231 474 285
person 0.0043 482 199 500 302
person 0.0040 387 229 396 252
person 0.0028 227 233 238 251
person 0.0024 404 240 426 280
person 0.0023 396 174 499 285
person 0.0018 387 223 408 254
person 0.0015 496 181 499 202
person 0.0014 247 229 254 246
person 0.0011 149 221 163 261
car 0.8245 387 170 504 268
car 0.4420 0 215 31 240
car 0.0355 479 183 500 285
car 0.0215 35 243 53 253
car 0.0204 270 181 359 223
car 0.0170 219 167 234 177
car 0.0161 3 228 59 277
car 0.0155 390 204 484 257
car 0.0150 492 190 499 272
car 0.0146 7 238 55 259
car 0.0140 226 205 242 223
car 0.0120 432 175 499 250
car 0.0119 1 207 32 260
car 0.0102 1 222 8 239
car 0.0099 3 221 25 237
car 0.0051 1 212 59 260
car 0.0045 387 223 408 254
car 0.0043 13 222 30 235
car 0.0040 0 229 50 254
car 0.0038 0 212 14 244
car 0.0032 0 210 5 234
car 0.0027 1 229 6 246
car 0.0025 8 253 21 263
car 0.0025 401 197 419 208
car 0.0024 4 189 176 274
car 0.0022 4 216 24 230
car 0.0021 14 217 30 229
car 0.0021 452 192 499 276
car 0.0020 5 244 57 270
car 0.0019 4 218 59 242
car 0.0018 476 156 500 244
car 0.0016 264 201 321 223
car 0.0016 385 217 417 248
car 0.0015 42 244 55 253
car 0.0014 223 165 241 176
car 0.0014 17 215 114 256
car 0.0011 2 208 127 294
car 0.0010 62 201 98 217
car 0.0010 492 222 499 294
car 0.0010 164 148 325 229
car 0.0010 69 204 94 214
car 0.0010 453 166 499 232
car 0.0010 497 192 499 268
car 0.0010 433 170 501 196
car 0.0010 50 220 94 239
motorbike 0.0026 396 174 499 285
motorbike 0.0010 226 205 242 223
bus 0.0056 386 147 502 256
bus 0.0022 0 215 31 240
bus 0.0018 4 189 176 274
bus 0.0016 4 212 91 259
bus 0.0014 27 144 149 175
train 0.0022 4 189 176 274
train 0.0021 27 144 149 175
boat 0.0054 27 144 149 175
boat 0.0013 26 157 146 190
bird 0.0021 365 283 376 291
bird 0.0014 212 335 222 341
bird 0.0012 184 254 188 259
bird 0.0011 93 347 104 353
dog 0.0161 394 242 429 296
