person 0.0462 105 52 149 87
person 0.0092 181 58 366 290
person 0.0059 95 53 156 152
person 0.0010 0 179 13 365
car 0.0014 14 64 110 96
cat 0.0021 105 52 149 87
bottle 0.0750 99 41 116 69
bottle 0.0269 132 43 143 56
bottle 0.0132 127 44 136 55
bottle 0.0038 434 137 443 157
bottle 0.0032 142 43 151 54
bottle 0.0031 159 48 173 65
bottle 0.0026 96 48 107 64
bottle 0.0019 130 42 148 70
bottle 0.0018 99 45 118 85
bottle 0.0018 228 49 242 64
bottle 0.0017 133 47 148 64
bottle 0.0015 70 45 92 68
chair 0.9959 175 63 334 286
chair 0.0346 83 204 166 261
chair 0.0194 0 177 7 247
chair 0.0146 0 146 12 286
chair 0.0140 31 86 148 194
chair 0.0121 111 94 181 254
chair 0.0068 11 85 181 279
chair 0.0037 0 140 5 245
chair 0.0033 208 254 325 367
chair 0.0033 320 151 351 244
chair 0.0030 0 66 15 253
chair 0.0028 275 115 385 236
chair 0.0024 0 179 13 365
chair 0.0019 0 187 3 237
chair 0.0015 0 192 5 286
chair 0.0011 0 210 2 250
chair 0.0010 21 174 161 275
sofa 0.0058 175 63 334 286
sofa 0.0026 0 144 11 324
sofa 0.0014 0 177 7 247
pottedplant 0.2645 105 52 149 87
pottedplant 0.0259 159 48 173 65
pottedplant 0.0131 177 48 216 65
pottedplant 0.0066 99 45 118 85
pottedplant 0.0056 155 35 177 66
pottedplant 0.0047 95 53 156 152
pottedplant 0.0044 176 32 215 63
pottedplant 0.0028 179 50 199 64
pottedplant 0.0026 0 0 104 86
pottedplant 0.0025 184 46 247 64
pottedplant 0.0024 119 44 156 67
pottedplant 0.0019 99 41 116 69
pottedplant 0.0019 209 50 225 63
pottedplant 0.0019 130 42 148 70
pottedplant 0.0018 59 54 153 105
pottedplant 0.0017 208 41 243 60
pottedplant 0.0013 86 48 192 81
pottedplant 0.0012 167 28 239 66
diningtable 0.0055 13 256 231 368
diningtable 0.0014 340 105 424 162
tvmonitor 0.7423 342 26 434 125
tvmonitor 0.0850 349 98 429 158
tvmonitor 0.0708 344 36 397 115
tvmonitor 0.0586 431 116 497 242
tvmonitor 0.0195 31 86 148 194
tvmonitor 0.0153 391 100 433 151
tvmonitor 0.0089 437 108 497 397
tvmonitor 0.0068 347 54 443 156
tvmonitor 0.0046 444 220 498 371
tvmonitor 0.0043 110 257 174 285
tvmonitor 0.0026 317 105 384 141
tvmonitor 0.0025 32 89 143 120
tvmonitor 0.0025 341 189 407 328
tvmonitor 0.0022 83 204 166 261
tvmonitor 0.0022 39 107 135 169
tvmonitor 0.0018 363 9 496 136
tvmonitor 0.0014 34 93 140 142
tvmonitor 0.0013 471 50 499 115
tvmonitor 0.0012 332 77 346 109
tvmonitor 0.0011 299 -9 506 169
tvmonitor 0.0010 453 47 491 115
tvmonitor 0.0010 0 185 8 255
