person 0.9846 190 156 264 286
person 0.9421 356 162 499 377
person 0.6037 294 151 309 168
person 0.1753 0 184 129 279
person 0.0223 347 172 479 298
person 0.0202 218 161 350 282
person 0.0079 291 154 302 166
person 0.0072 1 141 5 166
person 0.0067 11 146 20 162
person 0.0062 4 155 127 376
person 0.0050 3 146 133 252
person 0.0042 230 165 430 376
person 0.0038 -6 274 306 375
person 0.0038 292 156 314 187
person 0.0037 289 150 317 174
person 0.0035 40 172 164 268
person 0.0034 15 144 28 164
person 0.0032 0 132 3 158
person 0.0028 0 241 36 275
person 0.0028 35 145 46 163
person 0.0027 0 151 3 174
person 0.0025 287 144 307 168
person 0.0021 0 131 10 175
person 0.0021 477 222 499 362
person 0.0018 2 140 23 168
person 0.0013 18 159 28 167
person 0.0012 75 146 87 157
person 0.0011 495 152 498 175
person 0.0011 10 156 20 167
person 0.0010 15 141 48 168
person 0.0010 492 172 498 191
car 0.0010 73 147 112 158
train 0.0018 0 17 141 278
train 0.0013 -6 32 432 341
dog 0.0014 -6 274 306 375
dog 0.0010 367 236 494 365
chair 0.8453 260 169 484 375
chair 0.7023 2 263 318 371
chair 0.5424 151 163 220 277
chair 0.4753 84 160 165 267
chair 0.4492 0 184 129 279
chair 0.2458 144 183 178 274
chair 0.2149 158 172 267 281
chair 0.1299 189 159 305 284
chair 0.0971 354 185 477 336
chair 0.0597 1 180 47 204
chair 0.0533 334 235 484 363
chair 0.0520 264 164 304 198
chair 0.0508 474 221 500 322
chair 0.0445 312 180 393 250
chair 0.0334 258 180 341 372
chair 0.0308 38 157 129 212
chair 0.0227 0 202 66 273
chair 0.0221 0 241 44 278
chair 0.0213 190 160 396 372
chair 0.0167 29 155 475 372
chair 0.0160 308 189 397 361
chair 0.0107 254 173 402 279
chair 0.0102 0 180 23 206
chair 0.0080 455 219 492 300
chair 0.0077 3 146 133 252
chair 0.0077 50 208 120 272
chair 0.0056 3 169 98 214
chair 0.0055 159 182 200 275
chair 0.0053 3 243 130 358
chair 0.0051 279 166 322 194
chair 0.0045 0 172 48 195
chair 0.0043 244 162 314 310
chair 0.0043 274 164 295 189
chair 0.0042 263 167 287 199
chair 0.0037 477 247 500 372
chair 0.0032 1 203 171 304
chair 0.0032 361 173 398 189
chair 0.0031 447 213 499 371
chair 0.0031 73 147 112 158
chair 0.0029 361 229 459 278
chair 0.0029 373 170 389 176
chair 0.0028 251 165 315 217
chair 0.0025 306 167 318 179
chair 0.0025 369 176 394 223
chair 0.0024 8 149 329 306
chair 0.0024 134 176 168 264
chair 0.0023 179 172 218 262
chair 0.0023 2 180 9 205
chair 0.0021 301 173 380 298
chair 0.0020 0 168 24 267
chair 0.0019 14 195 49 203
chair 0.0019 469 193 500 393
chair 0.0018 1 174 14 209
chair 0.0017 380 168 392 176
chair 0.0017 292 156 314 187
chair 0.0017 12 190 49 207
chair 0.0016 34 264 48 277
chair 0.0016 1 239 33 301
chair 0.0015 1 227 54 360
chair 0.0015 355 246 392 311
chair 0.0014 193 203 256 267
chair 0.0014 46 164 92 218
chair 0.0013 337 170 408 220
chair 0.0013 0 146 46 205
chair 0.0013 78 149 104 158
chair 0.0012 1 187 32 210
chair 0.0011 291 154 302 166
chair 0.0011 0 114 132 342
chair 0.0011 72 158 175 203
chair 0.0011 0 126 47 186
chair 0.0010 255 175 274 207
chair 0.0010 294 151 309 168
chair 0.0010 355 221 434 262
chair 0.0010 281 161 304 188
chair 0.0010 413 191 495 358
chair 0.0010 338 169 402 178
sofa 0.0411 0 184 129 279
sofa 0.0377 260 169 484 375
sofa 0.0304 189 159 305 284
sofa 0.0293 158 172 267 281
sofa 0.0131 64 163 186 273
sofa 0.0119 474 221 500 322
sofa 0.0110 2 263 318 371
sofa 0.0067 190 160 396 372
sofa 0.0064 354 185 477 336
sofa 0.0061 29 155 475 372
sofa 0.0041 444 204 500 345
sofa 0.0027 455 219 492 300
sofa 0.0021 254 173 402 279
sofa 0.0012 4 155 127 376
sofa 0.0010 468 178 500 370
sofa 0.0010 334 235 484 363
diningtable 0.0361 -7 274 324 375
diningtable 0.0075 0 172 48 195
diningtable 0.0046 1 180 47 204
diningtable 0.0027 0 164 47 184
diningtable 0.0010 0 184 129 279
tvmonitor 0.0040 0 126 47 186
