person 0.0236 100 41 235 292
person 0.0093 144 251 175 289
person 0.0055 143 159 219 285
aeroplane 0.9209 144 251 175 289
aeroplane 0.0055 143 252 162 281
aeroplane 0.0026 146 253 157 272
aeroplane 0.0025 135 249 189 294
aeroplane 0.0018 154 255 163 272
aeroplane 0.0017 157 268 163 278
aeroplane 0.0015 162 276 173 288
boat 0.0029 141 248 176 295
bird 0.2121 141 248 176 295
bird 0.0034 143 253 164 289
bird 0.0030 154 254 176 289
bird 0.0026 100 41 235 292
bird 0.0013 143 159 219 285
cat 0.0010 100 41 235 292
cow 0.0014 147 252 172 288
tvmonitor 0.0065 13 45 338 457
