person 0.3684 206 263 211 276
person 0.0878 182 263 190 274
person 0.0515 269 277 277 287
person 0.0465 335 264 341 273
person 0.0455 278 277 287 287
person 0.0336 165 262 187 274
person 0.0330 360 266 366 276
person 0.0328 134 266 144 278
person 0.0252 231 263 236 276
person 0.0184 204 269 329 327
person 0.0152 371 279 384 295
person 0.0128 210 263 215 275
person 0.0121 353 282 367 291
person 0.0121 262 276 270 287
person 0.0120 365 281 378 293
person 0.0104 477 263 482 278
person 0.0081 289 276 297 288
person 0.0070 141 269 153 280
person 0.0065 297 276 306 288
person 0.0062 224 263 231 276
person 0.0058 305 271 484 340
person 0.0046 396 272 496 348
person 0.0040 70 263 77 272
person 0.0038 345 283 358 292
person 0.0038 169 259 184 265
person 0.0037 162 259 177 265
person 0.0036 403 288 417 300
person 0.0031 358 272 366 280
person 0.0031 362 266 371 275
person 0.0029 336 283 348 295
person 0.0028 191 264 199 274
person 0.0026 204 269 209 280
person 0.0024 383 284 396 294
person 0.0023 2 296 24 336
person 0.0022 328 265 338 274
person 0.0021 2 271 6 285
person 0.0020 0 285 9 348
person 0.0019 60 252 218 310
person 0.0018 271 264 277 269
person 0.0018 390 282 405 293
person 0.0018 429 267 501 332
person 0.0015 340 277 396 294
person 0.0015 135 257 143 263
person 0.0015 223 254 230 266
person 0.0014 240 253 247 264
person 0.0012 1 264 5 274
person 0.0011 20 293 31 302
person 0.0011 475 268 483 282
person 0.0011 205 255 211 268
person 0.0010 365 257 371 264
person 0.0010 477 269 487 283
car 0.9949 209 271 336 327
car 0.9920 282 274 457 341
car 0.9591 429 271 500 345
car 0.9350 0 283 63 374
car 0.9051 73 261 208 325
car 0.4741 10 352 231 373
car 0.3134 165 262 187 274
car 0.1762 -4 303 222 376
car 0.1761 160 261 194 276
car 0.0225 76 259 207 291
car 0.0181 0 268 209 357
car 0.0144 3 343 233 386
car 0.0113 430 254 446 264
car 0.0092 493 251 499 268
car 0.0079 182 263 190 274
car 0.0075 70 263 77 272
car 0.0063 0 270 22 356
car 0.0063 466 251 500 268
car 0.0055 474 272 498 354
car 0.0052 138 263 179 278
car 0.0043 1 264 5 274
car 0.0042 162 259 177 265
car 0.0033 54 264 71 271
car 0.0032 321 273 340 280
car 0.0032 388 273 485 313
car 0.0032 2 271 6 285
car 0.0032 169 259 184 265
car 0.0032 301 278 448 313
car 0.0030 477 254 495 267
car 0.0030 339 265 362 273
car 0.0029 72 262 85 272
car 0.0027 78 263 161 279
car 0.0027 149 265 170 274
car 0.0024 339 263 401 276
car 0.0024 360 266 366 276
car 0.0021 311 272 334 281
car 0.0020 362 266 371 275
car 0.0019 18 265 29 272
car 0.0017 440 253 451 264
car 0.0017 495 257 499 279
car 0.0015 328 261 373 275
car 0.0015 369 267 389 275
car 0.0014 468 255 485 265
car 0.0014 303 270 339 284
car 0.0013 53 356 168 373
car 0.0013 408 261 492 297
car 0.0013 383 266 397 275
car 0.0013 494 268 499 286
car 0.0012 496 242 499 258
car 0.0012 337 270 403 286
car 0.0012 328 265 338 274
car 0.0012 313 267 330 274
car 0.0011 492 279 500 356
car 0.0011 10 266 17 272
car 0.0011 335 264 341 273
car 0.0011 476 245 498 274
car 0.0011 299 245 365 269
car 0.0010 489 296 499 355
car 0.0010 48 264 57 270
car 0.0010 353 254 365 263
motorbike 0.0020 204 269 329 327
motorbike 0.0014 10 312 232 380
bus 0.0659 290 240 378 272
bus 0.0032 307 249 371 269
bus 0.0016 0 265 65 372
train 0.0019 290 240 378 272
pottedplant 0.0017 231 263 236 276
pottedplant 0.0013 286 255 298 268
pottedplant 0.0011 278 254 291 267
