person 0.5460 391 295 405 307
person 0.1922 401 295 414 306
person 0.1126 383 295 397 307
person 0.0710 421 295 432 304
person 0.0557 411 295 423 305
person 0.0192 307 284 456 345
person 0.0051 25 282 38 299
person 0.0039 377 299 389 309
person 0.0028 0 290 5 304
person 0.0023 374 291 423 307
person 0.0022 23 277 43 303
person 0.0018 0 279 4 299
person 0.0012 23 258 41 299
person 0.0012 24 278 60 304
person 0.0011 430 294 440 303
bicycle 0.0011 24 283 60 307
car 0.9994 315 284 476 347
car 0.3992 464 254 487 263
car 0.0108 464 253 500 265
car 0.0056 0 290 5 304
car 0.0047 494 254 499 267
car 0.0040 17 263 35 297
car 0.0039 471 256 494 264
car 0.0021 494 262 499 272
car 0.0013 443 256 489 267
car 0.0011 445 260 504 278
car 0.0011 24 278 60 304
pottedplant 0.1536 24 283 60 307
pottedplant 0.0144 25 282 43 308
pottedplant 0.0130 25 282 38 299
pottedplant 0.0111 44 288 60 304
pottedplant 0.0063 5 288 97 332
pottedplant 0.0059 21 281 32 298
pottedplant 0.0052 0 169 20 303
pottedplant 0.0034 24 265 56 325
pottedplant 0.0033 0 290 5 304
pottedplant 0.0024 32 288 54 304
pottedplant 0.0015 13 278 48 338
pottedplant 0.0014 18 271 34 300
pottedplant 0.0013 20 277 52 303
pottedplant 0.0011 21 290 65 319
pottedplant 0.0010 11 273 85 319
pottedplant 0.0010 33 282 47 297
