person 0.8208 0 158 444 363
person 0.0135 402 208 501 251
person 0.0135 34 191 302 282
person 0.0106 -6 137 290 317
person 0.0092 55 47 493 344
person 0.0076 314 174 486 255
person 0.0053 0 37 12 275
person 0.0037 451 213 501 246
person 0.0024 27 268 316 363
person 0.0018 138 207 505 373
person 0.0018 1 157 14 353
person 0.0016 1 92 26 417
person 0.0016 400 311 498 375
person 0.0016 57 203 367 311
person 0.0014 0 257 19 370
person 0.0013 1 197 206 274
person 0.0011 148 143 498 318
person 0.0011 0 29 14 137
car 0.1153 419 86 497 155
car 0.0024 411 86 501 227
cat 0.0019 402 208 501 251
dog 0.0087 402 208 501 251
bottle 0.0115 131 254 205 287
chair 0.0233 30 279 100 373
chair 0.0223 0 257 19 370
chair 0.0167 23 290 318 368
chair 0.0116 0 311 11 380
chair 0.0107 0 256 59 376
chair 0.0094 0 280 6 373
chair 0.0073 5 203 86 378
chair 0.0060 0 158 444 363
chair 0.0055 0 186 15 365
chair 0.0040 0 243 4 372
chair 0.0036 -1 312 20 379
chair 0.0030 0 348 16 380
chair 0.0027 0 156 30 392
chair 0.0024 27 290 159 367
chair 0.0024 1 320 66 372
chair 0.0023 0 120 54 388
chair 0.0023 29 288 71 369
chair 0.0012 0 282 1 331
sofa 0.0430 47 154 504 367
sofa 0.0052 -16 101 363 351
sofa 0.0048 23 290 318 368
tvmonitor 0.0011 403 65 501 172
