person 0.9971 417 66 498 196
person 0.9827 350 63 427 198
person 0.9115 196 66 283 198
person 0.8959 272 86 332 207
person 0.8550 123 72 203 190
person 0.7130 10 65 119 201
person 0.1337 272 101 374 229
person 0.0644 126 94 212 252
person 0.0470 334 157 352 191
person 0.0252 192 70 258 150
person 0.0234 401 87 414 106
person 0.0231 190 99 301 296
person 0.0199 335 158 348 177
person 0.0160 401 79 432 185
person 0.0139 294 90 335 170
person 0.0135 399 85 417 112
person 0.0097 124 69 195 131
person 0.0074 3 62 68 200
person 0.0070 321 148 341 181
person 0.0065 323 149 337 164
person 0.0062 357 92 438 260
person 0.0058 353 75 425 142
person 0.0058 6 83 93 257
person 0.0058 410 77 449 146
person 0.0045 8 63 77 132
person 0.0043 326 154 339 173
person 0.0039 403 59 467 176
person 0.0037 19 113 145 295
person 0.0036 270 80 331 151
person 0.0036 239 32 412 212
person 0.0036 422 93 488 246
person 0.0034 381 73 440 193
person 0.0034 342 165 354 184
person 0.0033 196 80 369 184
person 0.0029 417 126 500 315
person 0.0028 484 41 499 223
person 0.0028 495 134 499 274
person 0.0026 314 129 333 164
person 0.0025 419 73 485 149
person 0.0024 160 43 338 211
person 0.0023 319 127 354 213
person 0.0021 84 164 94 182
person 0.0020 339 164 359 202
person 0.0020 0 20 22 126
person 0.0018 318 145 332 163
person 0.0017 76 157 89 173
person 0.0016 494 133 499 217
person 0.0016 82 160 94 176
person 0.0015 159 77 199 153
person 0.0012 391 83 411 113
person 0.0011 377 81 414 181
person 0.0011 323 152 356 180
person 0.0011 496 157 499 193
person 0.0011 133 132 281 268
person 0.0011 483 117 499 264
person 0.0011 7 161 19 172
person 0.0011 497 161 499 207
person 0.0011 303 102 322 134
person 0.0010 310 107 329 148
person 0.0010 429 65 473 129
person 0.0010 189 146 388 249
person 0.0010 495 85 499 207
car 0.0012 1 165 24 201
motorbike 0.0018 129 96 223 253
horse 0.9993 358 106 441 274
horse 0.9991 200 97 287 293
horse 0.9987 128 112 224 293
horse 0.9965 431 116 497 308
horse 0.9957 10 99 132 297
horse 0.9919 282 105 363 276
horse 0.0883 422 93 488 246
horse 0.0444 54 121 149 287
horse 0.0381 272 101 330 233
horse 0.0319 6 147 90 302
horse 0.0110 321 105 381 275
horse 0.0108 336 149 368 232
horse 0.0090 334 157 352 191
horse 0.0071 117 97 221 218
horse 0.0068 339 164 359 202
horse 0.0047 484 137 501 284
horse 0.0044 286 148 318 230
horse 0.0041 10 86 122 211
horse 0.0032 347 91 409 249
horse 0.0031 3 175 60 311
horse 0.0030 342 165 354 184
horse 0.0030 495 134 499 274
horse 0.0029 432 108 466 227
horse 0.0029 324 150 358 231
horse 0.0024 297 123 333 216
horse 0.0024 191 103 375 288
horse 0.0023 336 161 349 184
horse 0.0023 419 133 445 249
horse 0.0022 352 167 369 202
horse 0.0018 2 159 19 300
horse 0.0018 133 132 281 268
horse 0.0015 8 195 42 291
horse 0.0015 404 111 458 267
horse 0.0015 319 127 354 213
horse 0.0011 193 100 299 209
horse 0.0011 357 140 387 236
horse 0.0010 494 133 499 217
cow 0.0010 428 124 499 317
