person 0.0012 13 127 111 228
bicycle 0.0057 336 159 404 259
bicycle 0.0013 396 167 456 286
car 0.0013 0 87 92 139
cat 0.0274 219 212 354 336
dog 0.9664 215 222 358 338
dog 0.0027 193 172 376 355
chair 0.0995 337 192 402 259
chair 0.0285 169 87 231 216
chair 0.0185 404 213 450 282
chair 0.0118 289 133 350 236
chair 0.0111 478 234 499 340
chair 0.0088 168 135 227 242
chair 0.0063 437 152 498 307
chair 0.0029 396 167 456 286
chair 0.0026 483 168 499 331
chair 0.0022 337 126 406 253
chair 0.0013 434 213 501 285
sofa 0.0017 478 234 499 340
pottedplant 0.9547 340 116 413 195
pottedplant 0.9237 396 158 454 224
pottedplant 0.9104 168 73 236 150
pottedplant 0.8884 288 96 355 166
pottedplant 0.8101 249 68 309 126
pottedplant 0.6801 13 127 111 228
pottedplant 0.3768 245 123 304 179
pottedplant 0.2985 263 32 299 68
pottedplant 0.1403 229 0 266 66
pottedplant 0.1353 336 159 404 259
pottedplant 0.1245 290 162 348 224
pottedplant 0.1189 396 167 456 286
pottedplant 0.0889 300 116 361 179
pottedplant 0.0824 259 5 301 71
pottedplant 0.0770 279 115 312 186
pottedplant 0.0630 224 88 258 176
pottedplant 0.0562 269 134 293 180
pottedplant 0.0507 179 58 256 163
pottedplant 0.0436 243 94 279 175
pottedplant 0.0353 264 92 288 126
pottedplant 0.0351 243 57 314 173
pottedplant 0.0346 336 121 377 187
pottedplant 0.0306 248 20 309 134
pottedplant 0.0262 169 87 231 216
pottedplant 0.0258 304 127 346 166
pottedplant 0.0257 256 131 296 202
pottedplant 0.0244 348 117 447 233
pottedplant 0.0237 218 68 257 132
pottedplant 0.0231 248 134 286 178
pottedplant 0.0203 404 213 450 282
pottedplant 0.0168 228 -3 296 50
pottedplant 0.0166 257 78 341 187
pottedplant 0.0160 203 74 244 151
pottedplant 0.0146 352 72 428 202
pottedplant 0.0121 478 234 499 340
pottedplant 0.0114 293 62 367 174
pottedplant 0.0103 397 109 461 235
pottedplant 0.0100 269 76 293 125
pottedplant 0.0099 265 152 289 180
pottedplant 0.0094 351 193 400 260
pottedplant 0.0089 312 129 353 211
pottedplant 0.0084 -1 46 101 225
pottedplant 0.0069 286 154 313 225
pottedplant 0.0066 211 60 266 173
pottedplant 0.0065 284 134 304 180
pottedplant 0.0064 224 99 247 139
pottedplant 0.0062 240 78 276 149
pottedplant 0.0057 437 152 498 307
pottedplant 0.0051 278 82 318 148
pottedplant 0.0049 246 86 266 131
pottedplant 0.0048 244 96 310 205
pottedplant 0.0043 300 169 340 204
pottedplant 0.0042 253 37 335 151
pottedplant 0.0042 321 101 398 203
pottedplant 0.0040 171 149 223 230
pottedplant 0.0040 401 160 451 195
pottedplant 0.0039 352 160 457 272
pottedplant 0.0039 355 106 421 164
pottedplant 0.0038 395 145 439 209
pottedplant 0.0038 246 119 263 177
pottedplant 0.0037 282 35 300 67
pottedplant 0.0036 301 133 362 240
pottedplant 0.0032 228 -3 298 120
pottedplant 0.0031 116 59 253 149
pottedplant 0.0030 265 128 300 169
pottedplant 0.0029 266 160 284 177
pottedplant 0.0028 322 174 352 242
pottedplant 0.0028 477 282 500 326
pottedplant 0.0028 267 107 284 125
pottedplant 0.0027 228 77 297 138
pottedplant 0.0027 261 24 287 62
pottedplant 0.0024 229 0 264 29
pottedplant 0.0024 252 151 273 182
pottedplant 0.0023 375 194 405 263
pottedplant 0.0022 169 78 208 146
pottedplant 0.0022 402 94 499 251
pottedplant 0.0022 297 93 343 127
pottedplant 0.0021 182 213 213 243
pottedplant 0.0021 283 113 305 163
pottedplant 0.0019 236 23 260 60
pottedplant 0.0019 253 86 272 129
pottedplant 0.0019 238 15 271 91
pottedplant 0.0019 258 49 330 108
pottedplant 0.0018 305 110 353 147
pottedplant 0.0018 245 105 261 150
pottedplant 0.0018 247 88 286 128
pottedplant 0.0018 260 29 326 80
pottedplant 0.0018 234 2 261 47
pottedplant 0.0017 216 64 252 98
pottedplant 0.0016 366 132 412 204
pottedplant 0.0016 306 95 487 272
pottedplant 0.0015 226 90 264 128
pottedplant 0.0015 268 160 292 190
pottedplant 0.0015 261 72 304 110
pottedplant 0.0014 286 170 321 202
pottedplant 0.0014 154 53 223 169
pottedplant 0.0014 182 4 264 61
pottedplant 0.0013 106 11 174 182
pottedplant 0.0013 349 148 399 230
pottedplant 0.0013 248 148 264 183
diningtable 0.0237 164 231 357 340
diningtable 0.0012 477 277 499 367
diningtable 0.0010 108 211 393 360
