person 0.0048 172 97 344 238
person 0.0040 342 54 350 195
person 0.0011 347 75 349 192
car 0.0087 137 59 165 77
bottle 0.0012 345 125 349 183
chair 0.0112 345 125 349 183
chair 0.0081 172 97 344 238
chair 0.0031 346 87 349 195
chair 0.0021 342 69 350 204
sofa 0.0402 174 120 341 243
pottedplant 0.0760 217 5 297 95
pottedplant 0.0287 217 4 336 135
pottedplant 0.0140 210 0 268 118
pottedplant 0.0044 168 1 296 141
diningtable 0.0223 174 120 341 243
diningtable 0.0012 173 183 331 247
tvmonitor 0.9930 57 2 226 136
tvmonitor 0.0335 214 121 341 239
tvmonitor 0.0038 83 28 208 111
tvmonitor 0.0018 345 125 349 183
