person 0.8539 134 212 143 233
person 0.0709 131 208 145 234
person 0.0658 130 211 137 230
person 0.0528 136 220 144 233
person 0.0484 61 225 68 240
person 0.0348 133 209 139 219
person 0.0329 65 225 71 240
person 0.0147 141 217 147 231
person 0.0123 320 207 327 220
person 0.0111 161 222 173 234
person 0.0108 288 203 297 212
person 0.0096 231 208 239 213
person 0.0077 2 224 6 242
person 0.0066 298 205 304 215
person 0.0060 287 201 299 208
person 0.0051 320 214 328 221
person 0.0047 349 225 369 253
person 0.0037 58 232 67 241
person 0.0035 2 234 8 244
person 0.0030 269 216 276 224
person 0.0025 241 209 247 214
person 0.0024 130 208 137 219
person 0.0022 222 209 231 215
person 0.0021 127 207 140 234
person 0.0017 66 232 72 240
person 0.0017 376 199 386 209
person 0.0016 156 222 167 233
person 0.0014 325 208 331 217
person 0.0012 297 214 304 222
person 0.0012 292 215 298 222
person 0.0010 145 195 431 248
bicycle 0.1776 136 220 144 233
bicycle 0.0232 134 212 143 233
bicycle 0.0194 161 222 173 234
bicycle 0.0081 320 214 328 221
bicycle 0.0031 320 207 327 220
bicycle 0.0024 130 211 137 230
bicycle 0.0024 141 221 148 232
bicycle 0.0016 298 205 304 215
bicycle 0.0013 297 214 304 222
bicycle 0.0013 131 208 145 234
bicycle 0.0011 130 222 136 232
car 0.9850 208 208 261 233
car 0.9290 347 203 378 219
car 0.0840 287 201 299 208
car 0.0810 358 203 376 215
car 0.0522 376 199 386 209
car 0.0256 362 200 375 208
car 0.0235 380 200 392 209
car 0.0234 386 182 427 214
car 0.0224 375 202 384 213
car 0.0113 288 203 297 212
car 0.0075 356 201 368 208
car 0.0066 381 202 394 213
car 0.0061 295 201 304 208
car 0.0047 482 200 489 206
car 0.0034 347 207 358 217
car 0.0031 414 205 426 213
car 0.0031 2 234 8 244
car 0.0029 420 205 432 213
car 0.0023 0 205 26 212
car 0.0023 134 212 143 233
car 0.0022 213 207 257 223
car 0.0020 2 224 6 242
car 0.0019 195 204 277 237
car 0.0018 250 214 260 227
car 0.0017 298 205 304 215
car 0.0016 496 197 499 208
car 0.0016 497 204 500 214
car 0.0015 354 200 399 217
car 0.0015 351 198 387 212
car 0.0013 355 183 435 216
car 0.0013 460 205 468 213
car 0.0012 430 198 440 209
car 0.0012 209 223 224 233
car 0.0011 173 202 180 207
car 0.0011 430 204 440 212
car 0.0011 222 209 231 215
motorbike 0.0149 136 220 144 233
motorbike 0.0063 134 212 143 233
motorbike 0.0010 131 208 145 234
bus 0.0065 386 182 427 214
dog 0.0063 136 220 144 233
dog 0.0028 161 222 173 234
horse 0.0161 136 220 144 233
horse 0.0055 134 212 143 233
horse 0.0015 131 208 145 234
