person 0.0390 272 149 309 179
person 0.0361 485 179 499 225
person 0.0205 474 165 500 269
person 0.0123 466 216 500 290
person 0.0065 431 350 487 375
person 0.0041 296 139 330 168
person 0.0029 296 136 313 173
person 0.0027 478 124 500 236
person 0.0020 495 181 498 225
person 0.0018 491 184 499 256
person 0.0017 174 145 185 165
person 0.0015 296 155 308 176
person 0.0015 468 125 502 309
person 0.0014 83 137 99 153
person 0.0013 494 172 498 213
person 0.0013 267 140 327 183
person 0.0013 479 174 498 213
person 0.0012 381 157 401 187
person 0.0011 405 160 450 186
person 0.0010 124 140 134 151
person 0.0010 173 142 188 181
bicycle 0.0010 110 160 330 323
car 0.0051 468 184 501 290
car 0.0018 72 152 146 209
car 0.0016 485 179 499 225
car 0.0015 66 133 98 155
car 0.0015 347 153 392 174
car 0.0013 477 157 501 241
car 0.0010 200 170 308 229
motorbike 0.9980 106 170 333 346
motorbike 0.0030 188 160 316 229
motorbike 0.0023 322 174 439 252
motorbike 0.0010 306 171 398 226
motorbike 0.0010 183 169 318 277
bird 0.0011 431 350 487 375
dog 0.0066 200 170 308 229
dog 0.0057 207 211 273 259
dog 0.0053 217 209 250 249
dog 0.0053 187 208 252 258
dog 0.0053 110 160 330 323
dog 0.0011 183 169 318 277
horse 0.0013 110 160 330 323
pottedplant 0.0031 381 136 452 185
