person 0.9945 0 15 275 374
person 0.0671 0 5 61 69
person 0.0409 208 153 452 365
person 0.0290 49 3 135 39
person 0.0122 0 0 56 129
person 0.0117 191 0 245 50
person 0.0113 53 1 443 368
person 0.0111 121 20 292 352
person 0.0109 330 9 502 209
person 0.0101 186 2 246 94
person 0.0081 410 95 492 148
person 0.0067 382 -3 488 164
person 0.0054 197 0 237 23
person 0.0037 357 0 435 160
person 0.0029 180 142 320 367
person 0.0021 353 3 392 88
person 0.0019 23 5 111 43
person 0.0018 252 249 478 359
person 0.0016 191 3 309 85
person 0.0015 336 17 350 33
person 0.0014 316 5 352 34
person 0.0013 0 173 19 374
person 0.0013 235 30 313 170
person 0.0012 310 214 499 382
person 0.0011 10 0 117 78
person 0.0010 0 289 27 375
person 0.0010 0 3 32 76
bicycle 0.0017 215 127 446 344
bicycle 0.0017 369 4 498 277
car 0.0101 330 9 502 209
car 0.0012 363 4 503 129
car 0.0011 478 85 499 192
car 0.0011 1 80 268 361
motorbike 0.0067 4 64 330 368
motorbike 0.0045 76 89 504 369
motorbike 0.0033 208 153 452 365
train 0.0024 215 127 446 344
boat 0.0011 105 9 478 366
boat 0.0010 215 127 446 344
bird 0.0037 336 228 406 277
bird 0.0031 293 223 315 257
bird 0.0014 321 208 393 268
bird 0.0012 301 181 379 248
bird 0.0011 208 153 452 365
bird 0.0010 283 231 319 265
dog 0.0023 60 3 140 35
cow 0.0010 208 153 452 365
chair 0.4653 287 4 322 73
chair 0.3806 0 47 53 189
chair 0.2997 60 3 140 35
chair 0.2967 362 5 501 217
chair 0.2490 1 80 268 361
chair 0.0845 237 26 291 103
chair 0.0763 193 2 242 85
chair 0.0530 224 93 284 212
chair 0.0476 195 2 239 36
chair 0.0440 0 169 32 379
chair 0.0407 353 3 392 88
chair 0.0385 243 4 319 75
chair 0.0300 0 104 50 178
chair 0.0236 1 52 25 181
chair 0.0199 316 5 352 34
chair 0.0183 0 4 49 73
chair 0.0183 0 170 19 340
chair 0.0182 373 5 499 91
chair 0.0154 239 5 291 32
chair 0.0129 229 4 297 47
chair 0.0113 0 0 56 129
chair 0.0111 0 289 27 375
chair 0.0098 410 95 492 148
chair 0.0098 382 87 501 200
chair 0.0093 288 6 321 35
chair 0.0090 1 167 81 379
chair 0.0087 2 89 51 384
chair 0.0081 191 3 309 85
chair 0.0080 342 2 378 87
chair 0.0077 172 1 240 49
chair 0.0076 24 8 389 371
chair 0.0074 175 123 323 355
chair 0.0068 318 4 356 79
chair 0.0063 290 27 315 66
chair 0.0060 4 3 81 52
chair 0.0054 0 20 87 181
chair 0.0048 227 29 297 172
chair 0.0043 203 0 242 24
chair 0.0040 478 85 499 192
chair 0.0038 241 19 286 35
chair 0.0036 44 3 80 37
chair 0.0033 77 1 140 22
chair 0.0030 336 17 350 33
chair 0.0028 -6 102 285 183
chair 0.0027 1 28 47 63
chair 0.0026 5 5 115 129
chair 0.0026 157 5 271 79
chair 0.0025 237 72 309 200
chair 0.0025 314 6 326 66
chair 0.0023 168 1 207 24
chair 0.0023 0 -9 35 178
chair 0.0023 287 3 347 55
chair 0.0022 203 11 242 43
chair 0.0021 262 3 329 55
chair 0.0020 188 1 228 23
chair 0.0020 215 127 446 344
chair 0.0019 248 1 294 20
chair 0.0019 1 50 28 344
chair 0.0018 254 1 293 56
chair 0.0017 -1 10 110 368
chair 0.0017 168 0 188 24
chair 0.0017 -1 108 50 138
chair 0.0017 430 104 501 169
chair 0.0017 0 92 15 302
chair 0.0016 35 25 49 63
chair 0.0016 381 138 500 239
chair 0.0016 121 20 292 352
chair 0.0016 23 5 111 43
chair 0.0015 0 88 114 193
chair 0.0015 187 0 208 24
chair 0.0014 381 111 493 160
chair 0.0014 0 206 208 371
chair 0.0013 438 90 498 225
chair 0.0012 306 4 436 123
chair 0.0012 237 27 287 47
chair 0.0012 303 11 321 63
chair 0.0011 189 9 203 23
chair 0.0011 476 99 500 145
chair 0.0011 313 57 495 319
chair 0.0010 194 19 238 53
chair 0.0010 0 7 27 120
chair 0.0010 24 -1 65 35
chair 0.0010 155 3 498 370
chair 0.0010 342 17 352 35
sofa 0.0471 1 80 268 361
sofa 0.0101 0 169 32 379
sofa 0.0064 0 250 24 372
sofa 0.0017 60 3 140 35
sofa 0.0015 353 3 392 88
sofa 0.0014 2 89 51 384
sofa 0.0011 0 170 19 340
sofa 0.0010 1 167 81 379
sofa 0.0010 330 9 502 209
diningtable 0.0059 0 173 19 374
diningtable 0.0042 60 3 140 35
diningtable 0.0034 1 169 49 377
diningtable 0.0030 0 47 53 189
diningtable 0.0029 1 80 268 361
diningtable 0.0018 369 4 498 277
diningtable 0.0018 0 145 19 290
diningtable 0.0016 0 289 27 375
diningtable 0.0012 1 84 28 387
tvmonitor 0.0079 373 5 499 91
tvmonitor 0.0049 353 3 392 88
