person 0.9247 144 65 231 271
person 0.0525 142 62 241 152
person 0.0492 128 94 140 103
person 0.0447 61 106 70 121
person 0.0326 58 107 66 121
person 0.0311 46 104 60 121
person 0.0179 146 103 220 220
person 0.0119 121 94 129 105
person 0.0057 54 104 69 122
person 0.0052 321 137 371 237
person 0.0046 227 98 283 170
person 0.0042 48 104 57 113
person 0.0036 138 49 280 186
person 0.0034 62 104 70 114
person 0.0029 160 130 221 271
person 0.0025 18 98 28 105
person 0.0023 159 47 225 135
person 0.0020 14 98 24 105
person 0.0019 0 95 3 105
person 0.0015 46 105 52 121
person 0.0015 352 8 372 255
person 0.0015 5 97 15 104
person 0.0014 58 104 66 114
person 0.0011 118 89 130 110
person 0.0011 114 96 123 105
person 0.0010 330 40 373 224
person 0.0010 121 90 129 100
car 0.0991 128 94 140 103
car 0.0415 131 92 144 99
car 0.0088 109 94 141 105
car 0.0051 131 94 161 104
car 0.0034 138 93 153 98
car 0.0026 136 94 156 101
car 0.0025 126 91 141 106
car 0.0014 227 105 283 165
car 0.0013 121 94 129 105
car 0.0011 129 90 163 100
car 0.0011 107 98 117 105
boat 0.0030 286 127 349 166
boat 0.0027 269 42 372 121
bird 0.0056 154 110 224 244
bird 0.0041 142 104 236 189
bird 0.0032 316 131 371 226
bird 0.0011 284 229 300 245
cat 0.0087 321 137 371 237
cat 0.0040 142 104 236 189
cat 0.0012 227 98 283 170
dog 0.3628 320 128 373 228
dog 0.3604 141 105 234 220
dog 0.1646 162 106 224 189
dog 0.0848 227 98 283 170
dog 0.0319 147 72 268 264
dog 0.0042 321 155 358 222
dog 0.0022 356 123 373 228
dog 0.0018 334 153 369 222
dog 0.0016 192 103 224 161
dog 0.0015 180 118 229 231
dog 0.0015 194 133 223 188
dog 0.0013 154 99 268 184
dog 0.0011 179 97 233 175
horse 0.0375 320 128 373 228
horse 0.0132 146 99 228 274
horse 0.0049 158 105 223 215
sheep 0.0600 146 99 228 274
sheep 0.0066 142 104 236 189
sheep 0.0032 320 128 373 228
sheep 0.0012 195 174 293 234
cow 0.0082 321 137 371 237
cow 0.0080 146 99 228 274
bottle 0.0038 184 101 213 111
bottle 0.0037 286 232 299 244
chair 0.0064 146 107 222 246
chair 0.0023 147 72 268 264
pottedplant 0.0131 269 42 372 121
pottedplant 0.0046 273 5 377 161
pottedplant 0.0031 332 19 372 217
pottedplant 0.0014 352 -6 372 215
