person 0.9997 15 64 232 369
person 0.9995 262 62 474 373
person 0.9961 287 29 322 109
person 0.9358 238 175 397 373
person 0.8819 121 64 232 306
person 0.7833 -1 60 23 92
person 0.6884 153 55 167 67
person 0.4511 129 59 148 74
person 0.1602 0 -1 21 92
person 0.0587 2 57 14 94
person 0.0478 0 53 4 82
person 0.0424 128 56 166 75
person 0.0328 1 60 5 92
person 0.0259 1 24 9 92
person 0.0177 148 54 167 75
person 0.0157 140 60 154 71
person 0.0108 0 42 3 75
person 0.0072 0 51 21 148
person 0.0069 0 7 11 270
person 0.0060 147 53 189 79
person 0.0050 0 37 15 202
person 0.0043 0 0 6 78
person 0.0041 -1 36 22 82
person 0.0037 0 26 2 71
person 0.0027 4 69 21 86
person 0.0026 128 59 152 91
person 0.0023 4 76 21 92
person 0.0023 127 60 140 73
person 0.0013 0 16 1 60
person 0.0011 0 44 7 146
bird 0.0019 129 59 148 74
dog 0.0079 129 59 148 74
dog 0.0014 -1 60 23 92
horse 0.0020 242 148 475 373
bottle 0.0036 390 98 426 151
chair 0.0016 -1 60 23 92
