person 0.0031 484 31 499 135
person 0.0015 486 18 498 218
bottle 0.7278 368 127 483 327
bottle 0.0064 275 36 314 120
bottle 0.0045 484 31 499 135
bottle 0.0010 267 15 323 135
chair 0.9916 19 4 271 325
chair 0.0450 195 45 233 103
chair 0.0285 366 111 489 323
chair 0.0118 486 22 498 295
chair 0.0113 63 5 208 103
chair 0.0108 176 85 278 273
chair 0.0099 475 3 499 310
chair 0.0094 484 31 499 135
chair 0.0019 189 16 223 104
chair 0.0016 454 41 499 307
chair 0.0016 30 20 184 146
chair 0.0015 265 5 321 124
chair 0.0014 466 223 499 327
chair 0.0013 204 56 228 95
chair 0.0013 321 4 489 329
sofa 0.2346 20 9 265 272
sofa 0.0032 472 31 500 316
sofa 0.0029 176 85 278 273
sofa 0.0027 485 53 499 294
sofa 0.0016 17 123 264 334
sofa 0.0014 484 31 499 135
sofa 0.0012 368 127 483 327
diningtable 0.0148 350 106 482 329
diningtable 0.0032 253 27 498 308
diningtable 0.0016 486 22 498 295
diningtable 0.0013 469 243 499 330
