person 0.9852 61 12 387 318
person 0.0012 295 -2 391 207
person 0.0012 368 56 389 139
bicycle 0.0010 14 4 384 279
car 0.2692 14 4 384 279
motorbike 0.0031 19 23 383 308
aeroplane 0.0031 14 4 384 279
bus 0.0022 14 4 384 279
train 0.0014 118 -2 382 297
boat 0.0034 14 4 384 279
chair 0.1488 56 70 393 315
chair 0.0358 373 206 389 323
chair 0.0218 2 76 103 315
chair 0.0113 375 169 389 271
chair 0.0080 343 4 390 166
chair 0.0073 294 -3 389 170
chair 0.0066 349 195 389 334
chair 0.0059 9 2 383 221
chair 0.0055 367 162 390 338
chair 0.0048 368 56 389 139
chair 0.0038 368 254 389 332
chair 0.0033 383 192 389 254
chair 0.0029 348 72 390 217
chair 0.0028 374 149 389 232
chair 0.0026 68 204 302 321
chair 0.0020 374 1 390 77
chair 0.0020 372 13 389 127
chair 0.0012 381 0 389 57
chair 0.0012 381 187 389 229
chair 0.0011 385 189 389 302
sofa 0.0256 56 70 393 315
sofa 0.0013 0 78 131 312
sofa 0.0012 373 206 389 323
sofa 0.0011 53 7 389 220
diningtable 0.0019 375 169 389 271
diningtable 0.0011 373 206 389 323
tvmonitor 0.0033 14 4 384 279
