person 0.9996 339 168 436 338
person 0.0098 310 216 329 227
person 0.0032 272 203 290 239
person 0.0026 268 204 283 237
person 0.0021 303 165 309 180
person 0.0019 310 214 330 244
person 0.0018 269 208 280 230
person 0.0017 255 196 271 229
person 0.0012 304 163 314 181
person 0.0010 257 210 270 228
bicycle 0.1876 352 265 441 324
bicycle 0.0254 344 244 382 317
bicycle 0.0119 341 197 435 337
bicycle 0.0029 403 283 448 316
bicycle 0.0028 398 275 460 324
car 0.0038 310 216 329 227
car 0.0015 289 210 352 259
motorbike 0.0034 334 257 460 336
dog 0.0011 334 257 460 336
