person 0.0159 157 458 179 481
person 0.0105 162 467 178 481
person 0.0081 147 457 169 481
person 0.0081 140 459 161 489
person 0.0063 143 458 177 488
person 0.0052 151 464 164 481
person 0.0041 142 365 157 376
person 0.0036 143 458 157 478
person 0.0019 122 460 138 476
person 0.0015 101 457 139 479
person 0.0015 318 270 329 279
person 0.0014 92 447 230 494
person 0.0012 112 461 129 475
person 0.0010 123 362 136 375
person 0.0010 120 456 140 481
car 0.9905 49 421 278 494
car 0.9509 93 336 209 416
car 0.0259 92 447 230 494
car 0.0171 83 431 208 472
car 0.0100 204 444 287 498
car 0.0021 86 351 176 405
car 0.0015 53 349 282 511
car 0.0013 62 470 266 497
bus 0.0017 97 349 214 407
boat 0.0032 230 297 242 300
boat 0.0017 97 349 214 407
bird 0.0111 183 405 192 413
bird 0.0020 164 73 168 77
bird 0.0016 230 297 242 300
dog 0.0023 143 317 180 343
dog 0.0012 146 315 183 332
dog 0.0011 318 270 329 279
sheep 0.0045 230 297 242 300
cow 0.0030 90 343 213 432
