person 0.2470 335 224 458 275
person 0.0131 162 112 173 127
person 0.0067 389 230 470 277
person 0.0066 360 218 493 292
person 0.0026 400 234 434 256
person 0.0010 372 222 413 280
bicycle 0.0021 357 227 465 279
car 0.0016 335 224 458 275
motorbike 0.0569 357 227 465 279
aeroplane 0.9629 38 28 317 197
aeroplane 0.3654 334 218 483 288
aeroplane 0.0065 389 230 470 277
aeroplane 0.0027 372 229 491 311
aeroplane 0.0020 49 83 224 181
aeroplane 0.0016 56 121 205 190
boat 0.0172 357 227 465 279
bird 0.0279 357 227 465 279
bird 0.0057 327 220 398 274
bird 0.0040 341 223 484 307
dog 0.0088 357 227 465 279
dog 0.0031 335 219 411 275
horse 0.0292 357 227 465 279
horse 0.0016 335 219 411 275
horse 0.0012 341 223 484 307
sheep 0.0224 334 218 483 288
sheep 0.0027 389 230 470 277
sheep 0.0021 335 219 411 275
cow 0.0186 357 227 465 279
cow 0.0020 335 219 411 275
chair 0.0210 357 227 465 279
chair 0.0012 367 243 408 274
