person 0.9931 168 53 498 369
person 0.2263 0 104 62 368
person 0.0150 -4 26 94 357
person 0.0079 8 177 76 251
person 0.0026 1 207 84 374
person 0.0018 0 -42 59 283
person 0.0014 0 -38 30 354
car 0.0016 105 47 489 353
bottle 0.0210 328 222 418 361
bottle 0.0010 346 359 445 376
chair 0.0167 0 147 62 362
chair 0.0122 105 47 489 353
chair 0.0034 1 101 79 297
chair 0.0032 8 177 76 251
sofa 0.0493 0 147 62 362
sofa 0.0331 105 47 489 353
sofa 0.0043 1 101 79 297
sofa 0.0013 8 177 76 251
tvmonitor 0.0048 105 47 489 353
