person 0.9967 125 25 506 371
person 0.0371 282 186 341 251
person 0.0333 185 164 466 363
person 0.0117 251 214 399 321
person 0.0097 303 154 498 366
person 0.0059 277 176 351 290
person 0.0059 222 250 427 362
person 0.0024 448 126 499 345
person 0.0020 442 94 498 263
person 0.0020 475 142 498 252
person 0.0014 321 241 482 367
person 0.0011 178 188 404 272
person 0.0010 480 188 498 355
person 0.0010 106 101 392 347
bicycle 0.2221 76 216 338 369
bicycle 0.0654 41 77 475 358
bicycle 0.0495 91 299 324 368
bicycle 0.0054 10 159 271 367
bicycle 0.0044 102 361 174 376
bicycle 0.0026 161 295 492 370
bicycle 0.0016 60 252 226 360
bicycle 0.0015 151 256 423 358
bicycle 0.0011 139 332 265 374
bicycle 0.0011 93 219 265 331
motorbike 0.6932 41 77 475 358
motorbike 0.0768 74 170 344 363
motorbike 0.0048 230 101 497 359
motorbike 0.0039 61 220 513 370
motorbike 0.0020 93 248 320 365
motorbike 0.0013 161 295 492 370
bus 0.0025 47 24 466 366
boat 0.0022 70 157 510 361
chair 0.0010 75 -7 501 328
