person 0.9988 25 96 275 334
person 0.9956 269 124 442 352
person 0.1171 477 254 499 370
person 0.0532 441 214 498 368
person 0.0262 485 167 499 382
person 0.0110 472 160 500 387
person 0.0032 435 300 500 367
person 0.0026 490 276 498 359
person 0.0023 486 307 499 366
person 0.0020 456 268 499 355
person 0.0019 493 251 499 364
person 0.0018 476 307 501 386
person 0.0014 411 174 500 343
person 0.0010 485 124 498 308
bicycle 0.0012 414 183 497 237
bottle 0.0222 424 350 470 376
bottle 0.0152 -1 347 24 376
bottle 0.0029 1 24 61 329
bottle 0.0019 444 343 487 370
bottle 0.0018 477 254 499 370
chair 0.1404 412 195 499 349
chair 0.0255 43 162 281 367
chair 0.0176 414 183 497 237
chair 0.0127 477 284 499 374
chair 0.0120 268 253 450 348
chair 0.0085 0 298 68 372
chair 0.0080 236 153 445 354
chair 0.0039 425 233 452 347
chair 0.0037 228 299 266 320
chair 0.0034 406 212 463 365
chair 0.0029 485 167 499 382
chair 0.0027 442 234 499 382
chair 0.0027 278 285 313 342
chair 0.0025 49 166 122 226
chair 0.0024 60 225 276 317
chair 0.0019 80 267 480 351
chair 0.0013 207 317 264 344
chair 0.0013 256 296 271 336
chair 0.0012 486 307 499 366
chair 0.0011 44 269 293 347
chair 0.0011 435 300 500 367
sofa 0.0079 411 174 500 343
sofa 0.0042 441 214 498 368
sofa 0.0028 236 153 445 354
sofa 0.0016 477 254 499 370
pottedplant 0.0071 0 39 60 352
diningtable 0.5450 60 306 438 367
diningtable 0.0174 61 313 216 379
diningtable 0.0124 272 321 444 375
diningtable 0.0099 222 327 330 374
diningtable 0.0099 80 267 480 351
diningtable 0.0047 0 298 68 372
diningtable 0.0039 201 329 267 375
diningtable 0.0023 204 316 264 358
diningtable 0.0014 477 284 499 374
diningtable 0.0011 21 272 252 346
diningtable 0.0011 288 331 398 371
