person 0.9979 47 40 243 320
person 0.0034 449 5 498 82
person 0.0026 0 112 69 308
person 0.0012 375 2 490 101
bicycle 0.0086 188 -13 486 335
car 0.7264 206 -12 503 337
car 0.0012 294 110 506 314
motorbike 0.0781 188 -13 486 335
motorbike 0.0036 179 6 322 106
motorbike 0.0016 66 55 252 323
bus 0.0043 188 -13 486 335
train 0.0017 188 -13 486 335
boat 0.0013 188 -13 486 335
bottle 0.0957 336 164 373 223
bottle 0.0601 265 205 326 260
bottle 0.0243 264 155 337 270
bottle 0.0134 293 270 326 301
bottle 0.0122 303 155 337 183
bottle 0.0070 341 159 358 200
bottle 0.0065 225 117 285 170
bottle 0.0063 342 161 379 199
bottle 0.0051 331 161 353 200
bottle 0.0050 352 239 425 315
bottle 0.0048 1 72 25 117
bottle 0.0036 314 135 389 172
bottle 0.0036 260 199 332 301
bottle 0.0033 337 225 452 325
bottle 0.0030 302 261 323 296
bottle 0.0030 16 86 32 116
bottle 0.0026 322 155 385 278
bottle 0.0026 349 169 373 212
bottle 0.0025 373 163 454 219
bottle 0.0025 320 152 389 207
bottle 0.0024 346 158 356 181
bottle 0.0023 339 181 364 217
bottle 0.0021 387 175 408 205
bottle 0.0021 0 67 9 121
bottle 0.0021 299 159 342 198
bottle 0.0020 306 181 374 244
bottle 0.0018 239 257 317 328
bottle 0.0018 395 152 470 208
bottle 0.0018 278 160 347 224
bottle 0.0015 300 174 338 255
bottle 0.0015 406 168 448 208
bottle 0.0014 186 257 227 324
bottle 0.0014 323 175 360 206
bottle 0.0013 336 162 414 306
bottle 0.0013 350 178 390 218
bottle 0.0013 355 173 380 209
bottle 0.0012 373 164 412 226
bottle 0.0011 324 162 359 226
bottle 0.0011 304 138 496 333
bottle 0.0011 319 174 358 254
bottle 0.0010 1 246 66 289
chair 0.0147 44 57 243 322
chair 0.0077 1 106 185 309
chair 0.0077 168 1 227 118
chair 0.0073 0 112 69 308
chair 0.0053 1 246 66 289
chair 0.0021 179 6 322 106
chair 0.0017 0 253 69 330
chair 0.0014 169 3 208 76
chair 0.0014 45 92 134 139
chair 0.0012 42 75 133 122
chair 0.0012 315 -1 391 48
sofa 0.0256 -2 109 72 288
sofa 0.0075 1 106 185 309
sofa 0.0055 44 57 243 322
sofa 0.0028 1 246 66 289
sofa 0.0015 1 115 124 227
sofa 0.0012 0 253 69 330
pottedplant 0.0010 0 0 9 18
diningtable 0.0020 1 246 66 289
tvmonitor 0.0172 7 2 115 103
tvmonitor 0.0048 21 6 98 75
