person 0.4879 427 195 433 206
person 0.0700 177 203 184 215
person 0.0403 157 203 164 215
person 0.0233 431 197 435 206
person 0.0225 182 187 190 195
person 0.0178 66 202 70 206
person 0.0107 181 205 190 215
person 0.0073 242 138 251 156
person 0.0069 184 195 190 209
person 0.0056 176 190 182 196
person 0.0052 193 190 200 197
person 0.0047 203 190 210 198
person 0.0043 393 211 398 215
person 0.0034 202 194 211 206
person 0.0030 192 196 202 206
person 0.0027 299 196 307 212
person 0.0026 176 196 182 210
person 0.0023 296 204 305 213
person 0.0023 155 198 161 208
person 0.0020 158 206 171 215
person 0.0020 249 188 258 197
person 0.0018 64 202 68 205
person 0.0010 170 146 327 219
person 0.0010 258 199 269 208
bicycle 0.0017 427 195 433 206
car 0.3664 155 186 214 214
car 0.0079 239 189 251 198
car 0.0040 184 171 301 212
car 0.0036 244 199 266 208
car 0.0026 170 146 327 219
car 0.0025 228 188 243 197
car 0.0019 211 183 257 202
car 0.0019 427 195 433 206
car 0.0017 204 190 247 213
car 0.0017 241 196 250 206
car 0.0016 209 195 220 205
car 0.0015 190 207 203 214
car 0.0014 1 196 4 203
car 0.0013 1 186 7 199
car 0.0012 249 188 258 197
car 0.0012 182 187 190 195
car 0.0011 202 194 211 206
car 0.0011 221 189 232 198
car 0.0011 203 190 210 198
car 0.0010 66 202 70 206
car 0.0010 155 198 161 208
car 0.0010 176 182 196 188
motorbike 0.0022 427 195 433 206
aeroplane 0.0016 170 146 327 219
aeroplane 0.0011 154 186 207 214
bus 0.0172 155 186 214 214
bus 0.0038 230 149 319 212
bus 0.0027 170 146 327 219
boat 0.0330 170 146 327 219
boat 0.0067 230 149 319 212
boat 0.0023 427 195 433 206
boat 0.0021 234 140 317 183
boat 0.0017 189 156 291 209
boat 0.0012 278 174 311 206
boat 0.0010 176 182 196 188
bird 0.8236 144 255 169 270
bird 0.0187 393 211 398 215
bird 0.0070 242 138 251 156
bird 0.0026 117 210 124 215
bird 0.0022 391 212 395 215
bird 0.0019 427 195 433 206
bird 0.0017 80 209 87 214
bird 0.0015 66 202 70 206
bird 0.0012 288 269 295 273
bird 0.0011 447 211 452 214
cat 0.0017 144 255 169 270
dog 0.0225 144 255 169 270
dog 0.0049 157 203 164 215
dog 0.0033 117 210 124 215
dog 0.0022 393 211 398 215
dog 0.0017 80 209 87 214
dog 0.0016 139 211 146 216
dog 0.0015 427 195 433 206
dog 0.0010 177 203 184 215
horse 0.0047 427 195 433 206
sheep 0.0070 80 209 87 214
sheep 0.0038 117 210 124 215
sheep 0.0031 66 202 70 206
cow 0.0021 117 210 124 215
cow 0.0012 80 209 87 214
cow 0.0010 143 254 171 271
