person 0.3981 15 28 477 321
person 0.2479 -3 0 187 169
person 0.0140 -1 4 257 94
person 0.0136 -4 33 274 298
person 0.0104 295 229 503 316
person 0.0044 6 0 138 97
person 0.0034 4 37 133 152
person 0.0025 437 278 499 330
person 0.0023 -2 25 134 309
person 0.0018 174 0 255 42
car 0.0010 -15 -3 436 269
dog 0.9736 -3 47 436 330
chair 0.1756 -15 -3 436 269
chair 0.0814 -3 0 187 169
chair 0.0164 0 73 129 170
chair 0.0076 47 32 370 219
chair 0.0072 -1 4 257 94
chair 0.0032 -2 25 134 309
chair 0.0029 6 0 138 97
chair 0.0029 0 85 95 143
chair 0.0022 -38 42 329 345
chair 0.0014 8 68 253 166
chair 0.0012 6 112 119 161
sofa 0.2091 -15 -3 436 269
sofa 0.0076 -3 0 187 169
sofa 0.0053 -19 143 459 335
sofa 0.0033 -1 4 257 94
sofa 0.0027 47 32 370 219
sofa 0.0023 295 229 503 316
sofa 0.0019 -38 42 329 345
diningtable 0.0065 -6 -9 501 278
diningtable 0.0029 0 0 181 96
diningtable 0.0021 0 73 129 170
