person 0.9968 63 123 360 377
person 0.9437 204 139 452 375
person 0.0097 19 88 249 369
person 0.0059 247 152 393 291
person 0.0036 94 133 237 233
person 0.0015 57 204 516 381
person 0.0011 221 140 355 242
bottle 0.6956 155 222 207 339
bottle 0.0016 142 242 223 304
bottle 0.0015 166 227 208 288
bottle 0.0012 156 247 187 335
chair 0.4059 -12 130 366 369
chair 0.0500 1 293 45 374
chair 0.0349 138 130 500 384
chair 0.0096 -6 69 208 377
chair 0.0028 0 155 129 372
chair 0.0023 0 205 53 383
chair 0.0018 222 121 428 350
sofa 0.6140 60 138 508 378
sofa 0.4945 -8 72 363 385
sofa 0.2121 278 103 500 365
sofa 0.0252 222 121 428 350
sofa 0.0066 23 133 259 370
sofa 0.0027 326 302 497 375
sofa 0.0013 154 297 488 373
