person 0.9984 46 28 440 366
person 0.0427 2 144 124 376
person 0.0094 1 145 67 326
person 0.0014 12 18 166 363
chair 0.0393 10 48 428 377
chair 0.0152 2 144 124 376
chair 0.0116 1 143 67 288
chair 0.0022 1 187 63 359
chair 0.0020 -1 200 69 268
chair 0.0017 3 319 93 373
sofa 0.0131 10 48 428 377
sofa 0.0084 2 144 124 376
sofa 0.0045 1 143 67 288
sofa 0.0016 1 187 63 359
diningtable 0.0012 2 215 93 369
diningtable 0.0011 -6 14 374 371
diningtable 0.0011 2 144 124 376
tvmonitor 0.0014 10 48 428 377
