person 0.0097 254 0 303 77
person 0.0048 338 -1 378 21
person 0.0044 335 0 417 43
person 0.0042 301 -1 372 45
person 0.0033 302 -1 335 52
person 0.0023 178 -2 217 84
person 0.0020 334 2 366 32
person 0.0015 220 4 364 87
person 0.0012 279 8 352 71
person 0.0010 308 0 330 39
person 0.0010 254 0 339 56
bicycle 0.0633 349 111 470 235
bicycle 0.0026 370 100 448 209
bottle 0.0010 336 4 360 32
chair 0.9909 89 40 308 233
chair 0.0794 154 215 289 324
chair 0.0407 349 111 470 235
chair 0.0066 9 0 413 263
chair 0.0047 80 312 162 334
chair 0.0033 450 129 499 298
chair 0.0014 333 -3 372 46
chair 0.0014 6 63 268 257
chair 0.0012 336 4 360 32
chair 0.0010 370 100 448 209
sofa 0.0018 73 33 295 238
sofa 0.0018 450 129 499 298
pottedplant 0.0232 90 38 311 266
pottedplant 0.0081 0 74 185 257
pottedplant 0.0075 169 36 414 230
pottedplant 0.0066 300 36 340 70
pottedplant 0.0030 335 0 417 43
pottedplant 0.0027 220 4 364 87
pottedplant 0.0027 12 21 489 252
pottedplant 0.0026 223 45 428 132
pottedplant 0.0023 256 1 338 74
pottedplant 0.0022 5 91 124 232
pottedplant 0.0019 417 100 488 212
pottedplant 0.0016 296 4 375 71
pottedplant 0.0013 349 111 470 235
pottedplant 0.0013 335 0 379 33
pottedplant 0.0012 279 33 353 79
pottedplant 0.0012 298 5 338 71
pottedplant 0.0011 220 68 293 134
pottedplant 0.0010 432 104 476 173
pottedplant 0.0010 49 5 300 189
pottedplant 0.0010 224 63 423 183
diningtable 0.0146 80 312 162 334
