person 0.0296 165 168 186 192
person 0.0218 69 121 87 148
person 0.0099 202 177 224 202
person 0.0051 201 176 215 195
person 0.0026 164 174 178 190
person 0.0024 166 167 205 193
person 0.0016 169 168 183 184
person 0.0013 69 123 79 133
person 0.0013 113 154 287 273
car 0.9929 64 151 286 275
car 0.0015 131 155 283 243
car 0.0012 163 154 244 195
aeroplane 0.0019 64 131 288 276
bird 0.0083 230 169 241 177
dog 0.0056 202 177 224 202
dog 0.0055 201 176 215 195
dog 0.0037 230 169 241 177
dog 0.0017 228 168 262 194
dog 0.0012 168 172 183 190
cow 0.0017 64 131 288 276
