person 0.9962 -2 -22 255 383
person 0.0104 4 0 206 225
person 0.0034 49 0 112 20
person 0.0020 69 26 273 279
person 0.0014 40 -4 130 42
person 0.0013 73 17 206 118
person 0.0010 91 54 202 102
motorbike 0.0025 20 -2 307 369
boat 0.0011 20 -2 307 369
cat 0.0942 187 67 285 237
cat 0.0068 179 168 252 232
cat 0.0021 190 161 290 223
cat 0.0010 110 95 239 203
dog 0.9403 176 67 269 213
dog 0.2084 161 67 325 238
dog 0.0320 20 -2 307 369
dog 0.0185 172 170 238 228
dog 0.0091 110 95 239 203
dog 0.0055 176 164 261 262
dog 0.0047 69 26 273 279
dog 0.0021 139 133 295 245
dog 0.0011 190 161 290 223
bottle 0.0048 457 315 478 338
bottle 0.0012 460 286 496 323
bottle 0.0010 457 240 496 278
chair 0.0220 -5 85 214 366
chair 0.0104 125 123 199 195
chair 0.0052 465 44 502 270
chair 0.0051 20 -2 307 369
chair 0.0043 114 101 160 122
chair 0.0015 111 78 217 122
chair 0.0012 19 216 235 370
sofa 0.0169 -5 85 214 366
sofa 0.0141 20 -2 307 369
sofa 0.0033 187 67 285 237
pottedplant 0.0049 457 246 498 339
diningtable 0.0041 111 78 217 122
diningtable 0.0018 109 60 217 101
