person 0.9993 119 61 388 365
person 0.9835 1 27 79 194
person 0.0986 0 53 21 91
person 0.0073 0 40 32 101
person 0.0053 0 53 11 69
person 0.0047 6 54 17 69
person 0.0045 0 74 22 106
person 0.0036 4 62 18 80
person 0.0028 -1 49 14 80
person 0.0026 0 55 13 105
person 0.0022 4 49 16 59
person 0.0020 4 12 74 76
person 0.0017 5 75 18 90
person 0.0016 10 54 31 88
person 0.0014 357 2 395 41
person 0.0014 24 62 35 78
person 0.0013 0 49 29 80
person 0.0013 16 64 28 80
person 0.0013 56 33 69 52
person 0.0012 0 60 10 81
person 0.0012 0 50 10 60
person 0.0011 108 46 170 171
person 0.0011 52 29 72 58
car 0.0055 -9 6 104 213
car 0.0016 241 0 320 7
car 0.0016 -1 2 73 52
car 0.0010 87 0 240 109
boat 0.0011 114 63 411 412
boat 0.0010 -9 6 104 213
bottle 0.0019 23 105 38 118
bottle 0.0013 127 96 146 144
chair 0.9633 169 61 221 194
chair 0.5423 112 49 179 196
chair 0.4222 130 111 393 371
chair 0.2792 359 347 397 402
chair 0.2774 -6 42 107 208
chair 0.1192 357 302 396 367
chair 0.0243 310 297 379 376
chair 0.0230 332 283 397 392
chair 0.0202 332 177 397 380
chair 0.0197 377 305 398 353
chair 0.0187 122 82 167 165
chair 0.0165 150 39 168 82
chair 0.0142 173 68 220 108
chair 0.0135 110 45 167 98
chair 0.0087 320 173 355 230
chair 0.0076 110 44 126 95
chair 0.0073 -5 71 409 424
chair 0.0070 175 73 369 183
chair 0.0067 63 38 120 209
chair 0.0053 139 58 259 196
chair 0.0046 173 119 204 201
chair 0.0046 377 294 399 330
chair 0.0040 12 107 98 213
chair 0.0034 182 66 222 145
chair 0.0033 5 83 19 97
chair 0.0033 101 52 122 158
chair 0.0027 313 188 349 222
chair 0.0026 0 74 22 106
chair 0.0023 336 343 358 379
chair 0.0019 115 43 125 69
chair 0.0019 2 94 18 108
chair 0.0019 1 127 76 195
chair 0.0018 361 255 396 347
chair 0.0018 346 279 390 361
chair 0.0018 0 128 36 196
chair 0.0018 0 134 11 187
chair 0.0015 0 81 8 101
chair 0.0015 0 84 23 116
chair 0.0015 331 319 369 379
chair 0.0015 168 282 374 376
chair 0.0014 17 102 87 150
chair 0.0013 348 339 366 378
chair 0.0013 16 74 29 89
chair 0.0013 126 46 168 129
chair 0.0012 124 171 365 258
chair 0.0011 114 47 136 94
chair 0.0011 86 37 140 209
chair 0.0011 201 72 224 106
chair 0.0010 115 130 178 199
chair 0.0010 177 134 195 183
chair 0.0010 110 88 122 133
chair 0.0010 5 75 18 90
sofa 0.0041 166 52 222 173
sofa 0.0038 -6 42 107 208
sofa 0.0025 19 60 393 368
sofa 0.0020 175 73 369 183
pottedplant 0.0013 357 0 397 34
diningtable 0.9580 3 256 409 477
diningtable 0.1475 -5 71 409 424
diningtable 0.0854 2 100 39 121
diningtable 0.0651 169 68 218 205
diningtable 0.0368 0 113 48 143
diningtable 0.0339 1 75 79 206
diningtable 0.0120 1 104 44 134
diningtable 0.0091 2 74 41 138
diningtable 0.0078 112 49 179 196
diningtable 0.0074 172 67 223 102
diningtable 0.0059 147 56 384 304
diningtable 0.0057 2 102 23 117
diningtable 0.0052 0 102 74 148
diningtable 0.0050 -8 27 95 185
diningtable 0.0044 2 94 18 108
diningtable 0.0043 5 83 19 97
diningtable 0.0042 0 84 23 116
diningtable 0.0037 175 73 369 183
diningtable 0.0030 0 105 39 187
diningtable 0.0029 165 68 224 140
diningtable 0.0028 0 74 22 106
diningtable 0.0026 2 114 76 173
diningtable 0.0022 139 58 259 196
diningtable 0.0022 11 106 34 116
diningtable 0.0018 1 82 71 130
diningtable 0.0013 173 119 204 201
diningtable 0.0013 178 98 210 124
diningtable 0.0013 4 75 38 109
diningtable 0.0013 0 115 23 144
diningtable 0.0010 105 43 223 162
tvmonitor 0.0019 229 0 315 7
