person 0.9964 303 109 370 336
person 0.0284 76 160 172 316
person 0.0148 201 171 233 229
person 0.0124 133 163 228 311
person 0.0041 421 162 448 266
person 0.0032 495 236 499 263
person 0.0030 494 187 499 273
person 0.0026 496 225 499 257
person 0.0020 492 219 499 279
person 0.0018 483 159 500 272
person 0.0017 438 153 496 275
person 0.0014 404 158 427 241
person 0.0014 304 141 334 246
person 0.0014 131 183 160 290
person 0.0012 325 110 376 288
person 0.0012 165 169 235 229
person 0.0011 212 194 233 227
person 0.0011 0 124 7 204
person 0.0010 60 151 188 195
car 0.0622 50 148 134 200
car 0.0025 60 151 188 195
car 0.0015 62 168 231 307
car 0.0011 201 171 233 229
car 0.0010 165 169 235 229
car 0.0010 436 153 500 206
bus 0.0010 55 149 145 197
dog 0.0975 62 168 231 307
horse 0.5728 61 157 230 322
horse 0.0010 77 178 171 322
sheep 0.0069 62 168 234 328
cow 0.0400 69 174 225 323
bottle 0.0033 313 147 347 180
chair 0.0013 69 174 225 323
sofa 0.0030 69 174 225 323
