person 0.0149 58 86 486 348
person 0.0077 336 131 360 161
person 0.0036 390 70 407 84
person 0.0025 335 134 350 153
person 0.0020 0 139 2 188
person 0.0019 263 125 306 143
person 0.0014 0 129 5 197
person 0.0013 424 66 449 80
person 0.0013 326 136 361 168
person 0.0012 396 69 422 80
car 0.9898 37 74 439 331
car 0.9169 389 68 430 83
car 0.7150 424 66 449 80
car 0.2021 449 64 467 71
car 0.1254 455 66 471 73
car 0.0696 396 69 422 80
car 0.0359 458 68 473 77
car 0.0326 425 65 467 76
car 0.0251 437 65 454 73
car 0.0169 390 70 407 84
car 0.0151 420 69 436 79
car 0.0104 398 66 415 73
car 0.0100 422 66 437 74
car 0.0073 437 68 452 78
car 0.0066 365 66 375 72
car 0.0059 449 68 466 77
car 0.0046 393 65 408 72
car 0.0035 435 66 476 80
car 0.0031 390 64 429 77
car 0.0028 354 63 368 71
car 0.0027 0 129 5 197
car 0.0023 409 66 425 73
car 0.0023 0 139 2 188
car 0.0022 343 73 360 81
car 0.0019 372 65 383 73
car 0.0017 324 74 336 81
car 0.0015 388 72 396 80
pottedplant 0.0013 151 -2 221 121
diningtable 0.0063 27 127 451 375
