person 0.9855 104 37 391 310
person 0.0051 -1 -7 276 337
person 0.0034 -1 14 114 314
person 0.0016 0 -4 15 126
person 0.0014 0 -1 10 55
person 0.0013 0 -8 8 82
bottle 0.0059 154 151 205 189
chair 0.5116 -8 19 447 253
chair 0.1194 118 0 519 324
chair 0.0584 78 37 358 308
chair 0.0036 -1 -7 276 337
chair 0.0033 -1 14 114 314
chair 0.0020 94 7 416 188
chair 0.0013 0 138 22 259
chair 0.0011 390 3 497 316
sofa 0.7494 33 19 463 255
sofa 0.0056 76 48 364 333
sofa 0.0032 -1 -7 276 337
sofa 0.0020 -1 14 114 314
sofa 0.0015 248 6 491 313
tvmonitor 0.0015 81 56 476 323
