person 0.9772 95 147 165 372
person 0.9595 182 104 253 313
person 0.1702 278 137 357 314
person 0.0435 81 248 117 311
person 0.0405 262 129 302 316
person 0.0339 309 255 369 305
person 0.0274 152 199 174 321
person 0.0140 285 118 354 185
person 0.0100 132 163 184 322
person 0.0071 302 247 371 361
person 0.0056 259 131 340 188
person 0.0050 77 243 125 392
person 0.0042 268 171 290 308
person 0.0039 267 138 378 244
person 0.0035 254 138 392 394
person 0.0035 298 118 364 260
person 0.0033 323 254 363 285
person 0.0032 149 174 179 280
person 0.0026 83 250 92 279
person 0.0025 91 123 120 205
person 0.0024 492 147 499 172
person 0.0020 83 247 97 307
person 0.0020 89 144 238 383
person 0.0020 298 192 364 328
person 0.0019 489 139 499 180
person 0.0019 89 181 117 308
person 0.0018 81 169 130 353
person 0.0018 268 174 335 343
person 0.0016 391 173 429 386
person 0.0015 269 225 381 322
person 0.0014 259 123 386 201
person 0.0010 84 266 119 370
person 0.0010 31 137 175 394
bird 0.0017 492 147 499 172
bird 0.0010 489 139 499 180
bird 0.0010 494 140 499 165
cat 0.0194 340 381 381 408
cat 0.0068 290 376 335 401
cat 0.0044 197 344 318 400
cat 0.0011 330 379 414 413
cat 0.0010 309 255 369 305
dog 0.9661 192 343 292 400
dog 0.0597 340 381 381 408
dog 0.0416 200 355 345 401
dog 0.0134 290 376 335 401
dog 0.0106 330 379 414 413
dog 0.0033 164 346 241 399
dog 0.0021 309 255 369 305
dog 0.0021 352 388 404 412
dog 0.0013 190 321 367 393
dog 0.0012 170 381 350 407
bottle 0.0010 83 250 92 279
chair 0.0389 318 281 383 391
chair 0.0074 302 247 371 361
chair 0.0032 78 306 108 407
chair 0.0028 92 177 165 372
chair 0.0016 309 255 369 305
chair 0.0015 305 268 376 326
chair 0.0013 304 275 340 362
chair 0.0011 84 266 119 370
pottedplant 0.0014 259 123 386 201
pottedplant 0.0011 285 118 354 185
diningtable 0.0357 318 281 383 391
diningtable 0.0011 78 267 132 408
diningtable 0.0010 77 294 108 389
