person 0.9994 48 98 225 375
person 0.0020 489 150 498 160
boat 0.0473 202 132 362 160
boat 0.0298 279 157 291 160
boat 0.0263 210 152 225 159
boat 0.0175 210 157 225 161
boat 0.0086 215 150 314 160
boat 0.0073 277 155 292 160
boat 0.0057 477 151 500 162
boat 0.0057 477 156 499 163
boat 0.0051 212 151 234 159
boat 0.0050 489 150 498 160
boat 0.0048 321 158 340 161
boat 0.0043 317 158 330 161
boat 0.0036 434 159 441 162
boat 0.0029 207 146 245 160
boat 0.0029 441 158 453 162
boat 0.0023 491 156 497 164
boat 0.0022 283 158 297 161
boat 0.0018 477 125 500 165
boat 0.0017 51 79 224 318
boat 0.0011 488 122 499 167
boat 0.0011 209 140 228 163
bird 0.0012 489 150 498 160
