person 0.2828 13 217 28 257
person 0.1047 0 240 6 285
person 0.0968 0 217 15 255
person 0.0483 0 226 12 280
person 0.0401 -2 203 16 281
person 0.0283 18 214 34 256
person 0.0152 198 133 268 182
person 0.0144 27 201 44 250
person 0.0098 14 233 25 255
person 0.0095 183 120 251 180
person 0.0089 15 218 26 236
person 0.0086 0 226 14 245
person 0.0082 7 206 38 272
person 0.0080 15 225 25 246
person 0.0066 29 9 395 361
person 0.0058 3 233 13 255
person 0.0034 0 208 9 265
person 0.0021 22 222 30 249
person 0.0020 22 234 31 254
person 0.0018 58 217 76 250
person 0.0017 335 148 374 219
person 0.0016 0 259 5 283
person 0.0013 332 170 354 206
person 0.0012 2 241 10 264
person 0.0012 95 160 174 195
person 0.0010 39 135 76 185
person 0.0010 0 233 5 257
person 0.0010 335 172 374 275
bicycle 0.0048 335 172 374 275
car 0.1419 351 198 374 279
car 0.1061 335 172 374 275
car 0.0231 16 51 404 424
car 0.0098 0 217 15 255
car 0.0069 348 219 367 267
car 0.0043 335 148 374 219
car 0.0029 0 226 14 245
car 0.0028 328 172 349 204
car 0.0020 0 226 12 280
car 0.0019 355 194 374 239
car 0.0016 354 233 372 272
car 0.0012 -2 203 16 281
car 0.0010 344 206 369 303
motorbike 0.0257 340 193 373 281
motorbike 0.0021 326 157 375 284
motorbike 0.0013 353 217 373 269
bus 0.9749 -3 27 382 408
train 0.0016 3 5 372 367
bird 0.0011 96 17 116 25
bottle 0.0010 160 452 168 461
