person 0.9975 112 162 202 310
person 0.9961 324 174 383 228
person 0.9955 203 178 253 232
person 0.9921 438 173 501 245
person 0.9443 453 209 502 298
person 0.9100 367 185 471 359
person 0.8643 268 190 327 233
person 0.2361 30 145 59 206
person 0.1814 52 176 70 207
person 0.1203 283 189 322 219
person 0.1139 325 195 336 207
person 0.0546 47 175 62 205
person 0.0466 317 195 328 208
person 0.0460 312 192 334 228
person 0.0397 52 176 84 211
person 0.0351 53 178 65 201
person 0.0314 296 189 333 238
person 0.0279 395 191 439 226
person 0.0251 323 193 339 226
person 0.0206 295 186 381 237
person 0.0178 380 191 450 239
person 0.0162 288 193 316 232
person 0.0161 34 156 52 205
person 0.0147 447 216 497 370
person 0.0121 304 189 339 218
person 0.0084 264 211 301 233
person 0.0079 51 177 59 193
person 0.0064 167 213 467 380
person 0.0060 274 207 314 233
person 0.0058 124 164 195 238
person 0.0056 376 188 458 289
person 0.0055 309 197 319 206
person 0.0051 348 211 483 254
person 0.0049 336 192 481 272
person 0.0049 469 199 499 275
person 0.0043 268 251 373 367
person 0.0041 497 215 500 247
person 0.0036 184 259 299 369
person 0.0036 323 189 339 200
person 0.0031 498 223 500 257
person 0.0031 264 197 306 228
person 0.0028 492 181 499 260
person 0.0021 495 195 499 303
person 0.0021 472 168 500 235
person 0.0021 274 184 355 224
person 0.0020 303 190 324 214
person 0.0019 299 200 308 206
person 0.0019 53 187 74 212
person 0.0019 492 202 497 218
person 0.0018 318 191 326 200
person 0.0017 448 287 499 372
person 0.0016 154 212 421 268
person 0.0016 475 241 498 349
person 0.0016 184 218 449 298
person 0.0016 495 191 499 215
person 0.0015 41 148 60 198
person 0.0015 107 220 131 299
person 0.0014 491 162 499 222
person 0.0014 268 217 282 229
person 0.0014 316 183 351 240
person 0.0013 44 155 79 210
person 0.0013 61 196 79 210
person 0.0012 328 201 337 220
person 0.0011 205 195 249 224
person 0.0011 495 207 498 235
person 0.0011 200 190 317 235
person 0.0010 56 196 72 210
person 0.0010 337 200 350 228
person 0.0010 278 216 289 225
person 0.0010 497 179 499 204
bicycle 0.0015 194 268 289 380
dog 0.0015 30 145 59 206
bottle 0.0690 242 222 251 234
bottle 0.0498 317 221 329 240
bottle 0.0390 314 216 330 246
bottle 0.0334 290 234 303 248
bottle 0.0283 319 215 328 230
bottle 0.0203 295 231 305 246
bottle 0.0195 307 227 316 239
bottle 0.0169 290 224 300 238
bottle 0.0163 289 227 304 253
bottle 0.0138 297 227 305 239
bottle 0.0130 242 218 250 230
bottle 0.0127 355 217 364 229
bottle 0.0095 355 222 364 237
bottle 0.0093 314 205 332 237
bottle 0.0091 343 230 353 246
bottle 0.0078 307 231 318 245
bottle 0.0068 228 213 237 228
bottle 0.0065 278 216 289 225
bottle 0.0063 362 216 371 228
bottle 0.0054 288 217 296 227
bottle 0.0050 250 226 260 235
bottle 0.0039 192 224 204 240
bottle 0.0039 339 230 349 244
bottle 0.0035 258 226 269 236
bottle 0.0033 265 225 279 237
bottle 0.0027 268 217 282 229
bottle 0.0023 286 217 304 246
bottle 0.0020 290 240 302 253
bottle 0.0018 315 234 327 246
bottle 0.0018 327 224 337 238
bottle 0.0015 226 222 241 234
bottle 0.0015 311 216 317 228
bottle 0.0014 263 217 282 244
bottle 0.0014 327 214 334 228
bottle 0.0011 345 226 355 239
bottle 0.0010 192 234 204 245
bottle 0.0010 306 219 322 245
chair 0.9993 279 248 352 366
chair 0.9987 198 259 281 376
chair 0.7903 359 276 461 374
chair 0.3799 109 228 135 314
chair 0.2960 353 277 391 373
chair 0.2311 115 249 162 327
chair 0.1423 110 225 123 273
chair 0.0888 112 174 188 326
chair 0.0875 111 231 124 306
chair 0.0688 372 238 483 364
chair 0.0179 108 230 120 287
chair 0.0150 268 217 282 229
chair 0.0127 192 224 204 240
chair 0.0098 385 353 452 373
chair 0.0097 102 221 126 300
chair 0.0086 114 214 121 226
chair 0.0082 448 287 499 372
chair 0.0078 121 271 139 322
chair 0.0072 185 275 265 347
chair 0.0062 184 218 449 298
chair 0.0061 362 216 371 228
chair 0.0059 113 264 129 309
chair 0.0054 361 197 383 227
chair 0.0050 212 239 369 360
chair 0.0050 457 259 471 297
chair 0.0048 256 214 294 233
chair 0.0047 154 289 186 321
chair 0.0045 113 223 121 239
chair 0.0041 325 195 336 207
chair 0.0041 108 222 120 264
chair 0.0040 256 220 294 239
chair 0.0040 113 228 121 251
chair 0.0038 348 271 377 358
chair 0.0037 278 216 289 225
chair 0.0034 360 271 379 325
chair 0.0034 275 226 292 234
chair 0.0028 123 251 191 326
chair 0.0025 460 266 467 293
chair 0.0024 282 205 320 233
chair 0.0024 119 256 135 304
chair 0.0023 114 234 122 264
chair 0.0023 117 206 123 221
chair 0.0022 323 189 339 200
chair 0.0022 242 218 250 230
chair 0.0021 491 327 499 383
chair 0.0021 199 224 208 238
chair 0.0020 250 226 260 235
chair 0.0019 128 288 144 325
chair 0.0019 432 205 438 217
chair 0.0019 50 178 61 202
chair 0.0018 107 246 115 268
chair 0.0016 108 236 116 264
chair 0.0016 203 206 210 216
chair 0.0015 355 261 385 334
chair 0.0015 185 274 223 354
chair 0.0014 265 225 279 237
chair 0.0014 453 260 466 299
chair 0.0014 147 240 185 315
chair 0.0014 435 208 456 235
chair 0.0013 109 229 118 249
chair 0.0013 438 213 452 230
chair 0.0013 109 225 119 238
chair 0.0013 372 214 385 229
chair 0.0013 371 203 384 223
chair 0.0013 127 290 167 325
chair 0.0013 364 208 374 220
chair 0.0013 201 212 208 231
chair 0.0012 453 238 477 246
chair 0.0012 273 219 313 241
chair 0.0012 350 209 387 230
chair 0.0011 459 261 497 296
chair 0.0011 206 263 275 320
chair 0.0011 258 226 269 236
chair 0.0011 497 323 499 368
chair 0.0010 367 205 386 232
chair 0.0010 454 234 496 306
chair 0.0010 355 217 364 229
chair 0.0010 384 222 397 227
chair 0.0010 439 226 452 238
chair 0.0010 273 264 313 359
chair 0.0010 496 333 499 378
sofa 0.0025 361 256 471 369
sofa 0.0016 184 218 449 298
sofa 0.0014 307 177 377 230
pottedplant 0.0149 54 191 83 212
pottedplant 0.0141 314 216 330 246
pottedplant 0.0102 167 102 196 166
pottedplant 0.0071 56 196 72 210
pottedplant 0.0064 61 196 79 210
pottedplant 0.0048 176 137 193 168
pottedplant 0.0047 304 219 340 243
pottedplant 0.0042 235 215 360 250
pottedplant 0.0041 168 100 190 129
pottedplant 0.0029 130 98 195 147
pottedplant 0.0025 192 234 204 245
pottedplant 0.0020 286 217 304 246
pottedplant 0.0018 256 220 294 239
pottedplant 0.0017 273 219 313 241
pottedplant 0.0016 268 190 327 233
pottedplant 0.0014 317 221 329 240
pottedplant 0.0014 192 224 204 240
pottedplant 0.0011 296 189 333 238
pottedplant 0.0010 49 176 79 209
pottedplant 0.0010 290 234 303 248
diningtable 0.8577 448 287 499 372
diningtable 0.5153 152 223 415 299
diningtable 0.1294 132 222 436 371
diningtable 0.0278 357 209 479 328
diningtable 0.0275 184 259 299 369
diningtable 0.0209 451 291 499 323
diningtable 0.0115 271 216 401 250
diningtable 0.0113 447 216 497 370
diningtable 0.0090 212 239 369 360
diningtable 0.0077 348 211 483 254
diningtable 0.0036 474 270 496 354
diningtable 0.0035 453 255 497 337
diningtable 0.0031 176 234 343 266
diningtable 0.0031 361 256 471 369
diningtable 0.0024 239 218 485 298
diningtable 0.0021 454 252 472 263
diningtable 0.0018 334 233 495 272
diningtable 0.0016 285 219 508 248
diningtable 0.0015 451 305 499 345
diningtable 0.0014 190 220 326 256
diningtable 0.0014 2 194 97 235
diningtable 0.0013 467 288 497 312
diningtable 0.0013 476 292 499 321
diningtable 0.0012 451 240 482 259
diningtable 0.0012 339 228 379 246
