person 0.9960 42 33 292 421
person 0.7215 81 147 261 376
person 0.2449 84 199 311 443
person 0.0083 13 263 266 446
person 0.0074 23 135 179 437
person 0.0039 110 194 235 313
person 0.0015 0 272 74 395
person 0.0014 6 261 113 444
person 0.0011 62 21 264 241
bird 0.0014 187 199 244 308
bird 0.0011 194 196 228 241
cat 0.0012 73 158 269 419
bottle 0.0123 220 252 256 320
bottle 0.0052 189 208 256 317
chair 0.0103 32 64 305 437
chair 0.0040 81 147 261 376
chair 0.0016 0 272 74 395
sofa 0.2237 32 64 305 437
sofa 0.0102 6 261 113 444
sofa 0.0062 5 366 118 446
sofa 0.0045 81 147 261 376
sofa 0.0023 0 272 74 395
sofa 0.0022 4 116 125 463
sofa 0.0019 262 270 335 437
sofa 0.0011 32 132 172 393
diningtable 0.0023 262 270 335 437
