person 0.9988 31 107 94 248
person 0.9928 109 101 192 265
person 0.9194 188 103 305 341
person 0.8597 312 128 328 166
person 0.6962 270 127 279 143
person 0.1152 212 107 281 170
person 0.1116 304 133 323 168
person 0.0736 271 130 280 150
person 0.0668 39 123 48 145
person 0.0524 94 128 106 144
person 0.0490 378 125 385 138
person 0.0449 279 125 287 141
person 0.0379 290 126 296 138
person 0.0368 212 126 299 269
person 0.0364 34 121 50 151
person 0.0329 318 129 327 144
person 0.0311 318 135 326 151
person 0.0309 93 134 108 150
person 0.0305 383 126 391 140
person 0.0224 396 121 404 133
person 0.0212 300 116 332 170
person 0.0204 315 142 325 161
person 0.0173 396 124 403 140
person 0.0172 32 125 41 147
person 0.0160 342 139 346 145
person 0.0148 378 122 385 133
person 0.0143 384 122 391 133
person 0.0139 90 129 110 154
person 0.0137 261 127 272 140
person 0.0123 308 129 316 141
person 0.0114 42 121 50 134
person 0.0113 280 121 287 132
person 0.0109 266 123 283 149
person 0.0109 308 136 317 150
person 0.0108 277 135 286 150
person 0.0105 288 121 296 133
person 0.0103 298 127 306 139
person 0.0087 35 130 46 152
person 0.0083 388 138 394 147
person 0.0081 270 123 278 132
person 0.0070 203 117 211 134
person 0.0066 369 129 375 138
person 0.0064 297 136 314 170
person 0.0057 86 129 98 144
person 0.0055 212 117 220 133
person 0.0055 298 138 311 149
person 0.0054 31 125 43 160
person 0.0054 88 133 98 149
person 0.0051 325 131 331 142
person 0.0041 1 121 4 148
person 0.0041 201 139 207 146
person 0.0040 298 120 307 134
person 0.0039 234 100 257 134
person 0.0038 309 145 317 162
person 0.0035 296 132 331 162
person 0.0033 16 120 45 195
person 0.0031 43 124 54 141
person 0.0028 213 136 281 174
person 0.0028 261 120 269 133
person 0.0027 313 122 329 151
person 0.0026 402 138 415 148
person 0.0026 148 113 354 176
person 0.0026 404 130 412 139
person 0.0025 325 137 331 145
person 0.0024 44 120 53 133
person 0.0024 1 127 3 158
person 0.0022 0 109 3 141
person 0.0022 195 116 203 133
person 0.0021 74 85 417 149
person 0.0020 82 130 101 159
person 0.0019 0 100 6 168
person 0.0019 230 113 238 136
person 0.0018 296 120 418 161
person 0.0018 305 122 313 132
person 0.0018 191 181 285 325
person 0.0017 120 118 181 174
person 0.0017 0 105 4 221
person 0.0017 31 109 61 177
person 0.0017 273 121 290 150
person 0.0017 206 104 283 217
person 0.0016 44 135 85 172
person 0.0016 41 119 57 149
person 0.0016 95 121 105 133
person 0.0015 241 108 249 119
person 0.0015 392 138 400 147
person 0.0015 339 128 346 140
person 0.0014 9 129 19 141
person 0.0014 256 121 275 147
person 0.0014 224 113 326 164
person 0.0014 319 121 327 133
person 0.0013 101 136 112 150
person 0.0013 33 128 49 175
person 0.0013 369 119 376 133
person 0.0013 192 139 202 146
person 0.0012 251 128 260 139
person 0.0012 433 143 439 149
person 0.0012 402 122 409 131
person 0.0012 220 117 228 134
person 0.0011 243 103 250 112
person 0.0011 0 126 1 180
bicycle 0.0028 33 168 48 198
bicycle 0.0022 304 133 323 168
bicycle 0.0020 311 133 327 166
bicycle 0.0016 315 142 325 161
bicycle 0.0012 0 168 43 198
dog 0.0060 196 139 287 327
cow 0.0011 196 139 287 327
bottle 0.0063 38 174 48 195
bottle 0.0015 27 172 42 189
chair 0.0013 181 154 311 314
tvmonitor 0.0033 251 20 298 33
