person 0.9995 164 73 255 223
person 0.3334 137 151 418 299
person 0.0350 385 149 432 274
person 0.0228 416 147 432 276
person 0.0067 408 68 431 289
person 0.0056 418 91 431 235
person 0.0036 120 97 370 263
person 0.0028 390 211 429 273
person 0.0024 385 74 434 253
person 0.0012 428 168 432 281
car 0.0088 4 109 81 155
car 0.0037 0 103 39 160
dog 0.0012 70 125 427 324
horse 0.9934 78 103 420 307
horse 0.0649 144 78 275 247
horse 0.0131 95 105 283 288
horse 0.0106 326 153 427 255
horse 0.0093 204 136 423 288
horse 0.0032 385 149 432 274
horse 0.0032 416 147 432 276
chair 0.0010 164 67 253 202
