person 0.9643 85 146 183 412
person 0.0569 212 142 238 216
person 0.0389 222 142 255 213
person 0.0115 98 152 181 295
person 0.0064 219 144 232 209
person 0.0061 77 136 88 182
person 0.0043 219 139 235 176
person 0.0033 44 142 62 178
person 0.0029 36 127 65 198
person 0.0025 41 141 53 178
person 0.0022 170 142 196 215
person 0.0021 242 145 272 212
person 0.0017 196 143 221 219
person 0.0017 222 148 232 172
person 0.0016 -1 0 14 6
person 0.0014 226 140 246 175
person 0.0014 215 144 227 211
person 0.0013 53 127 84 202
person 0.0011 8 124 22 173
person 0.0011 239 152 257 202
person 0.0010 10 157 17 177
bicycle 0.0504 238 216 273 309
bicycle 0.0109 3 201 93 244
bicycle 0.0069 233 235 261 311
bicycle 0.0038 -2 191 65 299
bicycle 0.0018 7 188 89 224
bicycle 0.0016 50 208 88 274
car 0.0056 213 139 272 192
car 0.0040 222 142 255 213
car 0.0021 242 145 272 212
car 0.0019 -2 208 64 304
car 0.0018 227 141 265 174
car 0.0016 142 141 226 188
motorbike 0.0018 238 216 273 309
dog 0.2766 94 195 184 395
dog 0.0068 104 264 181 331
dog 0.0048 150 263 180 335
dog 0.0017 93 252 169 306
horse 0.0683 94 195 184 395
sheep 0.0077 94 195 184 395
cow 0.0019 94 195 184 395
bottle 0.0025 153 235 167 274
bottle 0.0012 173 332 184 347
chair 0.0181 238 216 273 309
chair 0.0071 233 235 261 311
chair 0.0017 95 158 183 399
chair 0.0011 -2 208 64 304
diningtable 0.0010 238 216 273 309
