person 0.0130 245 82 265 125
person 0.0122 0 -4 7 358
person 0.0020 0 -9 16 396
person 0.0018 0 108 5 196
person 0.0015 240 71 273 131
person 0.0014 0 103 4 258
person 0.0014 432 224 501 330
person 0.0014 251 85 261 102
person 0.0010 396 81 419 107
person 0.0010 0 34 9 241
bicycle 0.0010 432 224 501 330
bird 0.0049 320 91 338 115
bird 0.0041 251 85 261 102
bird 0.0023 245 82 265 125
bird 0.0016 296 108 313 123
cat 0.0241 141 236 173 275
cat 0.0030 245 82 265 125
cat 0.0028 130 233 191 282
cat 0.0019 389 78 424 108
dog 0.0128 245 82 265 125
dog 0.0037 389 78 424 108
dog 0.0026 141 236 173 275
dog 0.0025 251 85 261 102
dog 0.0013 130 233 191 282
bottle 0.0192 429 55 447 95
bottle 0.0017 445 68 464 106
bottle 0.0014 466 79 489 108
bottle 0.0011 304 306 317 321
chair 0.6688 432 224 501 330
chair 0.0396 434 279 501 333
chair 0.0123 432 235 479 307
chair 0.0104 413 189 492 321
chair 0.0090 438 228 495 284
chair 0.0017 473 250 500 325
chair 0.0013 390 207 468 327
chair 0.0011 6 215 85 323
sofa 0.9919 13 177 330 329
sofa 0.0173 28 219 252 323
sofa 0.0055 433 252 501 327
sofa 0.0015 8 203 184 308
sofa 0.0013 198 293 327 335
sofa 0.0011 397 227 498 328
pottedplant 0.2561 388 190 469 317
pottedplant 0.0243 386 143 477 283
pottedplant 0.0231 392 201 466 261
pottedplant 0.0129 392 240 465 304
pottedplant 0.0113 389 222 468 283
pottedplant 0.0093 399 259 436 319
pottedplant 0.0038 416 221 496 329
pottedplant 0.0038 392 195 431 267
pottedplant 0.0033 387 189 475 240
pottedplant 0.0028 394 211 435 297
pottedplant 0.0015 410 210 453 298
pottedplant 0.0012 379 216 413 285
diningtable 0.0122 27 219 311 327
diningtable 0.0014 433 252 501 327
tvmonitor 0.0020 243 211 267 234
