person 0.0334 246 266 265 278
person 0.0158 290 255 299 261
person 0.0051 259 266 267 275
person 0.0032 284 260 302 275
person 0.0024 240 268 248 275
person 0.0010 231 271 243 279
car 0.9433 244 264 268 282
car 0.9323 284 260 302 275
car 0.1867 290 255 299 261
car 0.0621 231 271 243 279
car 0.0434 117 268 141 277
car 0.0429 297 255 303 261
car 0.0233 259 266 267 275
car 0.0175 357 258 365 265
car 0.0153 39 295 447 377
car 0.0148 298 251 304 255
car 0.0114 279 264 285 271
car 0.0074 240 271 246 279
car 0.0074 292 252 297 255
car 0.0058 240 268 248 275
car 0.0056 356 261 366 272
car 0.0056 271 267 278 274
car 0.0044 269 273 277 280
car 0.0039 233 270 244 276
car 0.0035 277 257 310 278
car 0.0025 261 269 268 281
car 0.0018 496 283 499 296
car 0.0014 17 239 481 373
car 0.0013 308 258 312 262
car 0.0012 338 255 344 259
motorbike 0.0035 39 295 447 377
motorbike 0.0024 231 271 243 279
bus 0.0011 283 256 304 278
sheep 0.0294 357 258 365 265
sheep 0.0200 356 261 366 272
sheep 0.0026 364 263 372 276
sheep 0.0012 464 253 467 258
sheep 0.0012 364 257 369 263
sheep 0.0010 388 248 394 253
cow 0.0112 231 271 243 279
cow 0.0010 356 261 366 272
