person 0.2337 378 9 501 123
person 0.0673 3 261 185 372
person 0.0169 439 12 496 72
person 0.0037 2 141 433 370
person 0.0030 405 26 494 96
person 0.0016 383 11 487 78
person 0.0011 474 18 499 108
person 0.0010 413 1 497 53
person 0.0010 0 284 48 376
cat 0.9718 109 103 452 287
cat 0.0038 37 140 462 367
cat 0.0033 3 261 185 372
dog 0.0690 93 115 429 317
dog 0.0423 3 261 185 372
dog 0.0026 73 267 148 310
dog 0.0010 439 12 496 72
sheep 0.0014 3 261 185 372
bottle 0.0073 407 71 492 128
chair 0.8728 109 -11 383 145
chair 0.1207 378 9 501 123
chair 0.0164 -1 5 174 209
chair 0.0128 16 3 330 197
chair 0.0082 41 75 472 307
chair 0.0038 186 3 457 121
chair 0.0031 -9 92 346 367
chair 0.0020 3 2 137 135
chair 0.0016 323 1 489 87
chair 0.0012 439 12 496 72
chair 0.0011 371 -2 504 218
chair 0.0011 30 0 326 87
chair 0.0010 157 -1 328 44
sofa 0.0828 11 123 427 332
sofa 0.0065 378 9 501 123
sofa 0.0020 -8 21 292 356
sofa 0.0019 3 261 185 372
sofa 0.0011 70 -8 364 153
pottedplant 0.0010 407 71 492 128
diningtable 0.0038 3 2 137 135
diningtable 0.0022 122 0 373 118
