bottle 0.3085 397 142 407 166
bottle 0.1085 401 142 409 165
bottle 0.0081 244 232 253 247
bottle 0.0068 379 148 392 165
bottle 0.0017 0 166 4 197
bottle 0.0015 257 227 268 248
bottle 0.0014 402 141 408 152
bottle 0.0013 399 141 405 152
chair 0.9187 236 163 284 234
chair 0.9116 178 166 217 212
chair 0.3411 2 229 125 326
chair 0.2537 0 165 49 194
chair 0.0645 238 148 280 211
chair 0.0351 240 164 284 199
chair 0.0313 235 185 277 214
chair 0.0290 -1 209 44 269
chair 0.0224 228 161 238 169
chair 0.0217 257 158 268 172
chair 0.0208 0 170 103 262
chair 0.0205 257 161 272 176
chair 0.0149 0 166 4 197
chair 0.0126 3 164 48 225
chair 0.0100 225 166 248 174
chair 0.0089 255 159 274 185
chair 0.0087 243 161 283 183
chair 0.0082 215 164 274 178
chair 0.0078 263 159 283 204
chair 0.0078 241 125 280 190
chair 0.0077 223 160 233 169
chair 0.0059 221 161 261 226
chair 0.0054 222 158 265 173
chair 0.0052 -1 212 68 333
chair 0.0044 472 246 498 333
chair 0.0044 49 202 91 268
chair 0.0039 213 184 279 241
chair 0.0037 237 159 252 169
chair 0.0035 255 149 272 177
chair 0.0031 179 163 213 181
chair 0.0029 182 166 206 175
chair 0.0027 198 163 280 222
chair 0.0027 266 162 279 176
chair 0.0026 250 156 261 170
chair 0.0026 435 243 499 306
chair 0.0026 264 161 281 171
chair 0.0021 63 179 98 258
chair 0.0020 -1 194 177 311
chair 0.0020 214 167 274 193
chair 0.0019 183 183 224 214
chair 0.0019 182 163 206 169
chair 0.0019 225 160 247 183
chair 0.0018 2 168 85 201
chair 0.0018 0 158 2 189
chair 0.0016 6 216 83 281
chair 0.0015 2 234 364 330
chair 0.0014 234 168 249 173
chair 0.0014 200 176 252 203
chair 0.0013 0 159 7 204
chair 0.0013 183 171 301 248
chair 0.0012 0 166 28 266
chair 0.0012 258 144 266 166
chair 0.0012 243 120 264 168
chair 0.0010 0 183 2 202
chair 0.0010 310 243 492 336
chair 0.0010 241 185 267 194
sofa 0.8263 37 238 387 332
sofa 0.5844 2 229 125 326
sofa 0.1941 164 245 484 331
sofa 0.0574 134 197 278 293
sofa 0.0382 -19 172 443 330
sofa 0.0177 -1 212 68 333
sofa 0.0128 0 170 103 262
sofa 0.0095 -1 209 44 269
sofa 0.0092 0 165 49 194
sofa 0.0052 -1 194 177 311
sofa 0.0036 310 267 488 342
sofa 0.0024 6 216 83 281
sofa 0.0023 375 236 494 331
sofa 0.0021 1 168 63 216
sofa 0.0019 178 168 219 209
sofa 0.0014 0 176 62 290
sofa 0.0013 441 219 500 332
sofa 0.0012 166 206 400 290
sofa 0.0011 0 214 28 329
pottedplant 0.0051 217 44 252 67
pottedplant 0.0039 226 29 262 95
pottedplant 0.0033 241 125 280 190
pottedplant 0.0026 227 49 242 64
pottedplant 0.0013 224 63 266 89
diningtable 0.2598 198 163 280 222
diningtable 0.1775 3 174 91 221
diningtable 0.0963 134 197 278 293
diningtable 0.0732 184 163 264 202
diningtable 0.0652 3 162 88 270
diningtable 0.0521 210 163 262 178
diningtable 0.0359 225 166 248 174
diningtable 0.0252 135 215 260 261
diningtable 0.0237 177 165 225 212
diningtable 0.0143 -9 187 77 210
diningtable 0.0114 203 170 268 191
diningtable 0.0077 2 168 85 201
diningtable 0.0076 213 184 279 241
diningtable 0.0050 174 164 241 179
diningtable 0.0047 226 164 281 181
diningtable 0.0046 -5 189 121 304
diningtable 0.0046 183 171 301 248
diningtable 0.0042 1 178 66 245
diningtable 0.0036 234 167 278 196
diningtable 0.0034 28 185 98 249
diningtable 0.0031 226 158 288 203
diningtable 0.0027 0 165 49 194
diningtable 0.0025 221 161 261 226
diningtable 0.0025 217 158 255 173
diningtable 0.0021 203 175 266 204
diningtable 0.0019 146 219 225 235
diningtable 0.0015 44 181 82 198
diningtable 0.0015 204 165 239 218
diningtable 0.0015 185 215 227 229
diningtable 0.0012 49 202 91 268
diningtable 0.0011 310 243 492 336
diningtable 0.0010 208 210 281 254
diningtable 0.0010 3 164 48 225
tvmonitor 0.9976 354 86 429 145
tvmonitor 0.0189 345 72 446 165
tvmonitor 0.0027 366 97 414 130
tvmonitor 0.0021 0 165 49 194
