person 0.4376 0 117 27 237
person 0.0307 1 108 62 292
person 0.0270 0 102 23 184
person 0.0061 0 111 13 158
person 0.0049 -4 95 94 332
person 0.0042 2 147 21 279
person 0.0040 150 126 337 278
person 0.0039 0 130 6 234
person 0.0033 1 110 21 142
person 0.0024 4 114 39 208
person 0.0023 6 153 38 240
person 0.0018 0 111 8 195
person 0.0017 0 175 8 245
person 0.0013 0 55 16 190
person 0.0010 0 124 3 162
person 0.0010 -1 104 32 322
bicycle 0.0046 0 100 88 304
car 0.3521 -4 95 94 332
car 0.0187 1 108 62 292
motorbike 0.0049 0 100 88 304
bus 0.0053 -2 110 90 312
train 0.0021 -2 110 90 312
boat 0.0074 0 100 88 304
bird 0.0040 227 142 240 151
bird 0.0014 152 138 334 282
bird 0.0013 403 142 415 150
bird 0.0010 398 140 443 155
dog 0.0207 161 144 331 275
dog 0.0010 403 143 447 156
horse 0.0344 54 82 75 113
horse 0.0085 161 144 331 275
sheep 0.0464 161 144 331 275
sheep 0.0015 54 82 75 113
cow 0.9370 157 139 334 267
cow 0.1020 54 82 75 113
cow 0.0059 0 100 88 304
cow 0.0027 55 84 106 111
cow 0.0022 403 143 447 156
cow 0.0013 55 81 72 96
cow 0.0010 52 78 85 125
chair 0.0185 0 100 88 304
diningtable 0.0047 0 100 88 304
tvmonitor 0.0210 -4 95 94 332
tvmonitor 0.0013 1 108 62 292
