person 0.7567 454 165 472 199
person 0.3574 393 178 407 198
person 0.3343 395 173 405 191
person 0.2617 404 173 413 190
person 0.2004 412 173 420 186
person 0.1398 401 179 413 198
person 0.1298 451 180 465 199
person 0.0993 399 169 417 197
person 0.0668 453 174 463 188
person 0.0403 456 180 470 199
person 0.0373 461 174 471 190
person 0.0226 442 176 451 183
person 0.0215 410 179 422 198
person 0.0177 404 168 413 178
person 0.0169 422 175 431 183
person 0.0167 433 175 442 181
person 0.0106 406 170 425 196
person 0.0072 387 181 396 194
person 0.0054 438 169 476 196
person 0.0054 398 170 404 178
person 0.0044 412 170 419 178
person 0.0044 385 177 394 189
person 0.0040 0 171 9 191
person 0.0033 426 170 432 176
person 0.0031 383 170 417 195
person 0.0031 136 175 143 183
person 0.0022 493 182 498 192
person 0.0020 373 178 384 189
person 0.0016 0 169 14 333
person 0.0015 366 176 375 188
person 0.0014 86 174 94 187
person 0.0012 460 165 468 177
person 0.0011 441 182 455 197
person 0.0011 366 181 377 192
person 0.0011 372 181 385 192
person 0.0011 477 183 493 193
person 0.0010 1 182 5 214
person 0.0010 0 174 10 219
person 0.0010 411 170 447 198
bicycle 0.0432 451 180 465 199
bicycle 0.0374 456 180 470 199
bicycle 0.0231 393 178 407 198
bicycle 0.0178 401 179 413 198
bicycle 0.0105 456 191 470 200
bicycle 0.0101 440 178 473 199
bicycle 0.0060 452 190 466 201
bicycle 0.0022 410 179 422 198
bicycle 0.0017 397 176 417 198
bicycle 0.0010 394 192 406 199
car 0.9579 417 174 457 198
car 0.7024 0 171 9 191
car 0.2592 477 183 493 193
car 0.2018 493 182 498 192
car 0.1937 -2 166 11 197
car 0.1661 0 174 10 219
car 0.0924 440 178 473 199
car 0.0739 1 176 8 198
car 0.0502 493 175 499 191
car 0.0490 1 182 5 214
car 0.0188 410 179 422 198
car 0.0172 469 177 478 188
car 0.0150 476 177 495 190
car 0.0125 372 181 385 192
car 0.0106 450 167 470 198
car 0.0105 451 180 465 199
car 0.0102 418 181 438 197
car 0.0092 441 182 455 197
car 0.0091 393 178 407 198
car 0.0065 473 183 483 191
car 0.0065 461 174 471 190
car 0.0060 373 178 384 189
car 0.0059 1 163 4 181
car 0.0057 412 173 420 186
car 0.0054 475 171 497 193
car 0.0053 422 175 431 183
car 0.0042 400 176 437 198
car 0.0042 -2 161 23 222
car 0.0041 0 179 21 216
car 0.0040 442 176 451 183
car 0.0037 387 181 396 194
car 0.0029 456 180 470 199
car 0.0029 0 196 5 218
car 0.0027 391 169 424 196
car 0.0026 453 174 463 188
car 0.0026 455 170 497 193
car 0.0025 433 175 442 181
car 0.0024 0 149 14 320
car 0.0023 395 173 405 191
car 0.0023 343 184 358 193
car 0.0022 385 177 394 189
car 0.0020 401 179 413 198
car 0.0020 403 171 497 205
car 0.0019 348 179 390 195
car 0.0016 250 178 259 184
car 0.0015 0 153 3 171
car 0.0015 214 178 222 185
car 0.0014 428 181 445 195
car 0.0014 366 176 375 188
car 0.0011 404 173 413 190
car 0.0011 366 181 377 192
motorbike 0.4318 393 178 407 198
motorbike 0.2474 401 179 413 198
motorbike 0.1462 451 180 465 199
motorbike 0.1077 440 178 473 199
motorbike 0.0880 456 180 470 199
motorbike 0.0625 397 176 417 198
motorbike 0.0210 410 179 422 198
motorbike 0.0180 456 191 470 200
motorbike 0.0105 452 190 466 201
motorbike 0.0042 394 192 406 199
motorbike 0.0027 424 175 465 198
motorbike 0.0023 401 192 413 199
motorbike 0.0021 400 176 437 198
motorbike 0.0016 404 173 413 190
motorbike 0.0014 395 173 405 191
motorbike 0.0014 477 183 493 193
aeroplane 0.0011 123 103 132 107
bus 0.0012 417 172 459 196
bird 0.0020 382 50 388 57
bird 0.0015 123 103 132 107
pottedplant 0.0113 323 159 342 186
pottedplant 0.0054 326 162 339 177
pottedplant 0.0028 326 173 338 187
pottedplant 0.0017 86 174 94 187
pottedplant 0.0011 347 175 357 186
