person 0.8076 483 99 498 291
person 0.0223 469 90 500 277
person 0.0059 490 139 499 329
person 0.0032 494 119 499 285
person 0.0023 477 94 499 185
person 0.0017 461 126 470 143
person 0.0015 490 99 498 168
person 0.0014 492 123 498 260
person 0.0012 3 271 140 379
bottle 0.8876 299 152 311 196
bottle 0.0157 435 235 443 247
bottle 0.0081 441 221 448 237
bottle 0.0081 422 108 431 122
bottle 0.0079 434 224 441 236
bottle 0.0075 422 224 432 235
bottle 0.0072 442 140 448 153
bottle 0.0071 433 130 440 143
bottle 0.0070 432 136 442 151
bottle 0.0065 435 205 443 217
bottle 0.0065 441 201 449 216
bottle 0.0054 300 168 311 194
bottle 0.0053 434 215 440 226
bottle 0.0052 462 108 470 118
bottle 0.0038 441 213 448 232
bottle 0.0035 423 235 433 246
bottle 0.0028 420 219 433 226
bottle 0.0026 441 235 448 246
bottle 0.0023 421 131 431 141
bottle 0.0021 470 108 476 117
bottle 0.0020 430 127 445 157
bottle 0.0019 440 186 448 197
bottle 0.0017 415 106 425 121
bottle 0.0017 456 108 462 119
bottle 0.0016 424 116 432 128
bottle 0.0013 423 99 433 113
bottle 0.0012 438 177 448 185
bottle 0.0011 418 223 424 237
bottle 0.0011 421 188 432 198
bottle 0.0010 431 149 443 155
bottle 0.0010 417 217 438 247
bottle 0.0010 438 172 448 180
chair 0.9915 296 183 372 325
chair 0.9889 111 185 207 357
chair 0.6547 239 192 320 360
chair 0.5549 200 193 283 358
chair 0.1911 330 184 368 200
chair 0.1752 3 271 140 379
chair 0.1086 157 177 213 294
chair 0.0666 163 181 205 256
chair 0.0497 100 195 158 320
chair 0.0331 151 190 249 247
chair 0.0289 157 181 216 204
chair 0.0251 325 178 376 305
chair 0.0240 226 182 261 204
chair 0.0169 494 192 500 306
chair 0.0157 85 194 272 356
chair 0.0133 180 181 218 255
chair 0.0132 157 184 245 329
chair 0.0120 175 194 304 237
chair 0.0114 146 194 341 362
chair 0.0089 280 200 316 310
chair 0.0069 220 182 260 253
chair 0.0059 488 114 499 309
chair 0.0052 204 178 238 258
chair 0.0038 334 177 369 258
chair 0.0032 174 196 260 266
chair 0.0030 163 230 208 254
chair 0.0030 314 188 373 212
chair 0.0026 104 193 144 283
chair 0.0024 496 133 499 308
chair 0.0024 491 137 499 369
chair 0.0022 280 182 318 256
chair 0.0022 254 193 338 240
chair 0.0022 297 181 333 289
chair 0.0022 103 195 155 226
chair 0.0018 322 198 339 206
chair 0.0018 115 189 234 281
chair 0.0018 333 186 349 198
chair 0.0018 496 206 499 351
chair 0.0015 498 226 499 292
chair 0.0014 109 217 144 319
chair 0.0013 312 199 334 206
chair 0.0013 301 183 372 244
chair 0.0013 166 166 236 274
chair 0.0013 269 180 325 299
chair 0.0013 262 196 321 225
chair 0.0011 148 185 222 221
chair 0.0011 121 204 154 307
chair 0.0010 310 196 318 204
chair 0.0010 262 202 268 217
chair 0.0010 414 199 436 222
chair 0.0010 266 202 300 306
sofa 0.8764 2 257 142 374
sofa 0.0064 494 192 500 306
sofa 0.0048 99 202 202 332
sofa 0.0024 491 137 499 369
sofa 0.0010 488 114 499 309
sofa 0.0010 -21 186 193 360
pottedplant 0.1207 291 120 317 194
pottedplant 0.0109 226 182 261 204
pottedplant 0.0035 297 123 315 168
pottedplant 0.0030 297 140 313 192
pottedplant 0.0015 479 101 498 266
diningtable 0.9609 146 194 341 362
diningtable 0.0126 162 192 274 242
diningtable 0.0101 85 194 272 356
diningtable 0.0030 112 213 219 364
diningtable 0.0029 155 190 335 262
diningtable 0.0027 262 196 321 225
diningtable 0.0019 264 191 323 356
diningtable 0.0016 195 195 321 235
diningtable 0.0014 45 186 388 396
diningtable 0.0014 208 205 307 366
diningtable 0.0012 103 195 155 226
diningtable 0.0012 306 195 340 210
diningtable 0.0012 314 188 373 212
diningtable 0.0012 312 199 334 206
diningtable 0.0012 496 133 499 308
diningtable 0.0011 254 193 338 240
diningtable 0.0010 226 188 262 210
tvmonitor 0.0011 455 114 494 151
