person 0.6677 231 129 324 268
person 0.1574 223 140 303 327
person 0.0055 158 144 199 178
person 0.0032 132 156 418 368
person 0.0025 256 132 330 210
person 0.0024 149 147 219 200
person 0.0023 474 342 499 374
person 0.0020 486 171 499 376
person 0.0010 214 253 233 305
person 0.0010 242 134 392 245
bicycle 0.0013 447 156 501 353
bicycle 0.0011 378 204 500 331
bicycle 0.0010 486 171 499 376
bicycle 0.0010 478 170 498 299
car 0.0176 473 167 498 261
car 0.0029 475 184 500 221
car 0.0019 456 158 501 237
car 0.0016 55 138 457 384
car 0.0015 484 189 499 234
car 0.0014 473 130 498 231
car 0.0011 448 116 499 278
car 0.0010 466 177 499 208
motorbike 0.0012 473 167 498 261
bus 0.0015 55 138 457 384
bottle 0.0065 158 144 199 178
diningtable 0.0015 132 156 418 368
