person 0.9922 5 83 313 484
person 0.0441 36 0 213 207
person 0.0065 67 4 195 115
person 0.0026 43 48 287 292
person 0.0021 108 21 209 185
person 0.0019 94 130 311 375
person 0.0017 300 374 333 492
person 0.0010 33 229 303 435
bicycle 0.0044 3 389 123 488
bicycle 0.0018 67 4 195 115
motorbike 0.0207 9 135 319 514
motorbike 0.0012 2 310 319 494
aeroplane 0.0010 9 135 319 514
boat 0.0052 9 135 319 514
bird 0.0015 65 283 175 342
horse 0.0025 9 135 319 514
cow 0.0018 9 135 319 514
chair 0.0747 9 135 319 514
chair 0.0085 3 398 165 491
chair 0.0074 33 229 303 435
chair 0.0038 25 1 228 249
chair 0.0038 15 -22 312 375
chair 0.0025 2 353 119 468
chair 0.0020 2 310 319 494
chair 0.0014 37 14 120 200
chair 0.0011 18 401 303 494
sofa 0.0508 9 135 319 514
sofa 0.0010 219 144 326 434
