person 0.1441 32 167 41 184
person 0.0820 30 170 43 190
person 0.0407 292 104 316 146
person 0.0345 17 171 27 190
person 0.0259 270 107 318 146
person 0.0258 177 110 216 142
person 0.0081 4 165 22 180
person 0.0080 17 168 26 180
person 0.0075 264 118 303 147
person 0.0074 173 105 205 129
person 0.0046 8 172 21 189
person 0.0042 2 165 11 180
person 0.0037 97 85 360 332
person 0.0028 2 171 9 192
person 0.0025 1 165 24 193
person 0.0025 5 162 19 171
person 0.0023 179 115 197 129
person 0.0022 177 110 198 125
person 0.0020 298 115 320 147
person 0.0019 493 165 500 257
person 0.0018 1 182 6 199
person 0.0017 172 99 233 145
person 0.0016 158 108 199 143
person 0.0014 186 119 221 143
person 0.0012 186 116 203 130
person 0.0011 265 113 286 141
person 0.0010 3 160 7 170
bicycle 0.0047 30 170 43 190
bicycle 0.0018 1 182 6 199
car 0.7864 0 163 25 187
car 0.7828 93 82 385 334
car 0.0962 4 165 22 180
car 0.0229 0 163 15 196
car 0.0161 2 171 9 192
car 0.0158 2 165 11 180
car 0.0095 493 157 499 246
car 0.0048 17 168 26 180
car 0.0047 8 172 21 189
car 0.0044 5 162 19 171
car 0.0041 17 171 27 190
car 0.0029 485 137 499 259
car 0.0029 496 166 499 198
car 0.0028 363 110 501 246
car 0.0026 30 170 43 190
car 0.0020 1 182 6 199
car 0.0019 32 167 41 184
car 0.0016 497 168 499 215
car 0.0014 4 169 41 191
car 0.0013 497 157 499 190
car 0.0011 3 160 7 170
car 0.0010 492 193 499 265
car 0.0010 106 142 128 164
car 0.0010 498 163 499 240
motorbike 0.0013 492 183 500 257
bus 0.0020 0 163 25 187
bus 0.0015 363 110 501 246
boat 0.0065 316 52 402 111
boat 0.0015 319 44 400 162
