person 0.0106 482 32 498 207
person 0.0062 472 -14 499 252
person 0.0048 452 79 499 237
person 0.0048 136 -6 498 254
person 0.0042 0 1 69 159
person 0.0034 448 -13 500 217
person 0.0034 472 98 498 220
person 0.0012 -7 -4 378 253
person 0.0010 3 2 117 231
person 0.0010 380 -2 496 223
bird 0.0054 469 135 498 219
cat 0.0301 469 135 498 219
cat 0.0025 16 181 485 361
cat 0.0024 456 110 501 212
cat 0.0013 468 63 499 289
dog 0.9918 25 -4 464 256
dog 0.0380 469 135 498 219
dog 0.0081 452 79 499 237
dog 0.0056 16 181 485 361
dog 0.0036 221 -1 503 228
dog 0.0034 478 60 498 219
dog 0.0023 470 16 499 259
sheep 0.0027 16 181 485 361
sheep 0.0011 472 98 498 220
chair 0.0067 26 23 464 346
sofa 0.0881 26 23 464 346
sofa 0.0073 14 -23 484 186
sofa 0.0050 16 181 485 361
sofa 0.0011 0 118 88 236
sofa 0.0010 21 8 165 140
pottedplant 0.0026 17 205 484 372
