person 0.9995 17 39 241 365
person 0.9994 183 66 395 313
person 0.0033 0 212 14 250
person 0.0025 -11 65 439 323
person 0.0023 0 207 22 298
person 0.0021 110 335 148 376
person 0.0015 0 150 18 282
person 0.0013 1 179 7 201
train 0.0011 8 50 324 352
bottle 0.1627 488 207 500 274
bottle 0.1333 467 246 487 289
bottle 0.1202 482 189 498 288
bottle 0.0155 110 335 148 376
bottle 0.0146 461 238 487 304
bottle 0.0143 457 219 482 293
bottle 0.0111 473 238 491 284
bottle 0.0096 19 178 29 202
bottle 0.0056 490 188 499 255
bottle 0.0053 150 357 204 377
bottle 0.0052 1 179 7 201
bottle 0.0050 9 180 18 200
bottle 0.0046 475 302 498 337
bottle 0.0042 0 172 4 197
bottle 0.0041 476 221 497 321
bottle 0.0027 458 249 494 331
bottle 0.0023 8 50 324 352
bottle 0.0015 478 222 495 277
bottle 0.0013 496 205 499 236
bottle 0.0011 495 199 499 222
chair 0.1912 0 289 47 372
chair 0.0030 0 207 22 298
chair 0.0025 0 210 49 374
chair 0.0021 1 267 28 361
chair 0.0021 0 355 49 376
chair 0.0017 0 268 5 385
chair 0.0012 170 326 339 373
chair 0.0011 0 212 14 250
sofa 0.0023 0 289 47 372
pottedplant 0.0106 482 189 498 288
pottedplant 0.0010 486 121 500 274
diningtable 0.0487 160 315 354 376
diningtable 0.0298 24 311 398 377
diningtable 0.0109 0 204 19 342
diningtable 0.0051 339 307 493 380
diningtable 0.0046 163 306 489 376
diningtable 0.0036 12 227 484 376
diningtable 0.0019 1 261 13 313
diningtable 0.0014 0 210 49 374
diningtable 0.0013 105 264 397 363
diningtable 0.0011 3 251 22 282
diningtable 0.0011 1 214 24 251
diningtable 0.0010 1 254 10 340
tvmonitor 0.0022 170 326 339 373
tvmonitor 0.0011 0 212 14 250
