person 0.1755 -6 11 114 352
person 0.0117 20 60 168 328
person 0.0115 336 1 500 238
person 0.0087 0 21 58 333
person 0.0083 -1 129 47 378
person 0.0022 0 269 42 353
person 0.0019 179 57 454 316
person 0.0016 360 157 430 226
person 0.0012 0 29 31 363
person 0.0011 -1 15 88 227
bicycle 0.0111 364 235 489 267
bicycle 0.0010 365 21 498 338
car 0.0044 127 21 462 354
car 0.0019 366 14 497 255
boat 0.0024 363 0 499 239
bottle 0.8107 30 92 161 371
bottle 0.0027 51 111 147 157
bottle 0.0016 29 248 163 368
bottle 0.0016 364 235 489 267
bottle 0.0012 33 156 158 282
chair 0.0292 366 14 497 255
chair 0.0012 398 78 502 238
chair 0.0011 351 137 466 240
chair 0.0011 20 60 168 328
chair 0.0010 127 21 462 354
sofa 0.0191 366 14 497 255
sofa 0.0033 0 -2 105 315
sofa 0.0011 20 60 168 328
pottedplant 0.6834 363 0 499 239
pottedplant 0.0485 339 109 410 163
pottedplant 0.0266 339 106 413 210
pottedplant 0.0118 7 11 177 305
pottedplant 0.0080 352 117 398 199
pottedplant 0.0041 71 5 186 130
pottedplant 0.0034 362 154 424 210
pottedplant 0.0027 335 51 415 190
pottedplant 0.0024 45 6 218 208
pottedplant 0.0018 367 119 413 198
pottedplant 0.0017 359 113 426 239
pottedplant 0.0015 154 15 408 228
pottedplant 0.0014 321 95 399 152
pottedplant 0.0010 358 148 393 211
diningtable 0.0308 9 221 478 371
