person 0.9993 73 61 362 497
person 0.7429 3 121 92 237
person 0.7411 267 2 366 343
person 0.6688 64 127 104 196
person 0.3766 107 6 176 170
person 0.3482 240 66 281 137
person 0.2098 99 10 207 331
person 0.1522 322 317 371 472
person 0.1471 170 300 377 499
person 0.0511 0 167 119 428
person 0.0286 2 123 93 351
person 0.0254 167 43 226 94
person 0.0213 243 63 278 103
person 0.0173 252 72 282 167
person 0.0171 277 16 375 200
person 0.0154 230 103 367 475
person 0.0151 63 109 84 150
person 0.0102 158 45 226 165
person 0.0094 181 48 222 77
person 0.0093 96 128 132 197
person 0.0093 24 125 96 199
person 0.0092 170 55 211 89
person 0.0074 60 94 95 161
person 0.0074 51 111 82 177
person 0.0068 96 129 175 313
person 0.0064 74 134 215 448
person 0.0063 142 26 176 106
person 0.0062 82 68 118 145
person 0.0054 50 117 69 161
person 0.0054 119 11 160 91
person 0.0048 9 120 70 177
person 0.0047 296 -1 368 57
person 0.0046 81 109 116 187
person 0.0046 122 53 188 273
person 0.0046 159 49 195 125
person 0.0045 294 4 339 41
person 0.0042 190 56 228 86
person 0.0042 299 269 375 484
person 0.0042 177 389 364 496
person 0.0039 94 14 216 117
person 0.0038 4 118 41 178
person 0.0035 154 34 173 71
person 0.0029 233 62 283 181
person 0.0029 134 13 152 50
person 0.0029 -2 146 117 265
person 0.0028 165 54 184 90
person 0.0028 232 11 272 79
person 0.0027 179 19 216 80
person 0.0027 118 31 243 156
person 0.0025 106 27 175 102
person 0.0025 84 72 109 108
person 0.0023 168 55 180 70
person 0.0021 70 64 132 189
person 0.0019 221 14 257 77
person 0.0018 5 178 91 226
person 0.0018 52 91 113 199
person 0.0018 47 36 187 386
person 0.0017 179 200 353 460
person 0.0017 149 52 216 116
person 0.0017 239 31 278 107
person 0.0016 143 27 164 59
person 0.0015 87 8 268 191
person 0.0015 152 63 210 220
person 0.0014 175 57 188 70
person 0.0014 190 39 229 69
person 0.0013 51 141 69 175
person 0.0013 57 102 80 142
person 0.0013 100 86 135 167
person 0.0013 89 65 153 222
person 0.0012 166 48 202 78
person 0.0012 53 148 66 163
person 0.0012 67 109 130 216
person 0.0012 163 45 182 81
person 0.0012 235 298 357 425
person 0.0012 185 56 201 70
person 0.0012 55 129 76 166
person 0.0012 338 303 372 410
person 0.0011 73 132 98 183
person 0.0011 161 145 198 219
person 0.0011 84 143 121 208
person 0.0010 108 30 142 105
person 0.0010 191 56 209 70
bottle 0.0054 111 173 120 188
bottle 0.0047 191 194 234 256
bottle 0.0016 109 175 118 192
bottle 0.0010 104 174 112 195
chair 0.9470 0 206 117 459
chair 0.0703 41 127 355 515
chair 0.0479 91 187 161 331
chair 0.0062 299 183 371 340
chair 0.0054 230 103 367 475
chair 0.0046 175 246 365 495
chair 0.0040 324 183 368 412
chair 0.0037 -7 218 109 360
chair 0.0037 71 182 216 466
chair 0.0028 0 415 204 497
chair 0.0027 20 401 354 500
chair 0.0016 200 475 388 499
chair 0.0015 339 287 370 385
chair 0.0013 97 183 137 208
chair 0.0011 300 304 375 488
sofa 0.0866 0 215 123 488
sofa 0.0821 41 127 355 515
sofa 0.0247 170 300 377 499
sofa 0.0125 20 401 354 500
sofa 0.0072 0 415 204 497
sofa 0.0019 177 389 364 496
sofa 0.0017 300 304 375 488
sofa 0.0013 220 187 367 466
sofa 0.0012 27 295 275 502
diningtable 0.0011 -2 146 117 265
