person 0.0012 298 170 414 274
car 0.0039 -1 163 412 375
car 0.0018 300 90 318 96
car 0.0014 0 77 4 91
bird 0.0041 302 162 325 170
bird 0.0038 293 163 333 184
bird 0.0025 182 153 207 204
bird 0.0012 308 165 331 175
cat 0.0089 183 156 208 193
dog 0.7899 183 156 208 193
dog 0.0401 188 173 297 272
dog 0.0238 182 163 269 202
dog 0.0122 298 170 414 274
dog 0.0098 211 169 383 274
dog 0.0069 184 157 308 231
dog 0.0025 172 158 234 204
dog 0.0025 288 163 387 194
dog 0.0017 148 155 215 205
dog 0.0011 181 160 219 227
dog 0.0011 190 161 204 182
dog 0.0010 206 161 375 228
horse 0.0026 288 178 380 282
horse 0.0021 188 173 297 272
horse 0.0017 182 153 207 204
sheep 0.9860 266 170 395 281
sheep 0.9533 188 173 297 272
sheep 0.3622 335 182 414 278
sheep 0.3317 182 153 207 204
sheep 0.3045 185 165 284 221
sheep 0.2020 323 170 393 192
sheep 0.1788 288 163 387 194
sheep 0.1147 257 165 336 272
sheep 0.1024 276 163 329 186
sheep 0.0911 202 164 311 195
sheep 0.0874 291 195 378 271
sheep 0.0447 289 168 336 191
sheep 0.0409 285 167 390 223
sheep 0.0372 314 178 401 250
sheep 0.0279 209 167 281 183
sheep 0.0275 225 166 302 179
sheep 0.0254 253 163 340 196
sheep 0.0252 314 166 389 184
sheep 0.0239 206 161 375 228
sheep 0.0186 258 166 310 181
sheep 0.0184 296 163 342 184
sheep 0.0147 218 169 290 190
sheep 0.0141 278 166 303 177
sheep 0.0121 302 162 325 170
sheep 0.0095 250 167 341 221
sheep 0.0092 301 164 327 176
sheep 0.0088 181 160 219 227
sheep 0.0073 187 180 224 207
sheep 0.0070 259 168 308 192
sheep 0.0065 295 174 335 259
sheep 0.0051 190 179 261 203
sheep 0.0050 181 155 227 193
sheep 0.0048 214 155 430 292
sheep 0.0041 320 164 417 197
sheep 0.0040 277 170 320 263
sheep 0.0038 304 232 341 264
sheep 0.0037 274 179 363 250
sheep 0.0032 314 233 329 247
sheep 0.0030 327 172 411 221
sheep 0.0029 300 90 318 96
sheep 0.0025 367 185 411 260
sheep 0.0025 184 178 225 251
sheep 0.0024 259 173 301 263
sheep 0.0024 192 171 261 195
sheep 0.0021 295 160 331 173
sheep 0.0019 331 231 349 265
sheep 0.0017 280 165 302 185
sheep 0.0016 196 149 322 182
sheep 0.0016 -1 163 412 375
sheep 0.0015 215 185 265 257
sheep 0.0015 375 228 397 258
sheep 0.0015 184 177 208 208
sheep 0.0014 294 168 311 178
sheep 0.0014 324 180 395 199
sheep 0.0013 335 189 376 277
sheep 0.0013 210 181 277 200
sheep 0.0013 295 152 379 253
sheep 0.0012 312 230 334 255
sheep 0.0011 323 233 338 249
sheep 0.0011 234 190 283 269
cow 0.0178 298 170 414 274
cow 0.0124 211 169 383 274
cow 0.0095 188 173 297 272
cow 0.0045 300 90 318 96
cow 0.0044 179 157 212 205
cow 0.0019 288 163 387 194
cow 0.0016 184 166 267 223
cow 0.0011 323 170 393 192
chair 0.0023 -1 163 412 375
