person 0.9995 114 17 330 344
person 0.9972 2 -3 267 369
person 0.9961 255 35 497 341
person 0.0020 3 15 130 354
person 0.0013 271 6 460 226
person 0.0011 367 47 509 338
car 0.0011 160 18 511 359
bus 0.0014 160 18 511 359
train 0.0012 95 -3 390 369
bottle 0.0017 160 18 511 359
bottle 0.0015 51 11 378 314
chair 0.3150 316 179 361 243
chair 0.2421 260 61 489 365
chair 0.2265 304 181 373 328
chair 0.1434 119 90 315 351
chair 0.0276 298 237 428 368
chair 0.0254 347 297 413 374
chair 0.0251 324 182 359 218
chair 0.0205 374 228 501 365
chair 0.0159 303 253 373 369
chair 0.0121 299 265 376 323
chair 0.0087 313 194 359 277
chair 0.0068 300 225 375 283
chair 0.0060 265 208 393 325
chair 0.0053 322 205 357 242
chair 0.0044 338 159 406 388
chair 0.0040 314 291 432 366
chair 0.0037 309 198 321 220
chair 0.0037 275 180 455 365
chair 0.0035 281 281 364 336
chair 0.0030 284 217 361 364
chair 0.0027 306 198 323 245
chair 0.0026 300 247 377 303
chair 0.0026 170 313 325 377
chair 0.0025 136 224 278 318
chair 0.0022 319 144 364 220
chair 0.0022 308 292 360 322
chair 0.0018 308 128 366 266
chair 0.0017 329 169 366 232
chair 0.0017 302 207 337 301
chair 0.0016 322 272 380 301
chair 0.0015 311 296 363 368
chair 0.0015 480 93 498 225
chair 0.0015 325 178 355 189
chair 0.0012 346 300 375 370
chair 0.0012 283 185 358 247
chair 0.0012 260 180 389 277
chair 0.0011 330 204 372 305
chair 0.0010 468 118 500 149
sofa 0.0021 119 90 315 351
sofa 0.0011 256 33 492 278
pottedplant 0.0031 122 22 349 302
diningtable 0.0345 374 228 501 365
diningtable 0.0029 287 76 497 355
diningtable 0.0017 371 171 504 279
tvmonitor 0.0070 95 -3 390 369
