person 0.0058 47 335 55 348
person 0.0037 88 333 105 387
person 0.0018 41 332 56 366
person 0.0018 41 331 80 389
person 0.0018 11 361 352 492
person 0.0016 63 336 75 348
person 0.0011 40 368 75 389
person 0.0011 70 333 103 390
bicycle 0.0033 0 390 44 451
bicycle 0.0026 37 398 76 420
car 0.9965 40 362 359 490
car 0.0141 3 378 110 454
car 0.0017 0 395 41 456
car 0.0012 45 370 218 453
car 0.0011 31 403 124 455
motorbike 0.1819 0 395 41 456
motorbike 0.1744 0 389 83 449
motorbike 0.0367 18 399 104 457
motorbike 0.0023 24 407 47 448
motorbike 0.0022 12 368 345 486
motorbike 0.0021 18 396 62 457
motorbike 0.0020 5 400 48 435
motorbike 0.0019 37 398 76 420
motorbike 0.0018 3 417 30 455
motorbike 0.0017 27 394 129 441
motorbike 0.0011 0 404 23 452
motorbike 0.0010 22 371 103 414
motorbike 0.0010 25 401 71 431
chair 0.1141 88 333 105 387
chair 0.0471 70 333 103 390
chair 0.0319 76 354 99 387
chair 0.0029 74 358 97 366
chair 0.0020 47 343 106 397
chair 0.0017 77 363 98 374
chair 0.0010 95 329 106 376
sofa 0.0016 70 333 103 390
sofa 0.0012 36 335 95 388
pottedplant 0.0065 53 369 72 386
pottedplant 0.0049 40 368 75 389
pottedplant 0.0020 373 197 407 220
pottedplant 0.0010 63 336 75 348
diningtable 0.0030 32 348 99 397
diningtable 0.0026 41 343 89 361
diningtable 0.0026 39 347 92 372
diningtable 0.0024 40 355 91 384
diningtable 0.0014 76 354 99 387
diningtable 0.0013 77 363 98 374
diningtable 0.0012 74 358 97 366
