person 0.9984 86 167 139 302
person 0.9981 23 168 74 300
person 0.9767 4 177 37 285
person 0.0452 10 216 39 302
person 0.0323 0 185 7 258
person 0.0183 31 217 66 301
person 0.0180 1 228 6 250
person 0.0083 0 222 4 243
person 0.0069 0 197 2 245
person 0.0050 98 179 139 254
person 0.0038 1 178 6 205
person 0.0029 1 190 4 212
person 0.0027 0 170 8 235
person 0.0023 1 202 6 294
person 0.0021 25 168 63 228
person 0.0019 -1 166 121 289
person 0.0018 18 179 30 189
person 0.0017 26 188 40 231
person 0.0015 4 180 39 206
person 0.0014 5 187 51 317
person 0.0013 90 167 128 233
person 0.0011 1 166 29 234
bicycle 0.9792 96 236 141 324
bicycle 0.8888 32 235 64 311
bicycle 0.6260 14 233 44 307
bicycle 0.2098 16 241 34 299
bicycle 0.1254 22 183 72 315
bicycle 0.0922 46 236 73 310
bicycle 0.0374 44 242 60 315
bicycle 0.0329 85 171 138 325
bicycle 0.0297 3 201 28 305
bicycle 0.0261 23 245 38 307
bicycle 0.0205 56 251 71 305
bicycle 0.0133 83 237 96 257
bicycle 0.0129 1 228 6 250
bicycle 0.0077 14 231 33 272
bicycle 0.0039 36 249 51 307
bicycle 0.0032 1 235 4 261
bicycle 0.0023 0 207 7 272
bicycle 0.0020 3 213 63 327
bicycle 0.0020 20 238 29 257
bicycle 0.0015 0 222 4 243
bicycle 0.0012 18 247 27 273
bicycle 0.0012 15 226 79 293
bicycle 0.0011 8 253 24 302
bicycle 0.0011 63 252 73 303
bicycle 0.0010 82 251 96 264
car 0.0033 1 178 6 205
car 0.0030 1 179 32 204
car 0.0023 0 171 10 212
car 0.0022 1 190 4 212
car 0.0013 0 185 7 258
car 0.0013 0 191 2 231
car 0.0011 2 183 31 259
boat 0.0024 244 134 278 194
boat 0.0010 254 138 270 188
bottle 0.0016 48 242 55 257
chair 0.0010 1 228 6 250
