person 0.0225 300 87 323 116
person 0.0079 374 147 405 173
person 0.0076 381 151 397 166
person 0.0048 333 156 367 180
person 0.0022 317 88 329 98
person 0.0022 338 163 357 177
person 0.0020 256 128 456 235
person 0.0012 306 85 319 94
person 0.0012 340 156 357 170
person 0.0011 375 152 388 168
car 0.9900 208 121 451 241
car 0.0032 223 158 270 174
car 0.0025 331 132 449 227
bird 0.0041 317 88 329 98
bird 0.0015 300 87 323 116
bird 0.0015 309 202 316 218
dog 0.0250 317 88 329 98
dog 0.0019 306 85 319 94
dog 0.0018 294 87 326 117
dog 0.0012 292 106 314 116
horse 0.0010 317 88 329 98
sheep 0.0183 451 97 464 106
sheep 0.0103 432 88 443 97
sheep 0.0068 469 106 480 113
sheep 0.0062 457 97 470 107
sheep 0.0057 317 88 329 98
sheep 0.0017 306 85 319 94
sheep 0.0013 492 109 499 120
sheep 0.0011 305 83 319 91
cow 0.0023 469 106 480 113
cow 0.0019 317 88 329 98
bottle 0.0046 337 198 360 220
chair 0.0115 224 120 278 167
chair 0.0036 317 88 329 98
chair 0.0011 -1 220 201 329
sofa 0.0028 -1 220 201 329
pottedplant 0.0630 488 262 500 310
pottedplant 0.0070 493 270 499 300
pottedplant 0.0059 480 252 500 330
pottedplant 0.0045 103 155 193 280
pottedplant 0.0042 268 134 283 148
pottedplant 0.0040 492 266 498 289
pottedplant 0.0021 317 88 329 98
pottedplant 0.0018 490 268 499 338
pottedplant 0.0016 496 272 499 315
pottedplant 0.0011 334 198 362 220
pottedplant 0.0010 107 215 182 285
diningtable 0.4775 259 196 461 312
diningtable 0.0232 232 121 275 145
diningtable 0.0193 224 120 278 167
diningtable 0.0100 267 150 449 236
diningtable 0.0075 245 238 406 319
diningtable 0.0075 216 119 457 272
