person 0.9876 357 164 441 338
person 0.2880 470 148 500 240
person 0.0739 469 121 500 347
person 0.0428 480 174 499 332
person 0.0052 449 168 503 337
person 0.0029 473 122 499 195
person 0.0025 480 251 501 332
person 0.0023 490 146 499 220
person 0.0018 492 202 499 278
person 0.0015 492 229 499 308
person 0.0014 487 174 499 226
person 0.0013 452 131 500 261
person 0.0012 490 244 499 333
person 0.0011 487 129 498 176
bicycle 0.0017 382 147 445 200
bicycle 0.0016 378 127 412 194
bird 0.0015 385 166 392 177
cat 0.0070 470 148 500 240
cat 0.0011 266 256 342 300
dog 0.0183 470 148 500 240
bottle 0.0080 388 185 396 191
bottle 0.0063 425 183 435 198
bottle 0.0061 224 156 233 172
bottle 0.0034 385 172 394 192
bottle 0.0026 410 175 419 190
bottle 0.0024 305 133 327 168
bottle 0.0023 480 251 501 332
bottle 0.0022 408 179 415 189
bottle 0.0019 493 250 499 269
bottle 0.0018 431 184 438 197
bottle 0.0015 490 244 499 333
bottle 0.0013 359 240 382 280
bottle 0.0012 311 259 337 295
bottle 0.0012 424 178 432 191
bottle 0.0011 266 256 342 300
chair 0.9909 231 145 324 281
chair 0.8073 326 127 383 268
chair 0.5470 252 125 273 138
chair 0.5232 345 125 403 268
chair 0.1211 225 136 253 260
chair 0.0713 219 126 254 157
chair 0.0665 214 125 265 269
chair 0.0530 248 127 263 139
chair 0.0528 378 127 412 194
chair 0.0453 321 132 362 225
chair 0.0422 274 94 290 136
chair 0.0397 0 170 148 372
chair 0.0397 387 127 408 157
chair 0.0384 237 125 274 140
chair 0.0368 331 121 370 195
chair 0.0322 355 132 393 228
chair 0.0320 331 124 371 158
chair 0.0314 256 134 292 168
chair 0.0242 350 118 366 126
chair 0.0229 220 127 258 190
chair 0.0211 210 140 239 257
chair 0.0195 221 136 297 180
chair 0.0183 363 117 379 128
chair 0.0177 224 134 287 153
chair 0.0170 281 92 302 136
chair 0.0161 222 126 269 144
chair 0.0141 220 130 234 172
chair 0.0139 226 126 249 140
chair 0.0128 392 133 406 152
chair 0.0120 237 126 252 138
chair 0.0111 219 132 230 154
chair 0.0109 309 132 411 242
chair 0.0094 470 148 500 240
chair 0.0091 318 169 351 264
chair 0.0080 216 123 272 165
chair 0.0079 241 136 271 257
chair 0.0062 286 124 303 162
chair 0.0062 335 129 414 188
chair 0.0060 332 124 384 146
chair 0.0055 261 137 296 216
chair 0.0055 222 128 244 174
chair 0.0049 285 133 299 175
chair 0.0047 288 141 295 164
chair 0.0045 386 142 409 184
chair 0.0044 382 147 445 200
chair 0.0040 243 126 278 188
chair 0.0039 191 158 329 195
chair 0.0034 272 130 292 162
chair 0.0033 381 138 399 187
chair 0.0033 382 151 418 190
chair 0.0033 230 155 240 247
chair 0.0032 252 127 273 162
chair 0.0032 264 111 299 166
chair 0.0031 332 123 349 161
chair 0.0031 266 141 287 181
chair 0.0029 269 85 301 153
chair 0.0028 452 265 495 320
chair 0.0026 350 115 392 133
chair 0.0024 269 91 285 135
chair 0.0022 299 134 373 187
chair 0.0022 300 125 332 184
chair 0.0022 391 127 406 141
chair 0.0022 266 127 277 138
chair 0.0020 298 139 334 215
chair 0.0020 182 176 377 210
chair 0.0019 483 208 501 338
chair 0.0019 487 129 498 176
chair 0.0019 278 144 290 161
chair 0.0019 279 143 316 213
chair 0.0018 221 120 291 238
chair 0.0018 305 147 368 273
chair 0.0018 399 153 419 189
chair 0.0018 252 125 289 144
chair 0.0018 413 281 465 328
chair 0.0017 298 135 329 167
chair 0.0017 476 156 498 313
chair 0.0017 262 132 301 158
chair 0.0017 201 143 249 279
chair 0.0017 274 126 312 159
chair 0.0017 302 181 339 275
chair 0.0016 330 120 372 133
chair 0.0015 223 173 233 248
chair 0.0015 322 141 387 207
chair 0.0014 249 147 298 176
chair 0.0014 493 250 499 269
chair 0.0014 339 127 359 179
chair 0.0013 244 138 386 251
chair 0.0013 216 152 273 174
chair 0.0012 350 118 369 152
chair 0.0012 476 132 499 174
chair 0.0012 289 135 298 156
chair 0.0012 389 127 426 195
chair 0.0012 225 147 241 179
chair 0.0012 348 170 463 336
chair 0.0011 227 150 240 212
chair 0.0011 359 118 380 149
chair 0.0011 236 145 254 179
chair 0.0011 361 115 382 135
chair 0.0011 226 155 237 172
chair 0.0011 293 126 310 159
sofa 0.9588 0 170 148 372
sofa 0.0049 473 146 498 285
sofa 0.0043 483 208 501 338
sofa 0.0018 56 176 152 336
sofa 0.0018 452 265 495 320
sofa 0.0013 449 168 503 337
sofa 0.0010 471 132 500 230
pottedplant 0.3101 278 66 345 166
pottedplant 0.0785 371 114 405 136
pottedplant 0.0747 471 132 500 230
pottedplant 0.0503 371 116 388 131
pottedplant 0.0500 278 78 314 162
pottedplant 0.0348 380 117 397 132
pottedplant 0.0339 389 117 405 133
pottedplant 0.0329 387 119 408 149
pottedplant 0.0170 476 132 499 174
pottedplant 0.0137 391 127 406 141
pottedplant 0.0130 370 118 408 147
pottedplant 0.0125 269 85 301 153
pottedplant 0.0081 487 129 498 176
pottedplant 0.0080 363 117 379 128
pottedplant 0.0067 378 127 412 194
pottedplant 0.0050 302 63 338 149
pottedplant 0.0043 483 208 501 338
pottedplant 0.0029 372 127 388 137
pottedplant 0.0028 299 113 330 169
pottedplant 0.0028 281 92 302 136
pottedplant 0.0025 350 115 392 133
pottedplant 0.0023 494 140 499 166
pottedplant 0.0023 477 99 500 189
pottedplant 0.0020 382 126 393 137
pottedplant 0.0020 490 131 498 212
pottedplant 0.0019 495 148 499 176
pottedplant 0.0013 425 183 435 198
pottedplant 0.0012 452 265 495 320
pottedplant 0.0012 446 197 504 344
pottedplant 0.0010 497 160 499 184
pottedplant 0.0010 361 115 382 135
pottedplant 0.0010 369 113 387 123
diningtable 0.9113 225 152 347 279
diningtable 0.0486 178 164 384 194
diningtable 0.0422 282 162 353 271
diningtable 0.0368 274 156 357 198
diningtable 0.0334 224 134 287 153
diningtable 0.0328 210 140 239 257
diningtable 0.0296 235 135 294 167
diningtable 0.0273 225 136 253 260
diningtable 0.0187 244 138 386 251
diningtable 0.0162 280 165 350 222
diningtable 0.0160 313 121 371 271
diningtable 0.0154 213 137 268 281
diningtable 0.0149 226 133 295 270
diningtable 0.0147 283 165 341 182
diningtable 0.0138 196 165 272 180
diningtable 0.0124 280 173 347 190
diningtable 0.0092 299 172 340 264
diningtable 0.0087 182 176 377 210
diningtable 0.0085 217 165 309 180
diningtable 0.0076 231 149 296 175
diningtable 0.0069 3 218 137 366
diningtable 0.0068 234 145 364 180
diningtable 0.0066 281 181 346 199
diningtable 0.0062 219 128 271 156
diningtable 0.0027 213 141 419 292
diningtable 0.0027 295 146 374 204
diningtable 0.0021 442 221 491 235
diningtable 0.0019 211 173 298 188
diningtable 0.0018 216 152 273 174
diningtable 0.0017 223 164 233 174
diningtable 0.0017 377 195 492 328
diningtable 0.0017 318 169 351 264
diningtable 0.0015 292 189 349 211
diningtable 0.0014 452 265 495 320
diningtable 0.0013 254 134 292 156
diningtable 0.0012 359 131 400 154
diningtable 0.0012 294 150 331 176
diningtable 0.0011 204 170 230 177
diningtable 0.0010 252 125 273 138
diningtable 0.0010 214 131 273 181
diningtable 0.0010 237 125 274 140
diningtable 0.0010 335 129 414 188
tvmonitor 0.0157 438 48 499 115
tvmonitor 0.0072 415 115 494 158
tvmonitor 0.0024 434 38 501 162
tvmonitor 0.0019 388 45 506 176
tvmonitor 0.0013 490 244 499 333
tvmonitor 0.0011 400 104 500 202
