person 0.0079 1 25 13 216
person 0.0045 0 27 9 329
person 0.0042 0 8 23 385
person 0.0021 0 24 54 368
person 0.0016 136 34 157 63
person 0.0013 2 -7 17 171
person 0.0011 0 75 6 174
person 0.0010 141 41 155 58
bird 0.0015 208 8 220 25
bird 0.0011 207 4 219 20
cat 0.0020 64 112 121 159
cat 0.0012 124 95 203 149
dog 0.0013 124 95 203 149
horse 0.0012 124 95 203 149
bottle 0.9977 356 33 391 132
bottle 0.1278 239 123 269 189
bottle 0.0039 235 84 270 131
bottle 0.0023 276 145 304 173
chair 0.7662 124 95 203 149
chair 0.6139 402 89 494 149
chair 0.4302 285 284 496 373
chair 0.4136 54 93 219 151
chair 0.1790 289 152 495 380
chair 0.1045 64 112 121 159
chair 0.0515 410 98 500 295
chair 0.0371 235 90 270 128
chair 0.0305 387 86 429 124
chair 0.0209 263 92 278 107
chair 0.0176 1 25 13 216
chair 0.0138 387 86 494 202
chair 0.0107 441 81 499 237
chair 0.0097 441 121 498 348
chair 0.0084 345 77 483 151
chair 0.0077 0 93 6 194
chair 0.0059 327 66 487 308
chair 0.0058 451 106 496 144
chair 0.0053 -13 39 465 354
chair 0.0052 0 27 9 329
chair 0.0041 74 107 173 161
chair 0.0036 375 89 462 138
chair 0.0034 437 109 500 161
chair 0.0034 0 73 6 157
chair 0.0033 484 97 499 259
chair 0.0029 0 21 24 408
chair 0.0027 2 -7 17 171
chair 0.0026 490 105 499 163
chair 0.0023 0 155 2 191
chair 0.0022 422 100 456 132
chair 0.0021 0 118 4 227
chair 0.0019 207 71 514 384
chair 0.0018 0 72 54 396
chair 0.0018 389 89 403 102
chair 0.0017 244 92 279 118
chair 0.0015 387 88 404 120
chair 0.0015 0 167 14 382
chair 0.0015 0 123 2 184
chair 0.0015 492 96 498 210
chair 0.0014 218 75 271 124
chair 0.0013 421 94 459 117
chair 0.0013 267 92 363 148
chair 0.0013 11 102 193 185
chair 0.0011 0 107 2 161
chair 0.0010 495 105 499 240
sofa 0.1206 285 284 496 373
sofa 0.0334 54 93 219 151
sofa 0.0085 289 152 495 380
sofa 0.0083 1 25 13 216
sofa 0.0069 124 95 203 149
sofa 0.0030 390 94 496 360
sofa 0.0023 0 75 6 174
sofa 0.0014 0 107 5 198
sofa 0.0013 0 -37 23 315
sofa 0.0013 386 86 487 145
pottedplant 0.0055 228 76 264 127
pottedplant 0.0020 215 74 258 99
pottedplant 0.0011 222 56 258 116
diningtable 0.9995 15 78 485 376
diningtable 0.0029 0 118 55 390
diningtable 0.0012 251 288 509 370
tvmonitor 0.0020 121 23 183 79
