person 0.0037 137 232 254 309
person 0.0029 67 154 119 186
person 0.0020 0 102 22 178
person 0.0015 225 214 367 320
person 0.0010 49 227 150 306
bird 0.3395 67 154 119 186
bird 0.1083 132 235 240 309
bird 0.0998 49 227 150 306
bird 0.0304 0 107 20 159
bird 0.0288 111 22 123 28
bird 0.0070 0 101 19 215
bird 0.0050 241 224 385 319
bird 0.0044 90 158 113 184
bird 0.0040 0 112 13 174
bird 0.0029 91 155 122 177
bird 0.0028 91 158 115 172
bird 0.0021 0 97 14 138
bird 0.0021 1 112 9 136
bird 0.0014 217 205 354 270
bird 0.0013 2 106 10 128
bird 0.0012 62 267 80 304
cat 0.0061 67 154 119 186
cat 0.0037 132 235 240 309
cat 0.0030 49 227 150 306
dog 0.0494 132 235 240 309
dog 0.0368 67 154 119 186
dog 0.0323 225 214 367 320
dog 0.0195 49 227 150 306
dog 0.0026 0 107 16 159
horse 0.0323 56 225 146 306
horse 0.0209 225 214 367 320
horse 0.0186 132 235 240 309
horse 0.0112 65 149 119 193
horse 0.0022 0 101 19 215
horse 0.0018 79 156 119 184
horse 0.0016 0 85 14 307
horse 0.0012 0 107 16 159
sheep 0.2163 59 226 143 295
sheep 0.2152 139 238 234 308
sheep 0.1542 225 214 367 320
sheep 0.0886 0 107 16 159
sheep 0.0245 354 214 400 301
sheep 0.0200 65 149 119 193
sheep 0.0155 0 101 19 215
sheep 0.0124 199 240 238 301
sheep 0.0083 238 234 325 306
sheep 0.0073 213 260 232 298
sheep 0.0065 233 209 354 252
sheep 0.0058 0 117 10 188
sheep 0.0056 181 239 228 305
sheep 0.0056 0 85 14 307
sheep 0.0037 103 224 143 294
sheep 0.0035 140 241 179 303
sheep 0.0029 1 112 9 136
sheep 0.0027 217 209 297 256
sheep 0.0024 266 236 359 304
sheep 0.0019 0 126 4 161
sheep 0.0016 79 156 119 184
sheep 0.0014 280 211 344 234
sheep 0.0013 198 233 232 252
sheep 0.0012 1 56 24 338
cow 0.7926 354 214 400 301
cow 0.7799 56 225 146 306
cow 0.7732 139 238 234 308
cow 0.6063 225 214 367 320
cow 0.2571 216 208 346 253
cow 0.0972 280 211 344 234
cow 0.0707 65 149 119 193
cow 0.0509 184 241 245 300
cow 0.0349 238 234 325 306
cow 0.0163 79 156 119 184
cow 0.0136 260 209 368 238
cow 0.0122 215 217 300 283
cow 0.0099 305 228 365 280
cow 0.0097 211 212 283 258
cow 0.0092 140 241 179 303
cow 0.0082 266 236 359 304
cow 0.0072 314 211 349 233
cow 0.0069 198 233 232 252
cow 0.0062 103 224 143 294
cow 0.0061 325 225 351 239
cow 0.0058 322 211 344 226
cow 0.0055 360 211 395 231
cow 0.0054 314 219 350 240
cow 0.0051 216 206 303 242
cow 0.0046 0 107 16 159
cow 0.0045 321 220 392 289
cow 0.0042 202 231 241 292
cow 0.0041 321 233 359 264
cow 0.0036 0 94 17 259
cow 0.0035 239 211 289 234
cow 0.0033 213 260 232 298
cow 0.0031 59 219 145 265
cow 0.0029 356 220 399 260
cow 0.0025 58 234 109 304
cow 0.0025 83 227 133 293
cow 0.0021 292 214 372 258
cow 0.0019 339 223 378 286
cow 0.0018 353 216 391 244
cow 0.0014 251 211 316 232
cow 0.0013 360 243 380 295
cow 0.0013 253 216 294 239
cow 0.0013 160 240 207 307
cow 0.0013 238 215 283 293
cow 0.0012 187 260 230 301
cow 0.0012 62 228 101 251
cow 0.0012 144 241 167 280
cow 0.0011 314 228 353 250
cow 0.0010 179 203 342 272
cow 0.0010 225 239 244 284
cow 0.0010 62 261 80 300
cow 0.0010 54 240 88 303
cow 0.0010 376 212 395 226
