person 0.9950 190 142 300 257
person 0.7900 152 43 172 69
person 0.4242 174 48 193 71
person 0.4109 116 53 131 70
person 0.1051 105 52 121 67
person 0.0519 5 179 44 233
person 0.0482 101 49 132 69
person 0.0410 134 55 149 69
person 0.0210 119 57 133 73
person 0.0181 126 54 142 68
person 0.0108 126 60 140 72
person 0.0108 167 50 176 67
person 0.0095 116 51 151 70
person 0.0082 176 50 198 81
person 0.0076 197 142 277 217
person 0.0064 12 184 37 229
person 0.0056 177 45 189 62
person 0.0051 156 172 330 281
person 0.0050 175 59 190 72
person 0.0035 108 55 141 78
person 0.0035 124 55 144 79
person 0.0032 104 53 124 78
person 0.0031 136 45 173 70
person 0.0026 106 58 122 72
person 0.0024 160 45 178 72
person 0.0022 150 49 161 67
person 0.0022 177 41 196 66
person 0.0020 0 183 12 231
person 0.0018 101 58 116 72
person 0.0016 133 55 151 80
person 0.0014 180 44 193 61
person 0.0014 0 104 3 125
person 0.0013 454 135 483 216
person 0.0011 1 187 4 229
person 0.0011 115 48 135 57
person 0.0011 180 59 195 74
person 0.0011 0 63 2 90
bicycle 0.0078 442 229 481 257
bicycle 0.0049 37 165 386 416
car 0.0023 101 49 132 69
car 0.0023 449 229 482 258
car 0.0023 100 43 133 61
car 0.0021 0 33 22 45
car 0.0017 101 54 119 68
car 0.0010 95 33 119 44
car 0.0010 85 184 376 427
motorbike 0.0022 43 175 410 439
bus 0.0010 246 33 297 46
bird 0.0013 362 419 407 446
horse 0.9930 33 178 391 432
horse 0.0100 156 172 330 281
horse 0.0023 65 162 352 330
horse 0.0012 300 176 383 282
horse 0.0010 309 229 378 349
sheep 0.0012 37 165 386 416
chair 0.0013 442 229 481 257
diningtable 0.1896 2 157 163 234
diningtable 0.0277 -10 162 178 187
diningtable 0.0085 311 268 477 359
diningtable 0.0064 -16 146 179 174
diningtable 0.0032 5 141 164 336
