person 0.9865 186 181 222 262
person 0.1302 114 253 129 270
person 0.1118 110 253 123 270
person 0.0896 111 253 122 262
person 0.0865 116 253 126 263
person 0.0503 98 256 148 275
person 0.0237 99 266 113 275
person 0.0204 102 250 112 262
person 0.0083 98 258 115 272
person 0.0037 147 255 160 274
person 0.0031 200 180 216 255
person 0.0024 -1 254 36 277
person 0.0020 247 230 256 239
person 0.0018 105 266 120 274
person 0.0016 178 194 230 296
person 0.0014 -1 265 16 276
person 0.0014 0 259 15 273
person 0.0013 193 180 214 232
person 0.0012 179 212 190 258
person 0.0012 -2 253 17 277
person 0.0011 81 258 132 274
person 0.0010 141 415 148 424
car 0.0012 90 257 139 275
bird 0.0032 214 375 225 382
horse 0.9950 178 211 239 298
chair 0.0022 90 257 139 275
chair 0.0019 99 266 113 275
chair 0.0016 114 253 129 270
chair 0.0015 110 253 123 270
chair 0.0014 84 265 145 277
