person 0.9307 18 263 36 319
person 0.0511 64 257 75 280
person 0.0109 62 260 77 291
person 0.0041 29 272 37 288
person 0.0040 65 273 76 289
person 0.0032 0 269 2 308
person 0.0025 65 255 74 270
person 0.0023 30 281 40 296
person 0.0016 19 273 28 284
person 0.0016 62 273 69 288
person 0.0015 23 266 39 296
person 0.0012 1 264 3 294
person 0.0011 35 282 43 296
person 0.0011 0 277 1 314
person 0.0011 8 261 20 277
person 0.0011 89 252 100 271
person 0.0011 9 251 42 311
person 0.0010 9 272 20 284
pottedplant 0.8636 352 226 387 311
pottedplant 0.7382 244 248 261 290
pottedplant 0.6282 275 255 297 302
pottedplant 0.3905 274 213 310 302
pottedplant 0.0692 249 271 260 287
pottedplant 0.0532 248 280 263 293
pottedplant 0.0473 63 255 77 287
pottedplant 0.0339 245 322 268 344
pottedplant 0.0331 255 250 267 291
pottedplant 0.0291 258 257 264 280
pottedplant 0.0270 249 259 260 279
pottedplant 0.0246 239 237 256 285
pottedplant 0.0222 65 273 76 289
pottedplant 0.0216 257 279 268 294
pottedplant 0.0206 246 242 274 302
pottedplant 0.0191 359 267 381 308
pottedplant 0.0187 247 250 259 272
pottedplant 0.0161 257 270 266 288
pottedplant 0.0152 244 269 251 289
pottedplant 0.0124 246 273 266 297
pottedplant 0.0114 318 241 391 305
pottedplant 0.0099 232 233 258 310
pottedplant 0.0092 297 251 311 301
pottedplant 0.0083 241 256 255 295
pottedplant 0.0075 429 279 449 302
pottedplant 0.0070 394 265 410 308
pottedplant 0.0068 244 278 250 293
pottedplant 0.0065 250 202 312 305
pottedplant 0.0056 242 260 252 279
pottedplant 0.0054 277 278 292 297
pottedplant 0.0044 244 230 262 274
pottedplant 0.0042 282 280 298 298
pottedplant 0.0040 426 281 464 308
pottedplant 0.0036 438 302 458 311
pottedplant 0.0035 320 244 355 309
pottedplant 0.0033 229 238 245 279
pottedplant 0.0033 258 250 264 273
pottedplant 0.0031 254 273 270 298
pottedplant 0.0030 275 272 307 302
pottedplant 0.0030 403 299 452 312
pottedplant 0.0028 362 288 380 306
pottedplant 0.0027 396 279 415 315
pottedplant 0.0025 448 281 462 301
pottedplant 0.0024 278 270 288 289
pottedplant 0.0024 276 232 293 290
pottedplant 0.0020 297 248 328 304
pottedplant 0.0019 266 244 321 302
pottedplant 0.0018 414 289 424 303
pottedplant 0.0017 461 302 470 310
pottedplant 0.0016 300 253 318 299
pottedplant 0.0016 285 289 297 301
pottedplant 0.0015 421 291 429 301
pottedplant 0.0015 62 273 69 288
pottedplant 0.0015 415 302 442 311
pottedplant 0.0014 279 289 292 300
pottedplant 0.0014 65 255 74 270
pottedplant 0.0014 266 237 280 302
pottedplant 0.0014 459 271 476 305
pottedplant 0.0014 406 286 449 311
pottedplant 0.0013 240 263 270 294
pottedplant 0.0013 398 299 414 314
pottedplant 0.0013 416 244 451 305
pottedplant 0.0012 242 251 252 270
pottedplant 0.0011 355 283 385 310
pottedplant 0.0011 355 200 386 282
pottedplant 0.0010 215 228 309 290
pottedplant 0.0010 230 250 263 287
pottedplant 0.0010 393 272 469 312
pottedplant 0.0010 269 278 276 296
pottedplant 0.0010 230 260 240 275
pottedplant 0.0010 286 270 296 289
pottedplant 0.0010 434 276 456 303
