person 0.9945 352 54 404 178
person 0.2046 42 76 57 97
person 0.1779 78 68 99 93
person 0.0710 81 71 96 86
person 0.0366 94 73 109 85
person 0.0255 80 78 97 96
person 0.0133 78 70 90 85
person 0.0132 92 78 112 93
person 0.0096 81 164 95 190
person 0.0044 78 74 109 97
person 0.0036 17 46 31 55
person 0.0033 372 88 411 169
person 0.0028 20 50 29 58
person 0.0022 91 69 113 91
person 0.0021 46 74 56 84
person 0.0018 7 47 21 55
person 0.0015 99 75 114 85
person 0.0012 26 51 37 58
person 0.0011 1 45 7 55
bicycle 0.0053 339 80 416 228
car 0.0414 230 39 241 45
car 0.0121 257 39 272 44
car 0.0114 268 39 279 44
car 0.0101 3 51 23 59
car 0.0072 222 38 231 44
car 0.0070 7 47 21 55
car 0.0052 1 45 7 55
car 0.0046 1 51 6 61
car 0.0040 17 46 31 55
car 0.0037 0 42 34 58
car 0.0036 274 40 288 44
car 0.0029 256 42 272 47
car 0.0027 231 42 243 46
car 0.0022 24 46 37 55
car 0.0021 250 38 261 45
car 0.0019 236 39 250 45
car 0.0013 237 42 249 47
car 0.0010 26 51 37 58
motorbike 0.0011 81 76 114 97
motorbike 0.0010 339 80 416 228
boat 0.0020 2 43 41 57
bird 0.0034 81 164 95 190
bird 0.0018 253 8 258 12
bird 0.0017 41 75 58 99
dog 0.0071 42 76 57 97
dog 0.0016 81 164 95 190
dog 0.0011 99 79 114 93
horse 0.9912 340 96 420 234
horse 0.5504 78 74 109 97
horse 0.3376 42 76 57 97
horse 0.1465 92 78 112 93
horse 0.1211 80 78 97 96
horse 0.0455 377 104 414 230
horse 0.0372 78 68 99 93
horse 0.0190 94 73 109 85
horse 0.0150 81 71 96 86
horse 0.0112 78 70 90 85
horse 0.0100 81 70 115 91
horse 0.0038 81 86 98 99
horse 0.0032 66 73 100 98
horse 0.0028 37 75 66 98
horse 0.0026 75 83 111 102
horse 0.0025 97 75 116 97
horse 0.0018 99 75 114 85
horse 0.0015 350 58 406 187
horse 0.0010 45 88 56 98
sheep 0.0015 41 75 58 99
cow 0.0332 42 76 57 97
cow 0.0024 99 79 114 93
cow 0.0020 81 76 114 97
