person 0.9945 147 206 339 372
person 0.9938 227 92 508 373
person 0.6069 2 30 278 374
person 0.0238 27 79 476 373
person 0.0011 433 0 499 124
cat 0.0013 433 2 500 79
cat 0.0010 167 209 324 347
dog 0.0012 433 2 500 79
chair 0.7790 330 8 487 138
chair 0.6054 0 40 275 380
chair 0.2357 311 31 506 344
chair 0.1455 27 79 476 373
chair 0.0664 143 79 267 199
chair 0.0209 -6 57 274 229
chair 0.0159 433 0 499 124
chair 0.0091 106 86 316 360
chair 0.0086 229 124 502 377
chair 0.0068 477 46 499 148
chair 0.0047 1 76 51 357
chair 0.0025 145 193 347 362
chair 0.0025 440 22 498 214
chair 0.0020 0 101 12 331
chair 0.0018 453 53 495 140
chair 0.0017 493 38 500 133
chair 0.0016 479 0 501 126
chair 0.0016 358 6 500 219
chair 0.0016 483 30 498 207
chair 0.0016 0 176 14 372
chair 0.0015 445 -15 497 368
chair 0.0015 1 90 28 380
chair 0.0013 119 92 450 282
sofa 0.2014 -5 58 433 378
sofa 0.0359 220 25 515 361
sofa 0.0173 -6 57 274 229
sofa 0.0102 143 79 267 199
sofa 0.0082 115 104 377 355
sofa 0.0078 -2 60 217 363
sofa 0.0015 290 133 503 380
sofa 0.0014 330 8 487 138
sofa 0.0011 380 71 502 375
sofa 0.0011 145 193 347 362
diningtable 0.0118 322 -2 502 158
diningtable 0.0017 477 46 499 148
diningtable 0.0014 330 0 487 87
diningtable 0.0011 445 -15 497 368
diningtable 0.0010 434 28 500 170
