person 0.9967 384 177 419 256
person 0.1749 419 187 437 218
person 0.0413 422 192 434 212
person 0.0344 428 199 439 218
person 0.0239 380 160 387 168
person 0.0227 463 200 475 217
person 0.0207 420 186 430 203
person 0.0101 425 189 442 218
person 0.0058 467 202 478 217
person 0.0058 1 86 6 105
person 0.0057 460 200 478 226
person 0.0047 464 200 473 211
person 0.0043 322 193 340 203
person 0.0039 414 198 425 210
person 0.0039 411 187 431 215
person 0.0030 1 86 42 111
person 0.0028 14 88 30 103
person 0.0025 37 106 50 125
person 0.0024 36 107 52 140
person 0.0020 382 186 442 246
person 0.0016 0 74 9 119
person 0.0016 5 89 23 103
person 0.0014 0 94 4 116
person 0.0014 282 162 290 180
person 0.0013 463 204 482 234
person 0.0011 0 77 5 99
person 0.0011 0 80 7 150
person 0.0010 393 171 424 236
bicycle 0.0104 419 194 439 222
bicycle 0.0066 424 200 437 218
bicycle 0.0053 412 188 442 217
bicycle 0.0028 422 192 434 212
bicycle 0.0016 414 198 425 210
bicycle 0.0011 439 215 475 242
car 0.0200 380 160 387 168
car 0.0070 410 141 423 150
car 0.0043 420 138 437 147
car 0.0028 393 147 407 157
car 0.0026 427 140 441 148
car 0.0020 402 141 417 150
car 0.0016 391 132 405 140
car 0.0012 392 140 405 149
car 0.0010 412 147 421 153
car 0.0010 389 135 427 153
bird 0.0148 357 212 361 214
bird 0.0040 341 206 347 211
bird 0.0036 344 207 355 211
bird 0.0030 322 193 340 203
bird 0.0028 466 217 480 228
bird 0.0017 463 217 475 228
bird 0.0014 463 200 475 217
bird 0.0014 463 204 482 234
bird 0.0012 415 205 422 211
bird 0.0012 467 202 478 217
dog 0.0082 322 193 340 203
dog 0.0015 415 205 422 211
dog 0.0012 424 200 437 218
sheep 0.0010 380 160 387 168
bottle 0.0020 411 246 418 254
bottle 0.0012 415 205 422 211
chair 0.0093 36 107 52 140
chair 0.0064 322 193 340 203
chair 0.0056 3 86 43 147
chair 0.0051 37 106 50 125
chair 0.0038 36 111 70 139
chair 0.0013 424 200 437 218
chair 0.0012 42 118 59 133
chair 0.0011 2 101 43 128
chair 0.0011 7 108 56 140
chair 0.0011 419 194 439 222
chair 0.0010 1 89 44 119
pottedplant 0.9867 110 258 229 360
pottedplant 0.2466 1 239 69 305
pottedplant 0.1273 1 89 44 119
pottedplant 0.0597 1 85 32 110
pottedplant 0.0188 0 188 14 236
pottedplant 0.0159 0 184 21 288
pottedplant 0.0125 133 300 223 361
pottedplant 0.0110 0 94 4 116
pottedplant 0.0108 3 86 43 147
pottedplant 0.0101 1 66 28 140
pottedplant 0.0085 0 80 10 129
pottedplant 0.0077 -1 172 66 302
pottedplant 0.0074 1 86 6 105
pottedplant 0.0068 4 218 106 316
pottedplant 0.0062 0 139 17 259
pottedplant 0.0045 0 198 22 241
pottedplant 0.0043 2 101 43 128
pottedplant 0.0034 4 98 24 112
pottedplant 0.0031 5 89 23 103
pottedplant 0.0029 104 259 181 330
pottedplant 0.0027 1 207 64 263
pottedplant 0.0026 34 141 107 206
pottedplant 0.0026 14 88 30 103
pottedplant 0.0026 0 190 9 269
pottedplant 0.0024 0 100 3 129
pottedplant 0.0022 58 246 118 296
pottedplant 0.0019 -1 69 109 307
pottedplant 0.0019 12 100 32 112
pottedplant 0.0017 419 194 439 222
pottedplant 0.0016 2 96 26 132
pottedplant 0.0016 322 193 340 203
pottedplant 0.0015 0 91 7 157
pottedplant 0.0014 1 192 5 228
pottedplant 0.0014 0 229 82 356
pottedplant 0.0013 19 242 110 301
pottedplant 0.0013 0 191 63 245
pottedplant 0.0013 0 110 3 140
pottedplant 0.0013 4 119 119 251
pottedplant 0.0013 1 202 4 240
pottedplant 0.0010 26 87 45 120
