person 0.9040 44 98 498 338
person 0.0043 -10 13 455 286
person 0.0030 167 150 487 310
person 0.0027 0 115 269 332
person 0.0010 67 207 445 316
cat 0.5509 165 205 474 310
cat 0.0049 269 200 446 275
cat 0.0035 78 148 484 301
cat 0.0012 345 194 445 241
dog 0.5175 165 205 474 310
dog 0.0706 44 98 498 338
dog 0.0026 269 200 446 275
chair 0.0158 8 148 511 377
chair 0.0141 31 25 516 289
chair 0.0026 12 3 266 166
sofa 0.7968 18 206 496 385
sofa 0.7364 9 17 501 289
sofa 0.0644 11 8 482 155
sofa 0.0098 1 287 500 374
sofa 0.0061 64 258 441 358
sofa 0.0061 9 0 264 205
sofa 0.0057 -11 85 372 354
sofa 0.0053 112 209 478 318
sofa 0.0040 78 148 484 301
