person 0.8486 129 394 136 406
person 0.6417 138 393 145 405
person 0.5156 55 393 63 407
person 0.4951 59 393 68 406
person 0.4490 149 393 157 406
person 0.3824 122 396 128 406
person 0.3193 41 399 51 406
person 0.2784 68 397 74 406
person 0.1661 154 392 162 404
person 0.1110 99 401 106 409
person 0.1045 128 398 135 411
person 0.0933 224 377 232 395
person 0.0899 121 399 128 410
person 0.0528 168 395 175 405
person 0.0501 24 399 34 409
person 0.0481 147 398 155 411
person 0.0365 91 400 98 409
person 0.0279 69 399 76 409
person 0.0255 139 398 145 410
person 0.0242 60 399 69 410
person 0.0220 90 397 97 407
person 0.0213 53 399 62 410
person 0.0204 175 394 181 404
person 0.0164 167 401 173 410
person 0.0111 53 384 72 391
person 0.0095 234 384 247 394
person 0.0072 82 385 89 391
person 0.0057 52 386 74 409
person 0.0056 111 402 116 409
person 0.0056 234 377 240 386
person 0.0045 156 386 163 398
person 0.0043 254 384 262 389
person 0.0042 51 385 66 390
person 0.0041 81 401 90 408
person 0.0039 30 387 315 424
person 0.0039 245 378 251 385
person 0.0036 27 401 42 409
person 0.0035 298 374 311 387
person 0.0035 143 387 161 411
person 0.0035 82 396 89 406
person 0.0030 159 401 166 411
person 0.0030 266 397 272 401
person 0.0028 0 381 22 391
person 0.0027 20 380 175 413
person 0.0026 100 410 108 421
person 0.0024 113 398 119 405
person 0.0024 150 387 157 398
person 0.0024 178 385 185 397
person 0.0021 57 382 258 412
person 0.0021 117 389 167 409
person 0.0019 177 402 183 408
person 0.0017 169 386 175 397
person 0.0016 121 388 126 396
person 0.0016 130 389 135 397
person 0.0015 222 366 236 397
person 0.0014 140 389 145 397
person 0.0014 31 398 40 406
person 0.0013 123 388 142 410
person 0.0012 292 373 304 387
person 0.0011 87 386 95 393
aeroplane 0.0324 30 387 315 424
aeroplane 0.0031 81 80 307 417
boat 0.8790 63 81 285 419
boat 0.4334 32 369 44 384
boat 0.2365 53 384 72 391
boat 0.2283 288 370 320 393
boat 0.1931 0 372 22 393
boat 0.1737 30 387 315 424
boat 0.1647 2 381 26 392
boat 0.0930 317 386 332 396
boat 0.0602 231 296 267 387
boat 0.0550 287 382 310 392
boat 0.0423 51 385 66 390
boat 0.0356 318 392 331 398
boat 0.0318 298 374 311 387
boat 0.0282 235 385 255 394
boat 0.0230 37 372 47 384
boat 0.0182 28 366 46 390
boat 0.0167 292 373 304 387
boat 0.0155 224 300 255 395
boat 0.0137 49 380 76 387
boat 0.0136 280 377 316 395
boat 0.0109 310 385 321 392
boat 0.0058 252 381 300 395
boat 0.0045 21 397 218 424
boat 0.0044 292 379 334 396
boat 0.0042 24 399 34 409
boat 0.0036 273 376 283 388
boat 0.0031 -1 386 3 391
boat 0.0026 315 376 333 400
boat 0.0023 21 386 27 390
boat 0.0023 254 384 262 389
boat 0.0023 16 369 55 389
boat 0.0019 27 401 42 409
boat 0.0018 21 374 34 384
boat 0.0018 30 376 129 415
boat 0.0017 260 383 274 389
boat 0.0017 281 375 289 387
boat 0.0017 219 379 256 396
boat 0.0017 48 381 81 396
boat 0.0014 262 370 313 393
boat 0.0014 283 383 291 390
boat 0.0014 265 383 285 389
boat 0.0013 309 377 318 387
boat 0.0013 35 373 76 388
boat 0.0012 82 385 89 391
boat 0.0012 28 339 317 411
boat 0.0012 17 399 57 414
boat 0.0011 25 397 67 417
boat 0.0011 248 360 335 400
boat 0.0010 320 377 329 389
boat 0.0010 238 297 299 402
boat 0.0010 315 393 321 397
tvmonitor 0.0019 62 71 324 424
