person 0.0027 148 29 496 282
person 0.0010 -6 17 299 228
cat 0.9863 26 17 309 252
cat 0.9859 154 62 499 279
cat 0.0148 0 135 49 293
cat 0.0103 0 22 52 327
cat 0.0028 25 134 163 239
cat 0.0011 -6 6 112 278
cat 0.0010 0 -31 28 342
dog 0.0037 0 22 52 327
dog 0.0028 -6 17 299 228
dog 0.0025 0 135 49 293
dog 0.0017 148 29 496 282
sheep 0.0016 -6 17 299 228
chair 0.0076 65 25 505 281
chair 0.0014 -6 17 299 228
sofa 0.0556 22 21 485 273
sofa 0.0016 30 16 308 228
sofa 0.0011 210 75 496 278
pottedplant 0.0056 22 21 485 273
diningtable 0.0023 65 25 505 281
