person 0.7948 460 164 468 176
person 0.4325 456 165 462 176
person 0.3787 473 163 478 176
person 0.2011 479 160 487 180
person 0.0931 493 159 497 171
person 0.0702 488 191 498 208
person 0.0653 463 162 469 172
person 0.0265 455 162 460 172
person 0.0148 491 185 499 206
person 0.0139 486 176 499 210
person 0.0096 186 127 201 139
person 0.0065 445 163 452 177
person 0.0053 446 162 451 170
person 0.0052 477 157 490 184
person 0.0048 495 143 499 163
person 0.0047 217 145 234 159
person 0.0031 495 167 498 197
person 0.0028 482 176 488 184
person 0.0025 489 153 499 193
person 0.0019 219 120 235 134
person 0.0016 476 144 499 214
person 0.0013 0 173 8 193
person 0.0012 432 151 506 202
person 0.0011 210 146 228 159
person 0.0010 56 130 69 142
bicycle 0.0017 488 191 498 208
car 0.0018 493 159 497 171
car 0.0014 488 191 498 208
motorbike 0.0022 488 191 498 208
train 0.9999 69 51 454 331
train 0.1948 -1 110 118 200
train 0.0707 0 152 87 202
train 0.0111 -1 166 70 216
train 0.0099 1 96 67 259
train 0.0058 -1 140 88 290
train 0.0055 57 122 102 192
train 0.0034 -3 130 72 187
train 0.0032 -5 109 122 324
train 0.0031 0 140 20 254
train 0.0029 0 106 21 213
train 0.0027 -1 186 24 289
train 0.0026 -3 79 124 170
train 0.0014 49 114 119 175
train 0.0013 4 40 95 206
train 0.0011 2 129 176 222
dog 0.0078 488 191 498 208
dog 0.0011 491 185 499 206
chair 0.0025 488 191 498 208
pottedplant 0.0031 488 191 498 208
