person 0.9982 20 11 218 311
car 0.0012 26 70 212 307
bottle 0.0047 19 4 217 285
bottle 0.0018 -1 341 77 382
chair 0.2435 26 70 212 307
chair 0.0131 203 157 237 212
chair 0.0065 202 143 240 256
chair 0.0056 189 125 238 216
chair 0.0012 157 212 220 340
chair 0.0010 213 114 288 252
sofa 0.0011 26 70 212 307
diningtable 0.8634 17 237 274 383
diningtable 0.0199 203 157 237 212
diningtable 0.0095 158 223 209 372
diningtable 0.0038 87 210 249 367
diningtable 0.0030 4 307 97 382
diningtable 0.0028 154 265 253 350
diningtable 0.0017 202 126 241 244
diningtable 0.0016 18 300 152 376
diningtable 0.0013 209 120 290 190
diningtable 0.0012 213 114 288 252
diningtable 0.0011 5 271 99 354
diningtable 0.0010 55 244 232 323
