person 0.9984 155 187 229 439
person 0.9957 227 181 369 496
person 0.1966 228 201 280 474
person 0.1567 166 169 273 482
person 0.0687 358 211 376 307
person 0.0683 356 218 375 377
person 0.0348 348 197 378 441
person 0.0272 322 188 352 251
person 0.0266 360 236 375 289
person 0.0152 358 203 375 247
person 0.0129 359 218 375 272
person 0.0083 329 187 368 257
person 0.0063 332 226 374 479
person 0.0042 211 208 267 430
person 0.0042 324 191 345 227
person 0.0035 337 197 371 277
person 0.0023 344 231 371 370
person 0.0021 330 175 376 384
person 0.0019 355 274 372 432
person 0.0019 331 196 354 236
person 0.0017 241 192 298 513
person 0.0014 317 189 339 225
person 0.0013 240 190 257 224
person 0.0013 245 202 253 213
person 0.0012 214 212 250 241
bus 0.0014 4 73 282 487
train 0.9812 6 107 265 397
train 0.0498 9 58 375 512
train 0.0208 148 166 247 462
train 0.0020 203 172 339 504
train 0.0018 237 146 369 434
