person 0.6752 119 86 309 287
person 0.5662 -1 51 329 448
person 0.0238 142 105 314 470
person 0.0076 46 397 291 445
person 0.0038 137 400 332 446
person 0.0033 101 211 296 430
person 0.0018 131 397 222 444
person 0.0015 30 361 229 446
person 0.0015 46 98 294 351
person 0.0012 18 392 191 447
person 0.0010 132 185 226 270
bird 0.0043 141 186 217 272
cat 0.0144 132 185 226 270
cat 0.0014 30 225 300 416
chair 0.5058 -1 51 329 448
chair 0.2185 95 30 328 291
chair 0.0146 -4 13 94 286
chair 0.0132 43 195 293 407
chair 0.0081 280 -1 335 46
chair 0.0056 -4 174 89 264
chair 0.0048 94 2 303 54
chair 0.0032 2 107 106 404
chair 0.0012 -5 113 108 259
sofa 0.8570 0 6 341 302
sofa 0.0975 0 17 121 279
sofa 0.0235 22 -1 309 178
sofa 0.0040 68 52 320 456
sofa 0.0037 -1 89 88 269
sofa 0.0025 3 166 79 268
sofa 0.0020 119 86 309 287
sofa 0.0016 2 206 328 438
sofa 0.0014 2 107 106 404
pottedplant 0.0053 94 2 303 54
diningtable 0.0042 30 225 300 416
