person 0.9978 9 47 320 462
person 0.9670 16 -1 158 291
person 0.7340 155 0 326 421
person 0.0467 6 85 191 418
person 0.0186 71 64 259 358
person 0.0089 114 156 297 428
person 0.0083 0 0 43 94
person 0.0073 3 0 72 166
person 0.0065 41 130 119 273
person 0.0037 96 177 128 268
person 0.0029 113 5 308 277
person 0.0024 156 1 183 9
person 0.0023 140 1 201 13
person 0.0022 100 18 167 270
person 0.0022 37 122 69 158
person 0.0021 106 0 197 9
person 0.0021 18 234 305 491
person 0.0019 25 181 148 305
person 0.0016 -8 31 128 386
person 0.0014 4 229 168 434
person 0.0013 43 201 119 274
person 0.0012 6 1 160 112
person 0.0012 146 1 234 10
person 0.0012 19 248 140 343
person 0.0011 64 157 129 288
person 0.0010 150 0 193 22
person 0.0010 147 1 178 6
car 0.0019 123 0 268 21
car 0.0018 106 0 197 9
car 0.0014 140 1 201 13
car 0.0012 146 1 234 10
boat 0.0021 2 136 326 519
cat 0.3685 34 323 165 415
cat 0.0077 3 306 172 496
cat 0.0032 16 264 149 397
cat 0.0016 48 333 191 455
dog 0.0014 48 327 176 416
sheep 0.0250 34 323 165 415
sheep 0.0032 -4 198 335 518
chair 0.0027 2 136 326 519
sofa 0.0254 2 136 326 519
