person 0.1607 227 126 243 140
person 0.0753 277 127 289 143
person 0.0696 267 126 281 143
person 0.0426 222 127 236 141
person 0.0268 236 127 251 141
person 0.0151 247 127 260 142
person 0.0110 223 123 245 142
person 0.0080 259 126 271 143
person 0.0073 286 127 296 142
person 0.0051 265 123 298 145
person 0.0026 222 124 265 142
person 0.0012 301 128 310 137
person 0.0011 221 133 233 143
person 0.0010 273 127 293 148
car 0.9895 188 112 315 203
car 0.0083 301 128 310 137
car 0.0038 303 127 314 136
car 0.0028 213 113 301 162
bus 0.0025 207 76 305 208
pottedplant 0.0012 1 135 65 202
