person 0.9933 217 145 289 269
person 0.1083 183 134 484 320
person 0.0347 -1 264 91 328
person 0.0306 294 154 331 182
person 0.0248 444 134 455 143
person 0.0221 301 148 339 175
person 0.0081 0 228 27 318
person 0.0069 400 164 416 176
person 0.0053 210 157 271 224
person 0.0046 422 133 431 138
person 0.0046 -1 208 60 333
person 0.0046 209 140 349 260
person 0.0041 -2 258 45 328
person 0.0038 456 137 470 144
person 0.0035 100 105 122 140
person 0.0034 158 145 279 261
person 0.0034 1 170 21 297
person 0.0029 293 149 316 179
person 0.0029 222 163 261 256
person 0.0023 444 133 452 139
person 0.0018 301 155 318 171
person 0.0016 449 136 467 143
person 0.0015 338 155 363 188
person 0.0015 493 143 498 157
person 0.0014 17 288 109 331
person 0.0014 0 263 25 308
person 0.0013 1 113 15 276
person 0.0013 321 154 337 170
person 0.0013 352 172 367 187
person 0.0011 0 148 30 355
person 0.0010 496 167 499 193
person 0.0010 494 137 499 148
person 0.0010 415 135 440 143
person 0.0010 412 136 426 144
car 0.9901 171 123 496 315
car 0.1747 456 137 470 144
car 0.0850 449 136 467 143
car 0.0753 142 136 217 246
car 0.0523 415 135 440 143
car 0.0415 355 121 402 142
car 0.0187 411 133 447 145
car 0.0180 144 153 184 237
car 0.0164 422 133 431 138
car 0.0145 444 134 455 143
car 0.0124 220 119 233 129
car 0.0105 494 137 499 148
car 0.0103 426 135 445 142
car 0.0086 412 136 426 144
car 0.0082 200 145 304 266
car 0.0064 428 132 442 138
car 0.0040 417 133 476 144
car 0.0036 80 102 123 124
car 0.0030 378 127 398 140
car 0.0030 379 135 399 144
car 0.0030 480 138 493 148
car 0.0030 78 105 90 116
car 0.0028 493 143 498 157
car 0.0026 80 107 96 118
car 0.0025 0 228 27 318
car 0.0025 101 118 122 145
car 0.0018 416 133 424 138
car 0.0017 470 137 480 145
car 0.0014 160 149 204 238
car 0.0014 165 161 236 229
car 0.0013 222 125 232 131
car 0.0013 294 123 454 145
car 0.0012 94 110 127 136
car 0.0011 101 118 120 132
car 0.0011 444 133 452 139
car 0.0010 346 126 481 150
aeroplane 0.0028 64 115 517 315
dog 0.0059 -1 264 91 328
dog 0.0013 208 164 242 218
bottle 0.0014 0 261 30 323
chair 0.0120 0 261 30 323
chair 0.0026 -1 261 61 325
chair 0.0010 0 259 25 298
sofa 0.0010 0 261 30 323
diningtable 0.0136 0 261 30 323
diningtable 0.0013 -1 261 61 325
