person 0.0186 247 100 285 133
person 0.0053 65 106 110 147
person 0.0048 71 171 202 217
person 0.0021 276 91 290 125
boat 0.0016 252 98 289 133
bird 0.9359 263 47 272 59
bird 0.8606 310 48 320 57
bird 0.2961 252 98 289 133
bird 0.2584 423 58 433 79
bird 0.2578 282 76 291 83
bird 0.1989 446 52 454 64
bird 0.1626 71 171 202 217
bird 0.1245 276 91 290 125
bird 0.0988 352 58 374 94
bird 0.0727 250 22 475 102
bird 0.0616 392 55 403 63
bird 0.0481 352 16 362 27
bird 0.0418 345 20 360 61
bird 0.0288 435 119 452 148
bird 0.0260 348 17 359 27
bird 0.0194 389 58 396 65
bird 0.0186 354 118 371 130
bird 0.0136 410 97 421 105
bird 0.0109 363 55 375 64
bird 0.0107 394 24 410 59
bird 0.0106 461 131 482 165
bird 0.0098 347 21 359 38
bird 0.0095 402 20 408 26
bird 0.0081 425 57 432 68
bird 0.0071 343 55 355 63
bird 0.0068 78 29 428 100
bird 0.0062 263 93 287 126
bird 0.0052 437 120 450 137
bird 0.0043 255 69 291 127
bird 0.0043 254 41 474 143
bird 0.0043 352 22 362 36
bird 0.0042 265 50 273 60
bird 0.0042 279 93 288 108
bird 0.0038 256 103 274 117
bird 0.0036 242 9 481 68
bird 0.0033 363 60 377 78
bird 0.0032 423 72 433 81
bird 0.0028 257 108 273 123
bird 0.0028 399 56 411 63
bird 0.0025 346 28 357 50
bird 0.0019 238 103 278 131
bird 0.0017 64 106 106 162
bird 0.0017 393 60 402 72
bird 0.0016 396 29 405 51
bird 0.0016 281 81 289 90
bird 0.0016 360 1 368 4
bird 0.0016 403 25 410 33
bird 0.0015 287 46 300 50
bird 0.0015 265 109 280 124
bird 0.0013 410 100 420 107
bird 0.0013 247 36 385 71
bird 0.0012 402 32 411 48
bird 0.0011 279 91 300 127
bird 0.0011 356 54 367 63
bird 0.0010 254 97 277 124
bird 0.0010 354 59 368 79
bird 0.0010 313 51 322 59
bird 0.0010 295 48 312 52
bird 0.0010 108 55 402 130
cat 0.0116 247 100 285 133
cat 0.0083 71 171 202 217
cat 0.0017 65 106 110 147
cat 0.0014 276 91 290 125
dog 0.9639 64 171 195 217
dog 0.8527 64 106 106 162
dog 0.1379 247 100 285 133
dog 0.0196 67 109 95 144
dog 0.0069 276 91 290 125
dog 0.0055 68 105 110 136
dog 0.0053 62 107 143 165
dog 0.0041 66 100 190 199
dog 0.0023 69 107 91 122
dog 0.0020 69 125 174 170
dog 0.0012 30 121 107 170
horse 0.0078 252 98 289 133
horse 0.0065 65 106 110 147
horse 0.0011 276 91 290 125
horse 0.0010 64 171 195 217
sheep 0.0288 64 171 195 217
sheep 0.0049 65 106 110 147
sheep 0.0028 252 98 289 133
cow 0.0206 247 100 285 133
cow 0.0067 276 91 290 125
cow 0.0063 64 108 104 146
cow 0.0059 64 171 195 217
cow 0.0041 250 22 475 102
