person 0.9977 76 79 249 286
person 0.9853 300 125 420 299
person 0.9606 0 97 61 298
person 0.9223 227 141 284 200
person 0.6878 185 93 225 173
person 0.3301 281 134 307 168
person 0.2983 443 92 502 335
person 0.2782 214 128 239 164
person 0.2510 50 139 84 213
person 0.1888 209 129 241 189
person 0.1440 469 88 498 343
person 0.1350 26 119 58 195
person 0.0835 2 247 61 295
person 0.0695 279 146 310 204
person 0.0680 220 137 256 193
person 0.0669 53 157 86 188
person 0.0599 435 280 494 385
person 0.0597 98 102 138 171
person 0.0559 15 124 31 164
person 0.0553 476 176 498 329
person 0.0534 413 135 497 298
person 0.0484 24 121 46 164
person 0.0385 52 137 87 171
person 0.0301 289 132 309 161
person 0.0293 262 143 282 167
person 0.0233 290 138 312 186
person 0.0224 267 134 300 187
person 0.0220 398 37 503 407
person 0.0214 16 113 50 177
person 0.0199 417 194 484 303
person 0.0171 255 141 274 167
person 0.0170 212 143 238 180
person 0.0169 485 78 499 278
person 0.0139 293 135 307 153
person 0.0128 15 127 51 224
person 0.0124 213 154 225 168
person 0.0111 42 130 89 268
person 0.0105 261 145 285 182
person 0.0103 43 120 61 168
person 0.0096 309 93 483 351
person 0.0095 246 139 262 149
person 0.0087 258 140 269 149
person 0.0082 286 134 302 151
person 0.0077 -1 172 62 373
person 0.0074 276 159 310 188
person 0.0068 226 143 243 184
person 0.0067 223 135 242 170
person 0.0066 456 198 496 307
person 0.0065 216 154 231 167
person 0.0062 285 129 300 143
person 0.0057 52 130 74 162
person 0.0056 268 140 276 147
person 0.0055 236 141 273 166
person 0.0050 295 141 308 163
person 0.0050 0 53 34 306
person 0.0050 70 105 269 199
person 0.0050 265 145 410 248
person 0.0049 51 141 72 181
person 0.0045 482 218 499 364
person 0.0043 -1 58 102 390
person 0.0041 21 124 79 189
person 0.0041 222 128 234 142
person 0.0040 42 118 58 152
person 0.0040 491 128 499 198
person 0.0040 222 138 298 255
person 0.0039 186 124 210 165
person 0.0038 266 131 305 162
person 0.0035 33 119 53 151
person 0.0034 28 122 42 142
person 0.0032 265 156 283 167
person 0.0031 243 147 260 196
person 0.0031 225 149 269 179
person 0.0030 219 133 235 151
person 0.0030 231 143 242 165
person 0.0030 279 136 291 152
person 0.0030 282 124 303 150
person 0.0029 63 101 143 254
person 0.0029 15 263 54 332
person 0.0029 56 142 69 162
person 0.0027 277 129 296 162
person 0.0027 284 145 303 163
person 0.0027 228 135 240 151
person 0.0025 1 86 22 232
person 0.0024 30 125 51 179
person 0.0024 238 150 315 206
person 0.0024 183 97 251 215
person 0.0024 57 134 80 160
person 0.0023 -2 101 29 404
person 0.0020 303 141 316 187
person 0.0020 16 125 28 144
person 0.0019 17 131 28 156
person 0.0019 18 101 74 225
person 0.0019 -2 59 55 225
person 0.0019 198 136 238 170
person 0.0018 494 76 499 214
person 0.0018 284 156 302 169
person 0.0018 1 153 14 353
person 0.0017 53 167 85 266
person 0.0016 165 115 332 194
person 0.0015 446 169 500 412
bottle 0.0323 244 173 251 196
bottle 0.0110 5 340 42 373
bottle 0.0083 249 179 258 202
bottle 0.0083 407 170 416 186
bottle 0.0068 247 173 255 197
bottle 0.0062 241 180 250 201
bottle 0.0060 286 164 301 201
bottle 0.0042 241 175 253 208
bottle 0.0039 305 172 314 193
bottle 0.0038 73 273 90 320
bottle 0.0027 233 184 240 196
bottle 0.0026 288 171 297 193
bottle 0.0016 268 140 276 147
bottle 0.0015 492 172 500 233
bottle 0.0015 485 95 499 298
bottle 0.0014 53 273 77 320
bottle 0.0012 287 166 298 183
bottle 0.0012 303 164 317 198
bottle 0.0012 288 181 298 202
chair 0.8823 231 198 254 242
chair 0.4679 417 194 484 303
chair 0.3016 397 180 432 244
chair 0.2034 53 167 85 266
chair 0.1851 43 181 61 218
chair 0.1241 415 188 436 235
chair 0.1102 2 247 61 295
chair 0.0666 237 199 274 263
chair 0.0576 406 168 417 186
chair 0.0436 416 198 457 280
chair 0.0406 409 186 427 235
chair 0.0335 52 176 66 210
chair 0.0319 383 182 434 199
chair 0.0306 382 175 440 229
chair 0.0194 63 178 84 224
chair 0.0184 238 198 310 259
chair 0.0152 55 178 65 201
chair 0.0146 53 157 86 188
chair 0.0143 284 183 429 214
chair 0.0140 68 175 89 211
chair 0.0139 60 254 66 271
chair 0.0129 39 175 69 255
chair 0.0128 384 180 410 188
chair 0.0106 382 186 399 196
chair 0.0105 217 228 248 288
chair 0.0100 378 178 438 191
chair 0.0091 46 189 58 212
chair 0.0085 276 159 310 188
chair 0.0073 259 152 417 283
chair 0.0067 383 182 418 255
chair 0.0065 403 187 420 234
chair 0.0064 217 193 272 246
chair 0.0063 417 193 486 244
chair 0.0057 55 88 278 351
chair 0.0049 384 185 410 195
chair 0.0047 256 160 290 186
chair 0.0046 400 185 437 216
chair 0.0039 48 180 60 202
chair 0.0036 305 172 314 193
chair 0.0036 5 122 79 305
chair 0.0033 25 259 62 280
chair 0.0033 243 233 273 289
chair 0.0032 52 184 68 238
chair 0.0031 62 164 93 233
chair 0.0029 480 205 499 341
chair 0.0029 276 200 308 260
chair 0.0028 403 168 418 196
chair 0.0027 56 253 69 287
chair 0.0027 233 180 240 191
chair 0.0027 47 192 61 247
chair 0.0025 64 185 94 274
chair 0.0024 244 173 251 196
chair 0.0024 298 190 415 239
chair 0.0023 409 172 419 186
chair 0.0023 413 135 497 298
chair 0.0023 446 174 499 329
chair 0.0022 382 188 417 210
chair 0.0022 38 177 68 210
chair 0.0021 59 164 86 200
chair 0.0020 6 248 59 275
chair 0.0020 229 206 248 252
chair 0.0019 52 169 69 200
chair 0.0017 278 207 450 302
chair 0.0017 415 238 449 306
chair 0.0016 415 207 435 251
chair 0.0015 435 280 494 385
chair 0.0015 54 159 112 275
chair 0.0015 55 187 64 213
chair 0.0014 50 139 84 213
chair 0.0014 409 169 439 237
chair 0.0014 54 218 72 261
chair 0.0014 48 178 61 192
chair 0.0013 72 182 85 238
chair 0.0013 38 182 55 218
chair 0.0012 435 283 479 300
chair 0.0011 471 320 500 379
chair 0.0011 407 172 426 212
chair 0.0010 413 208 421 233
chair 0.0010 66 188 79 252
chair 0.0010 173 171 340 280
chair 0.0010 42 130 89 268
chair 0.0010 221 176 231 189
sofa 0.0045 417 194 484 303
sofa 0.0045 259 152 417 283
sofa 0.0030 155 231 491 381
pottedplant 0.0039 304 123 406 282
pottedplant 0.0021 286 164 301 201
diningtable 0.8936 23 237 482 385
diningtable 0.3455 237 193 312 211
diningtable 0.2541 235 191 312 245
diningtable 0.1268 91 287 482 371
diningtable 0.1010 228 184 321 216
diningtable 0.0564 383 182 434 199
diningtable 0.0515 259 152 417 283
diningtable 0.0392 235 200 315 217
diningtable 0.0315 378 178 438 191
diningtable 0.0311 284 183 429 214
diningtable 0.0142 318 293 491 379
diningtable 0.0098 271 188 310 211
diningtable 0.0097 230 188 279 212
diningtable 0.0065 235 190 274 251
diningtable 0.0060 417 328 489 373
diningtable 0.0058 258 199 304 263
diningtable 0.0050 5 303 88 363
diningtable 0.0047 25 259 328 366
diningtable 0.0041 15 280 80 334
diningtable 0.0039 278 167 437 199
diningtable 0.0038 382 175 440 229
diningtable 0.0033 234 182 271 204
diningtable 0.0033 471 320 500 379
diningtable 0.0031 1 296 44 366
diningtable 0.0031 397 180 432 244
diningtable 0.0030 436 299 496 360
diningtable 0.0029 207 289 255 335
diningtable 0.0028 436 308 477 378
diningtable 0.0027 384 180 410 188
diningtable 0.0027 238 150 315 206
diningtable 0.0026 384 186 434 212
diningtable 0.0022 301 186 421 196
diningtable 0.0021 12 281 52 341
diningtable 0.0021 200 178 371 276
diningtable 0.0020 241 193 251 205
diningtable 0.0018 186 146 324 226
diningtable 0.0018 295 194 306 205
diningtable 0.0017 276 187 292 212
diningtable 0.0016 384 185 410 195
diningtable 0.0015 85 119 245 242
diningtable 0.0015 0 247 62 379
diningtable 0.0014 329 309 428 354
diningtable 0.0014 217 141 277 199
diningtable 0.0013 382 186 399 196
diningtable 0.0011 298 190 415 239
diningtable 0.0011 253 187 274 212
diningtable 0.0011 256 194 271 205
diningtable 0.0011 337 336 420 375
diningtable 0.0010 340 286 381 324
diningtable 0.0010 485 301 499 330
diningtable 0.0010 388 306 475 352
