person 0.0115 418 181 501 279
person 0.0065 337 165 344 173
person 0.0054 493 211 499 223
person 0.0052 494 204 500 218
person 0.0040 376 167 382 171
person 0.0023 470 170 476 183
person 0.0022 321 158 325 163
person 0.0021 345 165 353 172
person 0.0017 330 163 338 176
person 0.0010 329 161 334 165
car 0.9938 421 191 499 262
car 0.0059 363 167 375 172
car 0.0038 354 166 367 172
car 0.0029 345 165 353 172
car 0.0022 376 167 382 171
car 0.0020 337 165 344 173
car 0.0016 348 165 388 177
car 0.0013 338 162 344 167
car 0.0011 491 153 497 165
car 0.0010 7 -7 320 215
motorbike 0.0011 418 168 502 266
aeroplane 0.0034 7 -7 320 215
train 0.9936 8 10 321 230
