person 0.4619 384 180 395 203
person 0.3055 170 166 204 195
person 0.1677 359 177 375 209
person 0.1126 362 180 372 202
person 0.0984 402 182 414 202
person 0.0766 264 176 286 205
person 0.0753 100 166 120 198
person 0.0730 227 165 247 203
person 0.0717 15 73 500 309
person 0.0553 490 183 498 203
person 0.0482 388 179 408 205
person 0.0393 103 166 117 181
person 0.0323 410 183 420 201
person 0.0319 492 189 498 209
person 0.0296 393 183 405 203
person 0.0258 208 166 227 202
person 0.0250 372 178 391 207
person 0.0241 230 165 242 185
person 0.0229 266 184 279 202
person 0.0226 169 168 192 191
person 0.0221 186 168 226 200
person 0.0217 162 162 198 190
person 0.0211 150 171 163 188
person 0.0196 385 177 395 194
person 0.0194 471 189 479 211
person 0.0184 469 177 482 211
person 0.0158 362 175 371 194
person 0.0157 494 178 498 188
person 0.0139 483 178 499 207
person 0.0136 373 179 405 206
person 0.0134 401 168 417 202
person 0.0131 472 182 480 204
person 0.0125 405 175 415 194
person 0.0125 103 172 117 192
person 0.0124 214 166 234 202
person 0.0124 358 181 369 204
person 0.0118 95 165 105 181
person 0.0108 186 169 206 199
person 0.0097 356 194 366 207
person 0.0091 172 173 187 187
person 0.0087 150 169 188 192
person 0.0085 478 184 496 201
person 0.0085 191 178 200 190
person 0.0083 376 182 387 204
person 0.0080 181 175 192 186
person 0.0080 264 190 279 206
person 0.0079 80 156 88 168
person 0.0073 114 174 124 195
person 0.0073 303 166 319 201
person 0.0070 231 172 241 188
person 0.0067 177 169 195 180
person 0.0064 191 181 201 197
person 0.0061 115 166 124 179
person 0.0060 270 165 290 203
person 0.0060 178 175 215 204
person 0.0058 391 180 422 205
person 0.0058 95 158 101 170
person 0.0056 212 172 222 191
person 0.0056 392 192 404 205
person 0.0056 353 178 386 209
person 0.0055 385 191 395 205
person 0.0054 362 190 373 207
person 0.0054 375 194 386 206
person 0.0053 89 165 98 180
person 0.0053 232 170 252 208
person 0.0052 304 179 316 201
person 0.0052 260 192 273 206
person 0.0052 88 156 96 170
person 0.0051 210 173 245 208
person 0.0045 275 182 288 202
person 0.0045 402 191 416 205
person 0.0044 285 190 295 209
person 0.0042 478 179 493 189
person 0.0040 90 167 112 196
person 0.0040 334 198 351 208
person 0.0038 108 160 117 171
person 0.0037 162 174 176 188
person 0.0037 407 177 422 204
person 0.0033 229 189 241 208
person 0.0030 219 173 231 190
person 0.0030 261 185 272 202
person 0.0030 285 185 294 202
person 0.0029 483 171 489 176
person 0.0028 382 169 397 201
person 0.0028 92 162 123 188
person 0.0028 148 161 165 189
person 0.0026 410 175 418 195
person 0.0024 256 176 276 205
person 0.0022 175 172 199 206
person 0.0022 171 169 187 182
person 0.0022 77 165 89 180
person 0.0022 480 192 492 205
person 0.0021 392 176 401 192
person 0.0020 359 176 368 192
person 0.0019 399 186 418 210
person 0.0019 269 174 281 192
person 0.0018 410 192 422 205
person 0.0018 165 160 234 200
person 0.0018 493 169 497 177
person 0.0018 457 192 471 209
bicycle 0.0076 492 189 498 209
bicycle 0.0062 471 189 479 211
bicycle 0.0013 480 192 492 205
car 0.5916 476 179 499 204
car 0.4119 88 169 126 197
car 0.2029 67 175 89 212
car 0.0694 457 177 499 207
car 0.0691 100 166 120 198
car 0.0638 490 183 498 203
car 0.0432 457 192 471 209
car 0.0277 111 180 124 198
car 0.0259 90 181 110 196
car 0.0136 102 180 121 197
car 0.0135 70 166 92 200
car 0.0132 63 145 100 203
car 0.0101 478 179 493 189
car 0.0088 91 175 107 191
car 0.0086 92 162 123 188
car 0.0085 454 191 465 208
car 0.0079 71 168 111 196
car 0.0064 71 189 86 211
car 0.0060 494 178 498 188
car 0.0050 492 189 498 209
car 0.0043 103 172 117 192
car 0.0041 457 179 475 210
car 0.0040 87 175 99 191
car 0.0039 70 157 129 202
car 0.0039 472 182 480 204
car 0.0029 97 178 139 200
car 0.0028 88 181 99 197
car 0.0026 471 189 479 211
car 0.0026 73 174 90 190
car 0.0025 110 169 146 199
car 0.0025 103 166 117 181
car 0.0024 71 184 87 202
car 0.0023 85 167 101 196
car 0.0023 461 184 473 203
car 0.0023 95 165 105 181
car 0.0022 5 174 84 212
car 0.0016 67 164 83 204
car 0.0016 469 168 501 222
car 0.0016 58 185 89 215
car 0.0016 469 177 482 211
car 0.0015 483 171 489 176
car 0.0014 452 188 481 211
car 0.0013 471 178 478 189
car 0.0013 469 185 499 211
car 0.0012 480 192 492 205
car 0.0011 64 139 98 154
car 0.0011 118 167 138 201
car 0.0011 493 169 497 177
car 0.0010 77 165 89 180
motorbike 0.0018 492 189 498 209
motorbike 0.0010 68 183 88 215
bus 0.9999 114 92 477 305
bus 0.1130 63 145 100 203
bus 0.0382 64 139 98 154
bus 0.0206 475 172 498 200
bus 0.0085 66 86 135 196
bus 0.0080 60 134 120 189
bus 0.0069 70 145 93 182
bus 0.0042 65 96 136 148
bus 0.0040 70 157 129 202
bus 0.0034 65 104 106 180
bus 0.0024 486 165 499 205
bus 0.0021 8 152 87 211
bus 0.0013 84 126 126 190
bus 0.0013 471 139 499 216
bus 0.0011 494 178 498 188
bus 0.0011 457 177 499 207
bus 0.0011 493 169 497 177
bus 0.0011 66 140 110 167
bus 0.0011 70 157 111 189
bus 0.0010 478 179 493 189
pottedplant 0.0010 64 139 98 154
