person 0.9866 219 124 290 315
person 0.9810 144 102 209 317
person 0.9742 209 120 237 183
person 0.9497 426 166 462 224
person 0.9216 110 88 151 183
person 0.9127 71 96 140 319
person 0.8095 269 135 299 190
person 0.7376 396 165 431 220
person 0.6709 345 162 416 265
person 0.2885 317 160 333 176
person 0.2408 274 136 308 209
person 0.1764 96 99 152 291
person 0.1435 16 112 48 190
person 0.1349 385 164 417 196
person 0.0902 448 221 491 317
person 0.0776 353 147 374 172
person 0.0727 358 153 374 168
person 0.0587 36 119 70 232
person 0.0475 277 156 362 283
person 0.0441 371 163 418 235
person 0.0330 159 107 182 136
person 0.0275 51 128 78 222
person 0.0242 267 138 297 244
person 0.0238 400 177 423 219
person 0.0212 4 104 50 250
person 0.0190 313 160 335 196
person 0.0187 318 158 337 183
person 0.0180 318 146 338 176
person 0.0165 267 132 287 174
person 0.0162 123 101 156 204
person 0.0156 304 153 371 201
person 0.0136 161 116 171 131
person 0.0128 478 200 498 306
person 0.0118 448 217 471 259
person 0.0110 195 125 244 306
person 0.0109 236 120 257 152
person 0.0106 452 265 491 321
person 0.0106 336 176 376 254
person 0.0105 27 112 62 200
person 0.0097 467 278 489 314
person 0.0091 494 181 499 296
person 0.0084 343 153 380 188
person 0.0082 59 93 197 315
person 0.0076 314 149 350 204
person 0.0074 72 94 113 132
person 0.0073 149 120 184 196
person 0.0071 150 112 208 208
person 0.0067 281 135 299 173
person 0.0065 405 192 428 223
person 0.0064 0 104 23 206
person 0.0060 355 144 369 163
person 0.0060 322 154 334 172
person 0.0057 54 138 74 186
person 0.0056 1 106 10 157
person 0.0054 175 135 329 320
person 0.0054 246 133 303 300
person 0.0052 439 218 475 288
person 0.0052 413 222 490 282
person 0.0048 0 110 22 154
person 0.0047 277 157 313 230
person 0.0045 324 157 385 274
person 0.0043 482 128 497 304
person 0.0037 393 174 406 188
person 0.0037 79 94 122 153
person 0.0036 0 124 26 262
person 0.0034 319 165 360 196
person 0.0034 0 111 3 151
person 0.0033 209 143 234 245
person 0.0032 292 164 334 195
person 0.0031 350 162 374 199
person 0.0030 71 99 107 175
person 0.0029 285 142 295 158
person 0.0027 350 147 385 200
person 0.0027 294 175 337 251
person 0.0026 334 166 349 175
person 0.0025 16 80 492 249
person 0.0024 149 111 169 152
person 0.0024 492 225 499 308
person 0.0023 445 131 497 299
person 0.0022 132 142 158 248
person 0.0022 328 148 374 176
person 0.0022 38 115 44 129
person 0.0022 170 136 479 208
person 0.0022 59 142 70 156
person 0.0022 442 282 500 326
person 0.0021 316 159 354 228
person 0.0021 86 94 110 121
person 0.0021 273 133 293 157
person 0.0020 74 97 135 216
person 0.0019 340 152 409 202
person 0.0019 353 130 371 161
person 0.0019 51 95 453 174
person 0.0019 402 175 410 185
person 0.0018 223 262 282 311
person 0.0018 421 192 456 226
person 0.0018 280 147 301 191
person 0.0018 69 123 96 227
person 0.0018 497 215 499 261
person 0.0017 268 145 330 205
person 0.0017 317 158 363 184
bicycle 0.0060 270 175 376 297
car 0.0047 277 156 362 283
car 0.0041 195 125 244 306
car 0.0037 205 192 224 227
car 0.0034 205 164 227 192
car 0.0021 203 154 232 278
car 0.0016 212 118 282 320
car 0.0014 204 170 226 207
car 0.0013 344 164 418 238
motorbike 0.9895 275 168 363 299
motorbike 0.0065 304 153 371 201
motorbike 0.0053 296 179 375 249
motorbike 0.0037 295 165 374 220
motorbike 0.0037 338 192 374 268
motorbike 0.0036 292 183 328 215
motorbike 0.0029 282 180 302 222
motorbike 0.0025 354 171 419 247
motorbike 0.0020 344 168 415 295
motorbike 0.0019 276 236 359 297
motorbike 0.0018 184 156 399 262
motorbike 0.0017 325 169 385 293
motorbike 0.0016 277 157 313 230
motorbike 0.0016 282 177 429 293
motorbike 0.0015 297 165 338 223
motorbike 0.0013 282 201 352 267
motorbike 0.0013 312 175 350 205
motorbike 0.0011 301 155 419 258
motorbike 0.0011 285 176 321 205
motorbike 0.0011 229 149 420 314
motorbike 0.0010 282 136 353 260
motorbike 0.0010 320 238 360 296
bird 0.0017 467 278 489 314
dog 0.0036 354 171 419 247
dog 0.0029 466 279 499 313
dog 0.0014 0 250 36 289
horse 0.0026 285 168 374 298
horse 0.0017 354 171 419 247
bottle 0.3922 413 233 422 259
bottle 0.3328 423 229 435 261
bottle 0.3161 427 231 441 261
bottle 0.1583 424 227 433 248
bottle 0.1427 407 235 416 259
bottle 0.1293 440 238 451 258
bottle 0.0437 430 230 439 246
bottle 0.0419 407 232 413 247
bottle 0.0261 424 226 432 237
bottle 0.0244 421 247 430 262
bottle 0.0210 429 247 440 261
bottle 0.0150 144 205 157 253
bottle 0.0136 416 247 424 261
bottle 0.0125 145 203 155 219
bottle 0.0119 414 227 423 236
bottle 0.0091 438 231 450 245
bottle 0.0062 448 217 471 259
bottle 0.0045 436 226 452 256
bottle 0.0043 144 208 155 226
bottle 0.0041 409 232 446 260
bottle 0.0040 431 227 443 236
bottle 0.0018 467 278 489 314
bottle 0.0017 415 222 447 284
bottle 0.0016 394 230 406 242
bottle 0.0015 142 194 157 228
bottle 0.0012 451 290 462 301
bottle 0.0011 147 219 156 240
bottle 0.0011 382 227 476 280
bottle 0.0010 451 279 464 293
bottle 0.0010 421 239 437 270
chair 0.0048 354 171 419 247
chair 0.0046 356 236 478 325
chair 0.0042 285 168 374 298
chair 0.0026 448 217 471 259
chair 0.0018 436 222 479 318
chair 0.0018 420 214 436 225
chair 0.0015 338 192 374 268
chair 0.0012 478 220 499 323
chair 0.0011 354 186 422 310
chair 0.0010 405 192 428 223
pottedplant 0.8468 393 31 499 115
pottedplant 0.0051 481 22 499 137
pottedplant 0.0029 374 23 507 236
pottedplant 0.0021 487 24 499 68
pottedplant 0.0017 389 300 404 312
pottedplant 0.0010 490 25 498 104
diningtable 0.2806 356 236 478 325
diningtable 0.0340 367 232 469 280
diningtable 0.0082 376 200 487 306
diningtable 0.0024 390 217 475 256
diningtable 0.0021 413 222 490 282
tvmonitor 0.0051 489 85 499 140
