person 0.0013 0 168 12 217
cat 0.0019 0 168 12 217
bottle 0.0448 116 47 142 111
bottle 0.0048 0 168 12 217
bottle 0.0045 360 95 394 176
bottle 0.0039 117 48 128 104
bottle 0.0028 5 49 35 157
bottle 0.0023 120 47 136 91
bottle 0.0021 112 106 144 177
bottle 0.0016 52 192 92 233
bottle 0.0016 349 121 359 170
bottle 0.0013 48 206 81 234
chair 0.1665 0 247 55 372
chair 0.0040 4 221 84 368
chair 0.0020 439 324 499 375
chair 0.0018 0 247 22 375
chair 0.0015 397 119 495 389
diningtable 0.0010 -2 242 88 378
tvmonitor 0.9976 132 7 356 188
tvmonitor 0.0140 4 2 118 134
tvmonitor 0.0054 408 221 492 374
tvmonitor 0.0047 402 126 496 231
tvmonitor 0.0017 171 -2 467 204
tvmonitor 0.0013 94 274 279 359
tvmonitor 0.0013 428 125 500 191
tvmonitor 0.0011 -1 50 31 155
tvmonitor 0.0010 54 -39 449 265
