person 0.9941 12 37 313 389
person 0.1998 1 57 78 237
person 0.0692 3 32 129 305
person 0.0286 0 90 24 240
person 0.0208 2 76 47 286
person 0.0016 0 99 131 230
person 0.0015 0 80 36 177
person 0.0011 1 39 50 182
cat 0.0024 23 280 182 497
dog 0.9950 26 238 183 495
dog 0.0058 47 252 178 394
dog 0.0014 31 232 259 418
dog 0.0011 153 238 318 346
chair 0.1684 50 117 312 370
chair 0.0020 38 211 330 296
sofa 0.0729 14 27 339 344
sofa 0.0025 13 170 362 481
sofa 0.0011 3 32 129 305
diningtable 0.0068 14 27 339 344
