person 0.0462 385 189 413 253
person 0.0348 0 119 51 390
person 0.0297 161 106 174 123
person 0.0211 247 105 283 128
person 0.0125 162 103 172 114
person 0.0103 479 90 494 125
person 0.0099 -1 41 29 351
person 0.0098 0 280 25 377
person 0.0084 390 180 426 251
person 0.0050 150 104 169 128
person 0.0044 1 103 20 254
person 0.0042 158 107 178 143
person 0.0039 141 100 152 115
person 0.0039 -2 201 34 382
person 0.0039 152 109 166 124
person 0.0037 94 105 132 142
person 0.0024 395 115 416 141
person 0.0021 485 84 497 129
person 0.0019 236 90 251 104
person 0.0019 141 106 154 120
person 0.0018 150 114 170 157
person 0.0017 -3 70 63 289
person 0.0015 464 158 487 201
person 0.0014 139 100 158 128
person 0.0011 151 121 165 128
person 0.0011 487 153 499 196
person 0.0010 0 84 14 126
boat 0.0010 475 201 500 238
cat 0.0141 94 105 132 142
cat 0.0034 247 105 283 128
cat 0.0017 387 206 410 256
cat 0.0010 479 90 494 125
dog 0.0084 387 206 410 256
dog 0.0016 94 105 132 142
bottle 0.0650 457 218 472 261
bottle 0.0303 0 119 51 390
bottle 0.0201 220 182 229 201
bottle 0.0048 152 197 165 213
bottle 0.0047 492 183 498 200
bottle 0.0040 212 186 223 201
bottle 0.0039 76 234 100 263
bottle 0.0036 462 220 470 239
bottle 0.0035 230 178 242 201
bottle 0.0032 0 153 12 192
bottle 0.0032 494 169 499 195
bottle 0.0030 91 147 332 233
bottle 0.0029 487 158 499 203
bottle 0.0028 28 94 473 286
bottle 0.0028 130 180 287 269
bottle 0.0026 161 197 175 214
bottle 0.0026 1 165 23 305
bottle 0.0025 0 134 5 152
bottle 0.0025 3 192 42 283
bottle 0.0025 0 150 4 177
bottle 0.0023 464 216 471 231
bottle 0.0020 66 163 76 184
bottle 0.0020 385 189 413 253
bottle 0.0020 63 157 77 191
bottle 0.0019 0 65 31 366
bottle 0.0019 238 173 248 193
bottle 0.0018 0 124 4 146
bottle 0.0016 459 228 469 253
bottle 0.0016 240 169 247 182
bottle 0.0014 224 176 232 193
bottle 0.0011 205 238 226 262
bottle 0.0011 15 148 340 325
bottle 0.0011 494 160 498 185
bottle 0.0011 1 163 8 184
bottle 0.0011 188 196 202 205
bottle 0.0010 493 203 498 221
bottle 0.0010 0 120 7 187
chair 0.7187 205 115 246 174
chair 0.5403 94 150 141 217
chair 0.3147 457 149 497 212
chair 0.2749 151 128 169 161
chair 0.1541 243 125 287 185
chair 0.1232 291 116 386 174
chair 0.1222 349 166 409 222
chair 0.0702 182 129 206 173
chair 0.0674 351 147 424 210
chair 0.0493 209 146 242 177
chair 0.0447 0 164 50 379
chair 0.0386 0 280 25 377
chair 0.0345 9 166 82 239
chair 0.0322 133 115 165 169
chair 0.0292 464 153 486 197
chair 0.0277 245 107 287 138
chair 0.0255 142 118 177 166
chair 0.0235 395 115 417 148
chair 0.0231 435 141 499 260
chair 0.0214 345 130 410 186
chair 0.0207 210 120 244 149
chair 0.0200 160 179 212 200
chair 0.0178 448 197 498 350
chair 0.0170 469 196 499 271
chair 0.0166 107 113 398 194
chair 0.0162 487 153 499 196
chair 0.0156 60 172 101 227
chair 0.0150 309 196 335 315
chair 0.0145 133 121 150 168
chair 0.0142 207 124 277 180
chair 0.0133 36 166 99 235
chair 0.0129 177 124 197 130
chair 0.0123 474 213 497 333
chair 0.0122 157 112 177 158
chair 0.0115 280 118 424 193
chair 0.0104 297 152 343 318
chair 0.0104 330 136 473 231
chair 0.0099 474 153 497 196
chair 0.0094 154 140 166 161
chair 0.0093 417 151 492 210
chair 0.0088 157 173 214 193
chair 0.0085 453 121 496 198
chair 0.0081 300 121 342 146
chair 0.0079 170 118 182 128
chair 0.0078 93 181 107 221
chair 0.0075 70 193 94 230
chair 0.0075 307 141 358 295
chair 0.0073 301 249 328 336
chair 0.0070 151 121 165 128
chair 0.0068 200 133 217 174
chair 0.0065 457 245 497 337
chair 0.0060 163 118 175 127
chair 0.0059 385 189 413 253
chair 0.0056 434 143 473 212
chair 0.0054 266 180 335 330
chair 0.0053 229 128 436 225
chair 0.0053 410 94 482 214
chair 0.0053 215 123 240 164
chair 0.0052 456 212 491 296
chair 0.0051 363 172 457 219
chair 0.0048 290 121 311 148
chair 0.0048 142 179 225 215
chair 0.0046 319 173 344 298
chair 0.0045 162 133 172 156
chair 0.0042 166 127 184 159
chair 0.0041 133 145 144 202
chair 0.0040 417 180 453 253
chair 0.0039 457 175 495 256
chair 0.0039 285 116 304 151
chair 0.0036 134 128 194 181
chair 0.0035 97 150 188 212
chair 0.0033 28 94 473 286
chair 0.0033 494 160 498 185
chair 0.0032 170 112 181 123
chair 0.0031 477 251 499 371
chair 0.0030 291 125 332 160
chair 0.0030 4 214 43 290
chair 0.0030 102 140 398 228
chair 0.0029 340 122 384 146
chair 0.0029 403 144 465 206
chair 0.0029 167 121 242 167
chair 0.0029 90 111 152 164
chair 0.0028 467 165 500 382
chair 0.0027 -1 120 60 311
chair 0.0027 53 127 71 163
chair 0.0026 351 168 405 195
chair 0.0025 161 106 174 123
chair 0.0024 172 127 206 158
chair 0.0024 301 122 322 147
chair 0.0024 154 134 177 166
chair 0.0024 293 125 308 139
chair 0.0024 292 149 385 195
chair 0.0024 198 133 237 175
chair 0.0024 356 147 399 173
chair 0.0024 468 151 499 179
chair 0.0023 390 180 426 251
chair 0.0023 428 102 464 141
chair 0.0023 214 110 237 141
chair 0.0022 109 117 180 168
chair 0.0022 183 150 207 174
sofa 0.8171 292 120 388 184
sofa 0.1173 346 147 413 211
sofa 0.1027 205 115 246 174
sofa 0.0302 345 130 410 186
sofa 0.0284 285 133 442 228
sofa 0.0259 143 115 436 191
sofa 0.0255 243 125 287 185
sofa 0.0182 350 165 397 225
sofa 0.0159 281 116 359 169
sofa 0.0128 207 124 277 180
sofa 0.0093 94 150 141 217
sofa 0.0085 292 149 385 195
sofa 0.0079 138 136 431 223
sofa 0.0077 434 149 500 282
sofa 0.0075 245 107 287 138
sofa 0.0067 0 280 25 377
sofa 0.0066 457 149 497 212
sofa 0.0064 209 146 242 177
sofa 0.0052 374 129 492 239
sofa 0.0049 300 121 342 146
sofa 0.0040 363 172 457 219
sofa 0.0036 436 161 498 224
sofa 0.0033 325 113 482 203
sofa 0.0033 142 118 177 166
sofa 0.0030 151 131 215 181
sofa 0.0030 410 94 482 214
sofa 0.0030 133 115 165 169
sofa 0.0027 210 120 244 149
sofa 0.0026 182 129 206 173
sofa 0.0026 306 123 364 270
sofa 0.0025 167 121 242 167
sofa 0.0025 238 116 311 171
sofa 0.0025 352 141 425 247
sofa 0.0024 300 122 382 144
sofa 0.0023 90 111 152 164
sofa 0.0022 469 187 500 255
sofa 0.0022 288 111 386 142
sofa 0.0021 357 153 463 206
sofa 0.0021 109 117 180 168
sofa 0.0021 83 110 418 264
sofa 0.0020 417 151 492 210
sofa 0.0019 25 119 475 337
sofa 0.0018 91 147 332 233
sofa 0.0016 348 148 396 177
sofa 0.0016 151 128 169 161
sofa 0.0016 351 168 405 195
sofa 0.0014 400 125 468 195
sofa 0.0013 385 189 413 253
sofa 0.0011 198 133 237 175
sofa 0.0011 290 145 332 180
sofa 0.0011 0 164 50 379
sofa 0.0010 245 114 482 270
sofa 0.0010 291 125 332 160
sofa 0.0010 292 119 335 186
pottedplant 0.9421 403 92 467 214
pottedplant 0.4225 479 90 494 125
pottedplant 0.1640 427 96 466 135
pottedplant 0.1467 408 91 469 149
pottedplant 0.0766 94 105 132 142
pottedplant 0.0495 247 105 283 128
pottedplant 0.0239 426 94 467 180
pottedplant 0.0189 466 148 499 210
pottedplant 0.0178 325 81 363 110
pottedplant 0.0175 0 107 64 165
pottedplant 0.0164 469 187 500 255
pottedplant 0.0119 0 74 21 166
pottedplant 0.0114 444 98 467 132
pottedplant 0.0109 481 95 492 119
pottedplant 0.0092 485 84 497 129
pottedplant 0.0089 417 80 476 132
pottedplant 0.0089 483 106 490 123
pottedplant 0.0080 403 144 465 206
pottedplant 0.0078 487 158 499 203
pottedplant 0.0075 90 111 152 164
pottedplant 0.0061 241 109 288 179
pottedplant 0.0058 -1 78 64 201
pottedplant 0.0056 475 201 500 238
pottedplant 0.0054 434 143 473 212
pottedplant 0.0052 417 151 492 210
pottedplant 0.0052 0 84 14 126
pottedplant 0.0048 248 107 294 139
pottedplant 0.0048 423 135 490 262
pottedplant 0.0047 433 163 498 308
pottedplant 0.0046 410 104 483 168
pottedplant 0.0044 412 126 484 194
pottedplant 0.0037 492 183 498 200
pottedplant 0.0036 414 58 479 187
pottedplant 0.0033 473 71 499 132
pottedplant 0.0032 432 213 471 287
pottedplant 0.0028 437 102 461 142
pottedplant 0.0026 456 212 491 296
pottedplant 0.0026 414 136 459 170
pottedplant 0.0023 492 108 497 125
pottedplant 0.0023 448 197 498 350
pottedplant 0.0023 420 94 457 121
pottedplant 0.0022 92 110 148 212
pottedplant 0.0022 436 95 470 121
pottedplant 0.0022 394 121 427 193
pottedplant 0.0021 -3 33 30 288
pottedplant 0.0020 491 119 498 128
pottedplant 0.0019 458 104 468 125
pottedplant 0.0019 455 155 495 230
pottedplant 0.0019 337 107 346 121
pottedplant 0.0017 491 166 498 236
pottedplant 0.0017 472 104 499 181
pottedplant 0.0017 479 118 491 127
pottedplant 0.0016 453 121 496 198
pottedplant 0.0015 434 271 446 284
pottedplant 0.0014 439 107 501 215
pottedplant 0.0014 437 97 456 110
pottedplant 0.0014 124 118 135 134
pottedplant 0.0013 435 251 456 285
pottedplant 0.0013 178 70 189 81
pottedplant 0.0013 193 118 201 129
pottedplant 0.0012 6 137 103 240
pottedplant 0.0012 475 158 497 202
pottedplant 0.0012 453 75 487 129
pottedplant 0.0011 367 131 462 190
pottedplant 0.0011 0 30 19 135
pottedplant 0.0011 494 169 499 195
pottedplant 0.0011 414 164 455 202
pottedplant 0.0011 464 158 487 201
pottedplant 0.0010 451 107 465 124
pottedplant 0.0010 494 86 496 127
pottedplant 0.0010 395 177 417 204
diningtable 0.9268 20 177 333 367
diningtable 0.0191 469 196 499 271
diningtable 0.0139 157 173 214 193
diningtable 0.0072 177 124 197 130
diningtable 0.0064 300 122 382 144
diningtable 0.0056 60 172 101 227
diningtable 0.0056 158 169 216 180
diningtable 0.0053 448 197 498 350
diningtable 0.0047 25 119 475 337
diningtable 0.0046 187 131 206 136
diningtable 0.0042 130 180 287 269
diningtable 0.0041 467 122 500 197
diningtable 0.0037 210 120 244 149
diningtable 0.0037 182 130 205 159
diningtable 0.0035 302 119 380 135
diningtable 0.0034 178 128 200 134
diningtable 0.0029 474 213 497 333
diningtable 0.0027 433 163 498 308
diningtable 0.0025 61 197 295 320
diningtable 0.0024 491 119 498 128
diningtable 0.0023 156 129 176 160
diningtable 0.0022 228 112 291 175
diningtable 0.0020 39 257 298 360
diningtable 0.0020 171 125 206 145
diningtable 0.0018 444 118 503 169
diningtable 0.0016 142 179 225 215
diningtable 0.0015 158 125 197 160
diningtable 0.0014 260 195 328 209
diningtable 0.0013 144 163 224 198
diningtable 0.0013 291 116 386 174
diningtable 0.0012 151 121 165 128
diningtable 0.0012 301 132 379 154
diningtable 0.0012 107 143 393 311
diningtable 0.0012 0 203 50 377
diningtable 0.0011 94 150 141 217
diningtable 0.0010 487 153 499 196
diningtable 0.0010 133 123 169 166
tvmonitor 0.0908 325 81 363 110
tvmonitor 0.0254 228 83 258 110
tvmonitor 0.0074 95 153 140 223
tvmonitor 0.0031 88 79 112 105
tvmonitor 0.0031 182 130 205 159
tvmonitor 0.0021 469 196 499 271
tvmonitor 0.0014 310 79 372 119
tvmonitor 0.0012 9 161 77 263
