person 0.2146 183 179 190 186
person 0.1247 191 179 198 186
person 0.0951 147 178 155 187
person 0.0936 153 178 161 187
person 0.0797 178 179 184 187
person 0.0580 97 180 106 186
person 0.0405 104 180 112 187
person 0.0292 133 179 141 187
person 0.0288 126 180 135 186
person 0.0229 162 179 169 186
person 0.0120 204 179 211 185
person 0.0087 212 180 220 187
person 0.0052 220 181 227 188
person 0.0030 263 180 270 188
person 0.0022 118 180 125 187
person 0.0018 76 180 84 185
person 0.0014 267 179 274 188
person 0.0014 91 180 97 187
person 0.0010 153 182 160 195
train 0.9887 3 156 319 216
train 0.0023 5 131 318 198
