person 0.9441 145 124 184 165
person 0.5133 184 114 223 167
person 0.2017 494 129 499 158
person 0.0269 145 119 213 166
person 0.0219 496 124 499 147
person 0.0201 492 122 500 164
person 0.0187 0 114 2 171
person 0.0162 0 116 4 170
person 0.0148 0 123 2 145
person 0.0119 194 116 219 154
person 0.0105 97 54 424 285
person 0.0094 243 149 265 175
person 0.0080 285 131 302 174
person 0.0074 292 131 309 175
person 0.0071 494 114 499 189
person 0.0070 496 133 498 168
person 0.0069 185 125 211 163
person 0.0069 46 118 58 127
person 0.0042 147 146 154 159
person 0.0037 259 120 273 166
person 0.0034 0 102 3 200
person 0.0030 172 128 237 172
person 0.0029 194 125 233 162
person 0.0024 481 107 494 161
person 0.0023 187 113 221 141
person 0.0023 497 113 499 137
person 0.0021 0 118 2 134
person 0.0021 189 118 206 132
person 0.0019 177 125 197 162
person 0.0018 432 124 445 141
person 0.0018 192 132 217 169
person 0.0017 204 125 224 160
person 0.0014 285 113 303 157
person 0.0014 217 131 236 159
person 0.0012 292 111 308 159
person 0.0012 219 136 232 154
person 0.0012 218 141 230 160
person 0.0012 211 137 220 151
person 0.0011 68 119 79 128
person 0.0011 120 117 183 167
person 0.0011 210 127 220 140
person 0.0011 201 118 214 133
person 0.0010 259 110 296 172
person 0.0010 294 132 304 156
person 0.0010 211 146 221 157
person 0.0010 260 123 272 144
person 0.0010 126 143 134 163
car 0.0072 494 129 499 158
car 0.0058 496 124 499 147
car 0.0028 0 114 2 171
car 0.0017 497 113 499 137
car 0.0013 0 123 2 145
bus 0.9997 99 37 426 275
bus 0.9982 27 49 115 193
bus 0.0010 403 81 424 198
