bicycle 0.0017 80 67 293 292
boat 0.0034 407 65 500 322
cat 0.9997 89 93 301 306
cat 0.0232 99 148 272 276
chair 0.1998 91 238 463 332
chair 0.0365 120 88 377 322
chair 0.0058 93 133 279 330
chair 0.0029 99 13 476 341
chair 0.0025 407 65 500 322
chair 0.0017 412 260 444 328
chair 0.0016 102 285 180 331
chair 0.0011 90 263 166 329
pottedplant 0.0010 80 67 293 292
diningtable 0.1961 91 238 463 332
diningtable 0.0088 120 88 377 322
diningtable 0.0022 90 214 427 295
tvmonitor 0.0020 397 65 503 296
tvmonitor 0.0012 177 0 268 42
