person 0.2176 439 177 461 274
person 0.0741 338 104 416 160
person 0.0446 317 126 395 166
person 0.0117 348 122 427 166
person 0.0117 136 168 145 184
person 0.0094 106 167 115 182
person 0.0091 356 121 404 149
person 0.0086 127 25 501 302
person 0.0083 296 103 374 157
person 0.0072 349 133 392 153
person 0.0048 336 122 384 149
person 0.0032 301 83 430 172
person 0.0027 325 131 378 158
person 0.0027 143 168 152 184
person 0.0025 302 140 340 168
person 0.0025 0 176 5 190
person 0.0023 105 173 113 186
person 0.0022 281 123 355 169
person 0.0018 295 101 337 162
person 0.0017 320 121 362 147
person 0.0017 379 123 414 148
person 0.0016 0 183 4 198
person 0.0015 266 140 302 170
person 0.0015 99 174 106 186
person 0.0014 99 169 107 181
person 0.0012 315 139 366 166
person 0.0012 334 139 386 164
person 0.0011 226 154 257 215
person 0.0010 126 174 133 188
person 0.0010 117 173 124 189
person 0.0010 299 119 344 146
car 0.0073 0 176 5 190
car 0.0043 0 169 5 180
car 0.0025 0 183 4 198
car 0.0016 0 193 5 211
bus 0.9997 84 22 470 311
bus 0.0011 0 176 5 190
train 0.0070 80 -4 483 271
