person 0.7626 376 149 390 181
person 0.1142 381 153 391 173
person 0.0632 429 155 450 188
person 0.0587 424 150 434 162
person 0.0582 433 151 442 160
person 0.0230 414 149 424 163
person 0.0166 440 152 451 159
person 0.0132 379 150 387 162
person 0.0127 432 155 443 164
person 0.0085 382 150 390 162
person 0.0067 395 147 405 162
person 0.0050 448 153 462 160
person 0.0048 413 156 424 165
person 0.0035 493 154 498 171
person 0.0029 437 157 454 164
person 0.0027 494 148 499 161
person 0.0026 402 149 412 161
person 0.0025 448 156 464 165
person 0.0022 382 163 391 178
person 0.0017 379 142 394 172
person 0.0016 420 157 458 187
person 0.0015 373 150 404 179
person 0.0013 193 99 288 135
person 0.0013 486 168 500 179
person 0.0011 377 163 387 178
person 0.0010 409 145 466 161
car 0.0145 448 156 464 165
car 0.0030 448 153 462 160
car 0.0022 24 54 444 370
car 0.0013 437 154 494 170
car 0.0010 494 148 499 161
aeroplane 0.0016 25 1 445 321
bus 0.0010 17 14 451 359
train 0.9992 -5 12 441 359
train 0.1909 402 130 495 179
train 0.0119 375 133 456 177
train 0.0052 417 153 491 190
train 0.0039 409 145 466 161
train 0.0027 404 134 470 156
train 0.0023 427 155 467 171
train 0.0023 471 125 499 192
train 0.0022 338 122 482 190
train 0.0021 427 146 484 162
train 0.0020 455 131 493 189
train 0.0019 437 154 494 170
train 0.0012 448 153 462 160
train 0.0011 393 143 442 163
boat 0.0011 486 168 500 179
chair 0.0014 488 172 499 186
chair 0.0010 486 168 500 179
diningtable 0.0067 486 168 500 179
diningtable 0.0024 24 54 444 370
diningtable 0.0015 488 172 499 186
diningtable 0.0014 478 170 496 180
