person 0.9963 48 209 128 336
person 0.0749 414 188 427 228
person 0.0098 114 141 480 313
person 0.0043 381 193 394 202
person 0.0040 414 190 423 213
person 0.0036 473 214 484 232
person 0.0026 426 203 444 232
person 0.0025 47 271 59 284
person 0.0023 430 208 440 229
person 0.0019 417 191 434 231
person 0.0016 265 247 331 295
person 0.0013 383 188 395 200
person 0.0012 44 251 61 284
person 0.0012 90 237 132 316
person 0.0011 476 217 487 234
car 0.0017 135 142 494 312
aeroplane 0.0039 0 22 9 29
bus 0.0012 135 142 494 312
train 0.9997 136 117 490 292
bird 0.0542 70 109 88 118
bird 0.0261 0 22 9 29
bird 0.0020 116 61 121 64
bird 0.0017 0 15 6 25
bird 0.0014 234 14 241 19
pottedplant 0.0028 417 247 489 329
