person 0.0211 157 140 239 209
person 0.0064 246 173 283 204
person 0.0047 196 139 237 208
person 0.0020 167 191 208 208
person 0.0014 99 134 324 256
person 0.0010 228 172 288 219
car 0.0084 91 132 388 294
motorbike 0.0035 59 134 312 295
aeroplane 0.1323 91 132 388 294
bus 0.0042 89 123 391 277
train 0.0016 59 134 312 295
boat 0.9751 82 123 342 279
boat 0.0028 0 107 430 340
boat 0.0013 208 172 276 224
bird 0.5290 246 173 283 204
bird 0.0116 157 140 239 209
bird 0.0116 200 131 230 156
bird 0.0115 267 177 281 193
bird 0.0108 196 133 237 175
bird 0.0093 196 139 237 208
bird 0.0061 260 177 282 201
bird 0.0056 228 172 288 219
bird 0.0054 204 144 243 179
bird 0.0033 257 183 273 199
bird 0.0029 255 176 276 191
bird 0.0029 222 176 271 206
bird 0.0022 205 133 226 151
bird 0.0016 89 123 391 277
bird 0.0011 221 149 242 177
cat 0.0068 246 173 283 204
dog 0.0107 246 173 283 204
cow 0.0039 89 123 391 277
chair 0.0029 208 172 276 224
chair 0.0016 491 19 499 39
chair 0.0013 409 4 496 46
diningtable 0.0252 58 118 315 283
