person 0.0022 0 101 106 227
person 0.0014 397 134 498 271
person 0.0012 432 62 437 69
car 0.0036 241 62 264 72
car 0.0015 235 60 269 78
car 0.0014 486 109 499 143
bird 0.0120 0 101 106 227
dog 0.0058 0 101 106 227
dog 0.0024 406 139 499 282
dog 0.0023 82 120 229 280
dog 0.0012 276 112 360 189
dog 0.0010 237 144 329 310
horse 0.0212 -2 103 97 243
horse 0.0020 387 65 406 73
sheep 0.9935 406 139 499 282
sheep 0.9923 237 137 328 306
sheep 0.9707 78 122 222 297
sheep 0.9359 -2 103 97 243
sheep 0.7506 276 111 359 176
sheep 0.2383 118 128 156 144
sheep 0.1419 387 65 406 73
sheep 0.0828 436 130 459 141
sheep 0.0636 449 133 483 153
sheep 0.0608 407 125 430 138
sheep 0.0510 486 109 499 143
sheep 0.0469 457 127 491 145
sheep 0.0468 399 124 437 141
sheep 0.0454 427 129 446 140
sheep 0.0450 77 125 163 145
sheep 0.0355 490 113 499 137
sheep 0.0327 399 127 419 138
sheep 0.0315 232 70 255 81
sheep 0.0257 237 135 273 156
sheep 0.0249 428 126 465 143
sheep 0.0249 78 124 109 147
sheep 0.0248 414 127 438 139
sheep 0.0243 434 118 458 127
sheep 0.0238 444 128 464 138
sheep 0.0216 492 120 499 145
sheep 0.0201 353 67 362 73
sheep 0.0199 228 66 264 82
sheep 0.0180 450 137 480 164
sheep 0.0176 321 114 359 151
sheep 0.0138 408 134 443 153
sheep 0.0130 434 114 459 123
sheep 0.0125 455 130 481 140
sheep 0.0104 398 123 476 157
sheep 0.0062 457 112 495 140
sheep 0.0062 241 62 264 72
sheep 0.0061 472 62 479 67
sheep 0.0054 429 116 465 134
sheep 0.0053 455 116 472 129
sheep 0.0053 460 133 486 146
sheep 0.0050 16 117 164 237
sheep 0.0048 236 64 258 74
sheep 0.0047 445 120 468 130
sheep 0.0043 210 54 244 77
sheep 0.0043 422 133 472 152
sheep 0.0042 429 122 448 131
sheep 0.0040 0 100 25 214
sheep 0.0038 413 124 437 133
sheep 0.0034 432 62 437 69
sheep 0.0033 479 147 499 284
sheep 0.0031 66 121 152 154
sheep 0.0031 446 137 471 149
sheep 0.0030 347 66 360 73
sheep 0.0028 235 60 269 78
sheep 0.0024 435 135 456 145
sheep 0.0021 449 113 467 123
sheep 0.0021 314 114 351 141
sheep 0.0021 233 116 329 163
sheep 0.0020 408 140 469 163
sheep 0.0020 6 108 124 145
sheep 0.0020 455 113 471 124
sheep 0.0019 405 121 449 136
sheep 0.0019 412 131 484 176
sheep 0.0019 490 110 499 176
sheep 0.0018 464 65 471 70
sheep 0.0018 190 67 202 74
sheep 0.0017 180 67 196 74
sheep 0.0017 494 104 498 130
sheep 0.0017 444 114 486 136
sheep 0.0016 311 120 358 185
sheep 0.0016 496 130 499 153
sheep 0.0016 480 113 494 133
sheep 0.0015 436 111 473 126
sheep 0.0014 293 115 351 151
sheep 0.0014 400 103 495 145
sheep 0.0013 87 125 109 139
sheep 0.0013 304 83 498 146
sheep 0.0012 495 166 499 296
sheep 0.0012 402 63 410 69
sheep 0.0011 428 135 448 146
sheep 0.0011 395 127 409 136
sheep 0.0011 4 102 37 128
sheep 0.0010 283 111 341 139
cow 0.0763 387 65 406 73
cow 0.0335 394 137 503 285
cow 0.0183 237 144 329 310
cow 0.0165 -2 103 97 243
cow 0.0154 82 125 232 297
cow 0.0029 353 67 362 73
cow 0.0028 276 112 360 189
