person 0.0074 372 139 387 150
person 0.0025 0 100 5 114
person 0.0018 368 136 378 147
person 0.0016 494 111 499 124
person 0.0015 52 99 491 290
person 0.0015 1 106 6 119
person 0.0015 365 129 376 143
person 0.0013 273 134 313 159
person 0.0013 31 107 36 112
person 0.0010 143 147 155 157
car 0.9885 32 112 472 284
car 0.8565 438 140 501 221
car 0.5945 393 135 497 215
car 0.5852 396 131 494 175
car 0.4253 386 145 409 155
car 0.1540 380 144 415 160
car 0.1192 379 146 402 155
car 0.1155 62 139 121 154
car 0.0682 368 137 409 154
car 0.0652 62 137 186 174
car 0.0546 402 139 489 161
car 0.0297 398 143 415 151
car 0.0216 378 143 402 151
car 0.0170 57 124 187 161
car 0.0159 427 136 504 155
car 0.0153 372 146 391 155
car 0.0144 397 145 415 154
car 0.0116 74 140 165 154
car 0.0107 48 122 224 184
car 0.0090 389 144 468 165
car 0.0087 67 143 132 156
car 0.0080 366 125 413 149
car 0.0074 372 139 387 150
car 0.0046 57 140 110 161
car 0.0046 362 143 402 163
car 0.0038 45 134 133 170
car 0.0037 375 150 421 170
car 0.0034 492 135 499 154
car 0.0031 49 137 99 152
car 0.0029 431 123 503 168
car 0.0027 76 140 104 149
car 0.0026 368 135 462 172
car 0.0022 446 129 499 192
car 0.0020 479 130 490 137
car 0.0020 60 139 84 150
car 0.0019 390 155 465 169
car 0.0019 468 135 499 155
car 0.0018 69 113 352 186
car 0.0018 389 138 423 153
car 0.0018 452 139 500 165
car 0.0017 476 138 498 151
car 0.0017 475 137 500 168
car 0.0014 72 140 90 149
car 0.0014 493 124 498 142
car 0.0014 493 142 498 162
car 0.0012 479 119 502 197
car 0.0010 488 133 499 174
car 0.0010 409 141 423 149
car 0.0010 379 152 400 168
car 0.0010 101 144 177 159
motorbike 0.0010 437 142 500 237
bus 0.0011 437 105 504 221
bus 0.0010 393 135 497 215
bird 0.0031 31 107 36 112
