person 0.7046 125 89 133 104
person 0.2921 72 81 105 159
person 0.2733 53 133 95 213
person 0.2699 88 84 107 127
person 0.1278 120 94 127 113
person 0.1220 124 92 131 113
person 0.0924 119 90 127 104
person 0.0849 195 89 201 99
person 0.0393 185 90 190 100
person 0.0362 103 90 111 104
person 0.0347 90 57 98 78
person 0.0317 69 169 89 212
person 0.0314 98 93 108 117
person 0.0282 63 76 108 205
person 0.0234 67 127 90 177
person 0.0230 99 87 108 106
person 0.0224 62 152 94 238
person 0.0206 56 103 94 181
person 0.0181 91 93 105 154
person 0.0164 82 93 101 155
person 0.0162 102 94 111 112
person 0.0159 175 89 181 98
person 0.0145 200 90 206 100
person 0.0116 114 88 129 120
person 0.0111 126 84 133 94
person 0.0110 194 86 200 93
person 0.0081 297 68 304 79
person 0.0079 74 114 95 156
person 0.0078 120 82 136 111
person 0.0077 121 88 133 120
person 0.0072 84 73 115 132
person 0.0070 88 65 96 84
person 0.0060 175 86 180 93
person 0.0056 166 90 171 99
person 0.0051 89 70 108 108
person 0.0048 44 124 97 271
person 0.0044 59 111 105 243
person 0.0044 108 62 115 77
person 0.0036 96 101 105 124
person 0.0035 186 86 191 93
person 0.0033 195 98 202 111
person 0.0031 109 67 116 81
person 0.0031 185 96 191 111
person 0.0029 194 108 201 120
person 0.0028 147 89 153 100
person 0.0028 100 89 115 120
person 0.0027 87 76 97 95
person 0.0026 119 101 126 124
person 0.0025 118 81 125 93
person 0.0025 154 99 159 111
person 0.0023 95 79 105 97
person 0.0023 166 86 171 92
person 0.0021 67 175 93 294
person 0.0021 203 109 211 121
person 0.0020 82 85 113 187
person 0.0020 85 68 101 107
person 0.0020 135 89 140 101
person 0.0019 116 93 128 135
person 0.0019 166 100 171 111
person 0.0018 202 84 207 91
person 0.0018 147 85 153 92
person 0.0016 79 117 98 168
person 0.0015 202 97 208 112
person 0.0013 86 57 99 93
person 0.0013 62 158 86 210
person 0.0012 73 192 84 209
person 0.0012 155 91 160 102
person 0.0011 115 72 121 83
person 0.0011 87 84 97 106
person 0.0011 93 58 100 75
person 0.0011 73 47 104 124
person 0.0010 91 81 129 112
train 0.9966 -8 -9 270 377
train 0.2417 28 -13 222 256
