person 0.9965 365 158 495 324
person 0.9863 1 47 95 175
person 0.9779 430 72 486 130
person 0.9711 166 38 214 94
person 0.9686 124 38 177 91
person 0.9669 88 41 128 90
person 0.9421 268 61 320 100
person 0.9195 397 72 434 128
person 0.6413 0 29 21 68
person 0.1468 383 224 501 331
person 0.0466 1 32 7 61
person 0.0327 0 13 4 40
person 0.0240 1 12 11 61
person 0.0181 1 20 5 50
person 0.0152 22 48 101 104
person 0.0129 400 98 433 125
person 0.0120 399 69 432 103
person 0.0112 0 38 25 121
person 0.0065 1 55 25 176
person 0.0046 0 -13 7 50
person 0.0043 6 45 18 66
person 0.0042 1 23 10 105
person 0.0042 0 2 2 35
person 0.0037 394 88 438 173
person 0.0033 398 73 467 130
person 0.0027 266 76 287 100
person 0.0025 400 71 421 119
person 0.0021 37 50 85 78
person 0.0020 8 27 257 89
person 0.0020 60 57 435 114
person 0.0020 15 38 485 219
person 0.0020 65 32 429 87
person 0.0018 0 35 7 114
person 0.0015 0 39 21 87
person 0.0015 1 51 4 75
person 0.0013 287 61 315 94
person 0.0012 427 194 503 321
person 0.0012 494 68 500 139
person 0.0010 476 213 499 296
person 0.0010 497 77 499 130
bicycle 0.0025 0 59 106 174
motorbike 0.0413 383 224 501 331
motorbike 0.0038 410 263 499 328
motorbike 0.0021 400 278 462 329
motorbike 0.0019 365 158 495 324
dog 0.0053 383 224 501 331
horse 0.0048 383 224 501 331
