person 0.9997 255 95 391 354
person 0.9859 382 145 496 366
person 0.7890 351 144 430 288
person 0.2250 407 217 502 367
person 0.2118 430 166 501 343
person 0.1006 390 145 431 209
person 0.0844 373 157 453 315
person 0.0666 398 153 421 191
person 0.0621 378 150 415 210
person 0.0580 355 213 399 288
person 0.0429 411 150 495 282
person 0.0424 446 141 486 171
person 0.0397 429 149 464 175
person 0.0290 352 176 390 253
person 0.0212 414 149 438 176
person 0.0161 416 144 485 207
person 0.0158 371 188 410 283
person 0.0150 378 203 388 214
person 0.0139 437 143 460 168
person 0.0123 261 128 331 188
person 0.0121 446 144 461 158
person 0.0119 432 158 447 170
person 0.0110 449 146 492 212
person 0.0106 398 136 436 169
person 0.0105 382 188 414 216
person 0.0103 398 148 436 179
person 0.0097 436 155 453 168
person 0.0097 476 155 499 189
person 0.0095 9 2 210 370
person 0.0094 295 139 381 291
person 0.0092 419 151 454 176
person 0.0089 437 140 497 183
person 0.0088 441 147 457 162
person 0.0086 361 161 425 223
person 0.0070 418 156 435 171
person 0.0063 405 156 416 171
person 0.0061 474 165 499 268
person 0.0055 411 159 421 171
person 0.0050 445 172 496 261
person 0.0049 418 165 434 177
person 0.0049 421 143 436 160
person 0.0045 450 142 462 152
person 0.0043 462 143 485 169
person 0.0043 470 150 500 211
person 0.0042 248 148 282 180
person 0.0041 355 207 388 239
person 0.0040 383 138 440 187
person 0.0039 492 152 498 172
person 0.0038 359 187 381 212
person 0.0030 422 139 435 154
person 0.0029 235 96 346 208
person 0.0028 492 148 498 162
person 0.0026 392 132 430 158
person 0.0025 376 197 384 208
person 0.0024 480 185 498 322
person 0.0023 411 157 444 185
person 0.0022 487 153 499 211
person 0.0021 71 21 264 341
person 0.0021 361 194 378 208
person 0.0018 407 165 426 195
person 0.0018 431 162 477 230
person 0.0018 355 199 386 226
person 0.0017 414 166 422 177
person 0.0017 263 145 285 180
person 0.0016 411 140 441 169
person 0.0016 0 12 122 356
person 0.0015 486 145 499 185
person 0.0015 496 151 499 193
person 0.0015 129 50 200 261
person 0.0014 468 150 503 394
person 0.0013 360 149 395 213
person 0.0013 429 165 446 174
person 0.0013 374 172 409 209
person 0.0012 405 162 416 180
person 0.0012 479 155 492 169
person 0.0012 400 140 468 186
person 0.0012 431 237 471 307
person 0.0011 280 166 318 201
person 0.0010 468 145 484 162
person 0.0010 477 252 500 371
person 0.0010 407 147 448 204
person 0.0010 388 172 428 257
train 0.0016 247 90 396 313
bottle 0.0106 263 157 323 203
bottle 0.0021 275 166 288 183
bottle 0.0016 273 162 292 188
bottle 0.0011 263 145 285 180
bottle 0.0010 359 200 364 205
bottle 0.0010 261 128 331 188
chair 0.1219 355 207 388 239
chair 0.0432 353 207 371 238
chair 0.0341 354 211 364 232
chair 0.0286 340 204 378 269
chair 0.0157 378 203 388 214
chair 0.0131 351 196 395 278
chair 0.0075 357 206 366 215
chair 0.0074 359 187 381 212
chair 0.0065 174 180 304 330
chair 0.0057 361 206 375 215
chair 0.0055 404 186 501 361
chair 0.0053 378 148 494 315
chair 0.0051 361 194 378 208
chair 0.0051 222 124 246 167
chair 0.0042 344 182 380 252
chair 0.0035 367 215 390 242
chair 0.0034 432 241 500 375
chair 0.0029 376 197 384 208
chair 0.0026 370 217 404 289
chair 0.0025 350 216 357 241
chair 0.0020 222 103 260 174
chair 0.0019 359 200 364 205
chair 0.0019 347 211 360 248
chair 0.0018 360 211 377 228
chair 0.0018 356 194 381 229
chair 0.0017 346 177 410 290
chair 0.0013 211 108 245 174
chair 0.0012 351 215 372 263
chair 0.0012 431 258 466 295
chair 0.0011 374 172 409 209
chair 0.0011 382 188 414 216
chair 0.0010 144 263 273 366
sofa 0.0040 355 207 388 239
sofa 0.0013 404 186 501 361
pottedplant 0.0015 220 130 246 171
diningtable 0.0033 179 167 311 295
diningtable 0.0032 210 171 312 218
diningtable 0.0022 250 127 402 369
diningtable 0.0020 248 159 318 202
diningtable 0.0013 145 282 260 371
tvmonitor 0.9940 1 -3 260 374
tvmonitor 0.0340 235 94 279 176
tvmonitor 0.0318 97 7 251 299
tvmonitor 0.0234 222 103 260 174
tvmonitor 0.0126 222 124 246 167
tvmonitor 0.0108 0 12 122 356
tvmonitor 0.0047 132 35 198 241
tvmonitor 0.0046 260 85 298 159
tvmonitor 0.0042 397 133 434 158
tvmonitor 0.0037 211 108 245 174
tvmonitor 0.0021 234 88 273 127
tvmonitor 0.0019 179 167 311 295
tvmonitor 0.0016 361 177 382 210
tvmonitor 0.0015 39 283 222 373
tvmonitor 0.0013 214 128 270 181
tvmonitor 0.0010 128 164 313 360
tvmonitor 0.0010 228 98 263 128
tvmonitor 0.0010 273 82 311 150
