person 0.2086 237 137 254 152
person 0.0244 199 137 213 151
person 0.0182 235 134 271 154
person 0.0158 204 108 214 120
person 0.0148 198 137 217 163
person 0.0133 243 137 261 152
person 0.0064 228 138 264 161
person 0.0064 199 108 216 154
person 0.0055 229 136 242 149
person 0.0037 197 138 234 163
person 0.0028 158 144 171 179
person 0.0023 206 108 219 121
person 0.0021 214 133 258 155
person 0.0016 180 137 216 164
person 0.0016 255 135 270 149
person 0.0015 161 146 168 159
person 0.0012 182 143 196 159
person 0.0012 202 152 216 164
person 0.0011 156 153 165 172
person 0.0010 191 137 206 151
car 0.0056 114 121 170 162
car 0.0033 155 123 425 224
aeroplane 0.0017 116 96 410 261
boat 0.9959 146 117 425 270
boat 0.1462 115 124 168 157
boat 0.0051 125 138 167 161
boat 0.0033 204 128 432 208
boat 0.0021 174 94 264 147
boat 0.0019 104 121 136 141
boat 0.0011 15 79 474 335
pottedplant 0.0042 178 99 449 249
