person 0.2708 24 86 110 187
person 0.2511 26 91 152 218
person 0.0312 180 175 399 242
person 0.0298 185 31 464 279
person 0.0109 22 87 83 145
person 0.0052 178 173 260 284
person 0.0049 26 99 185 296
person 0.0035 59 84 502 297
person 0.0033 124 174 200 236
person 0.0031 -5 14 448 254
person 0.0026 275 157 447 256
person 0.0026 25 100 135 158
person 0.0024 105 171 309 253
person 0.0023 229 26 432 116
person 0.0023 113 121 457 209
person 0.0019 119 165 205 212
person 0.0019 342 193 379 221
person 0.0015 230 190 422 259
person 0.0015 35 63 302 277
person 0.0013 34 88 72 123
person 0.0010 217 177 252 195
bicycle 0.6800 33 176 209 295
bicycle 0.0247 143 180 280 273
bicycle 0.0047 3 68 437 308
car 0.0906 180 175 399 242
car 0.0151 27 76 467 303
car 0.0131 105 171 309 253
car 0.0113 158 187 341 261
car 0.0048 229 26 432 116
car 0.0021 27 180 196 293
car 0.0017 28 104 227 295
car 0.0015 195 194 366 234
bus 0.0476 229 26 432 116
bus 0.0428 28 16 468 251
bus 0.0028 75 20 422 90
bus 0.0021 198 10 461 157
train 0.0036 28 16 468 251
dog 0.0039 26 91 152 218
dog 0.0011 250 228 315 254
horse 0.9946 47 29 455 288
horse 0.2338 28 104 227 295
horse 0.0236 256 34 460 274
horse 0.0085 105 171 309 253
horse 0.0080 26 91 152 218
horse 0.0080 76 179 429 242
horse 0.0036 63 113 344 282
horse 0.0015 158 187 341 261
horse 0.0011 113 121 457 209
horse 0.0011 79 111 257 221
chair 0.0025 27 180 196 293
pottedplant 0.0018 143 180 280 273
pottedplant 0.0011 28 104 227 295
