person 0.1170 383 126 390 143
person 0.0944 377 115 387 138
person 0.0591 0 105 24 144
person 0.0377 290 108 332 144
person 0.0121 1 95 42 148
person 0.0105 382 119 389 136
person 0.0083 265 99 299 127
person 0.0080 68 82 486 348
person 0.0077 230 112 261 134
person 0.0074 0 94 13 137
person 0.0046 466 109 486 140
person 0.0043 471 108 484 122
person 0.0042 285 104 322 130
person 0.0039 7 123 21 143
person 0.0037 1 92 23 124
person 0.0037 0 96 4 132
person 0.0034 378 112 392 144
person 0.0034 0 83 9 130
person 0.0033 267 106 284 123
person 0.0031 416 132 437 144
person 0.0031 0 114 16 151
person 0.0030 476 107 487 125
person 0.0029 38 126 72 156
person 0.0029 0 85 3 127
person 0.0027 383 135 392 146
person 0.0027 259 98 336 145
person 0.0027 497 115 499 151
person 0.0022 350 135 357 151
person 0.0021 475 105 491 141
person 0.0020 11 97 33 133
person 0.0018 478 113 488 133
person 0.0018 7 118 21 134
person 0.0016 475 286 498 375
person 0.0015 469 117 483 133
person 0.0014 466 123 482 139
person 0.0013 46 99 83 151
person 0.0013 440 66 499 361
person 0.0013 0 53 21 152
person 0.0013 395 128 402 141
person 0.0012 493 98 499 169
person 0.0010 352 126 382 148
person 0.0010 2 109 6 140
person 0.0010 3 122 9 145
person 0.0010 13 117 54 152
bicycle 0.0021 383 135 392 146
bicycle 0.0010 377 136 385 146
bicycle 0.0010 378 121 386 144
car 0.6559 436 79 499 242
car 0.5712 412 132 438 151
car 0.3112 6 55 165 311
car 0.2887 416 132 437 144
car 0.1910 191 73 367 155
car 0.0432 412 135 430 147
car 0.0152 78 64 483 323
car 0.0149 352 126 382 148
car 0.0081 414 132 427 143
car 0.0080 178 62 461 240
car 0.0060 432 131 438 141
car 0.0045 188 107 457 177
car 0.0041 484 122 499 305
car 0.0039 412 135 442 166
car 0.0036 220 95 333 146
car 0.0021 430 136 439 148
car 0.0020 448 51 500 415
car 0.0020 352 133 370 148
car 0.0018 475 286 498 375
car 0.0016 475 46 498 420
car 0.0014 420 145 434 160
car 0.0013 431 144 443 165
car 0.0012 426 145 447 181
car 0.0010 429 139 445 169
motorbike 0.9984 35 77 439 350
motorbike 0.0032 440 66 499 361
motorbike 0.0032 14 97 168 328
motorbike 0.0028 421 95 497 255
motorbike 0.0024 181 78 464 285
motorbike 0.0013 484 122 499 305
bus 0.0076 437 69 498 217
bus 0.0018 6 55 165 311
