person 0.8063 8 -1 282 233
person 0.1352 98 10 325 193
person 0.0738 6 101 174 241
person 0.0344 208 2 332 187
person 0.0157 45 0 231 41
person 0.0078 7 -2 224 94
person 0.0068 63 97 322 242
person 0.0061 119 0 223 26
person 0.0046 2 4 120 75
person 0.0043 2 -2 174 186
person 0.0027 97 152 185 235
person 0.0010 4 0 81 52
cat 0.9471 96 16 290 211
cat 0.0070 16 48 315 242
cat 0.0016 65 27 220 198
dog 0.0373 102 11 316 223
chair 0.0230 62 42 317 238
sofa 0.1324 62 42 317 238
sofa 0.0097 10 0 317 138
sofa 0.0050 208 2 332 187
sofa 0.0027 14 -8 219 242
sofa 0.0019 29 0 208 45
sofa 0.0014 -3 106 129 237
sofa 0.0012 105 134 320 242
sofa 0.0010 2 4 120 75
pottedplant 0.0012 85 0 244 38
diningtable 0.0095 100 116 325 236
diningtable 0.0034 16 48 315 242
