person 0.0231 0 25 371 354
cat 0.9854 37 30 396 348
dog 0.0205 0 25 371 354
chair 0.0185 0 96 69 147
chair 0.0153 382 16 500 130
chair 0.0142 129 0 437 143
chair 0.0040 118 7 448 77
chair 0.0024 33 4 397 317
chair 0.0018 0 85 67 195
sofa 0.0251 -7 76 375 360
sofa 0.0196 55 -5 444 321
sofa 0.0030 0 105 180 361
pottedplant 0.0014 0 25 371 354
diningtable 0.0148 129 0 437 143
diningtable 0.0101 118 7 448 77
diningtable 0.0072 55 -5 444 321
diningtable 0.0028 382 16 500 130
diningtable 0.0010 0 124 129 377
tvmonitor 0.0012 382 16 500 130
