person 0.9991 370 77 463 266
person 0.0032 185 90 194 115
cat 0.0012 65 184 133 257
dog 0.0015 65 184 133 257
bottle 0.0373 185 90 194 115
bottle 0.0065 437 218 444 231
chair 0.0016 0 187 84 311
sofa 0.0012 0 187 84 311
pottedplant 0.9558 -2 191 72 306
pottedplant 0.0184 54 184 127 255
pottedplant 0.0140 49 182 85 256
pottedplant 0.0039 69 200 107 265
pottedplant 0.0030 49 216 82 289
pottedplant 0.0024 185 90 194 115
pottedplant 0.0022 35 189 97 284
pottedplant 0.0021 31 190 69 282
pottedplant 0.0020 66 221 99 257
pottedplant 0.0019 3 209 48 294
pottedplant 0.0016 -1 204 21 301
