person 0.8897 377 125 383 140
person 0.6804 231 126 237 139
person 0.6354 366 126 372 139
person 0.4530 210 123 216 137
person 0.3173 123 129 130 138
person 0.2292 226 129 231 139
person 0.1454 72 129 76 136
person 0.1370 77 129 83 136
person 0.1290 300 129 305 136
person 0.1243 89 127 95 136
person 0.1165 360 125 365 138
person 0.0647 143 132 148 139
person 0.0572 120 129 127 139
person 0.0565 321 128 326 137
person 0.0451 174 130 180 136
person 0.0424 278 126 283 136
person 0.0265 138 131 145 139
person 0.0235 176 129 279 261
person 0.0154 181 117 189 124
person 0.0119 465 173 481 181
person 0.0108 241 129 247 136
person 0.0103 94 127 101 136
person 0.0096 468 90 482 99
person 0.0090 207 127 213 137
person 0.0081 262 113 266 117
person 0.0064 272 127 280 135
person 0.0060 1 116 5 129
person 0.0049 479 90 492 97
person 0.0048 378 122 383 131
person 0.0045 382 126 389 138
person 0.0045 291 130 300 136
person 0.0044 493 88 498 98
person 0.0044 306 129 311 136
person 0.0035 143 53 429 124
person 0.0031 62 119 66 125
person 0.0031 182 130 191 136
person 0.0026 1 127 4 136
person 0.0025 175 119 184 125
person 0.0023 1 138 3 145
person 0.0022 378 133 385 142
person 0.0022 121 137 138 143
person 0.0019 229 134 238 142
person 0.0019 89 123 95 129
person 0.0018 133 136 145 142
person 0.0018 324 129 331 138
person 0.0018 392 125 402 134
person 0.0018 142 134 149 141
person 0.0016 350 126 355 136
person 0.0016 166 130 175 137
person 0.0015 10 129 19 134
person 0.0014 452 92 464 99
person 0.0014 225 133 232 143
person 0.0011 106 128 115 135
person 0.0011 459 165 495 231
person 0.0011 181 112 190 121
car 0.1043 456 91 475 99
car 0.0262 479 90 492 97
car 0.0180 456 88 496 99
car 0.0160 468 90 482 99
car 0.0138 452 92 464 99
car 0.0114 493 88 498 98
car 0.0069 353 69 369 75
car 0.0020 41 108 63 115
car 0.0013 361 69 374 75
aeroplane 0.0022 456 88 496 99
bus 0.0012 41 108 63 115
boat 0.0211 175 124 301 237
boat 0.0063 278 36 364 78
boat 0.0053 121 137 138 143
boat 0.0049 41 108 63 115
boat 0.0037 133 136 145 142
boat 0.0029 35 106 70 120
boat 0.0025 -2 123 138 151
boat 0.0023 143 53 429 124
boat 0.0018 89 137 150 146
boat 0.0016 434 58 498 100
boat 0.0014 31 137 131 147
boat 0.0011 128 127 190 140
boat 0.0010 372 100 497 136
boat 0.0010 60 127 121 139
boat 0.0010 -7 142 142 165
bird 0.0113 465 173 481 181
bird 0.0013 143 132 148 139
bird 0.0012 72 129 76 136
dog 0.9927 175 134 295 256
dog 0.0043 465 173 481 181
dog 0.0011 231 126 237 139
horse 0.0118 184 138 287 274
sheep 0.0022 184 138 287 274
cow 0.0068 166 134 291 257
