person 0.0042 11 172 499 268
person 0.0012 64 189 78 198
car 0.3354 49 187 89 208
car 0.1416 364 194 411 230
car 0.0193 43 185 122 206
car 0.0092 124 190 137 200
car 0.0071 196 195 215 205
car 0.0040 362 191 470 231
car 0.0025 157 192 199 206
car 0.0019 118 184 182 202
car 0.0015 44 179 169 205
car 0.0015 167 185 207 203
car 0.0010 188 195 205 204
aeroplane 0.9745 10 146 494 304
aeroplane 0.0495 151 177 492 277
aeroplane 0.0113 1 161 505 238
bus 0.0021 42 180 135 206
boat 0.0052 66 172 498 275
bird 0.0012 300 97 305 101
