person 0.1111 220 174 231 195
person 0.0392 319 129 358 188
person 0.0344 258 123 298 191
person 0.0201 281 126 317 190
person 0.0179 216 173 233 205
person 0.0139 255 127 276 158
person 0.0104 297 129 332 188
person 0.0088 331 144 370 185
person 0.0077 245 125 281 192
person 0.0074 255 126 292 161
person 0.0065 313 155 349 189
person 0.0059 272 123 297 164
person 0.0053 293 132 317 175
person 0.0052 349 138 371 171
person 0.0049 242 175 251 192
person 0.0047 59 58 393 274
person 0.0041 246 183 263 196
person 0.0037 246 174 260 193
person 0.0037 79 164 89 178
person 0.0036 265 119 286 151
person 0.0035 331 128 369 159
person 0.0028 284 131 354 190
person 0.0027 348 156 371 186
person 0.0027 391 174 405 193
person 0.0025 298 145 322 182
person 0.0025 189 143 206 181
person 0.0025 303 147 369 196
person 0.0023 281 127 301 160
person 0.0022 495 187 499 216
person 0.0022 398 174 415 189
person 0.0020 218 151 234 196
person 0.0019 264 133 299 170
person 0.0018 311 166 334 194
person 0.0017 244 153 263 194
person 0.0017 270 125 283 142
person 0.0016 223 164 242 200
person 0.0016 257 134 272 152
person 0.0015 318 144 344 183
person 0.0013 293 166 315 198
person 0.0013 416 155 434 192
person 0.0012 218 166 253 198
person 0.0012 237 167 254 196
person 0.0011 326 134 338 150
person 0.0011 312 146 334 183
person 0.0011 329 132 352 175
person 0.0011 209 169 229 200
person 0.0010 82 165 96 179
person 0.0010 260 132 285 173
person 0.0010 357 144 378 182
person 0.0010 322 127 343 158
person 0.0010 419 172 432 192
person 0.0010 354 143 368 162
bus 0.9999 74 63 396 287
bus 0.8889 379 103 446 259
bus 0.0042 442 132 499 266
pottedplant 0.0021 438 93 498 267
