person 0.0028 478 4 499 161
person 0.0017 72 221 94 257
bicycle 0.0216 -4 -6 443 366
car 0.2134 -4 -6 443 366
car 0.0091 478 4 499 161
car 0.0031 471 -12 500 248
car 0.0011 445 31 501 285
motorbike 0.1742 0 -1 470 366
motorbike 0.0020 471 -8 500 212
motorbike 0.0010 418 196 499 313
motorbike 0.0010 395 2 501 365
aeroplane 0.2742 -4 -6 443 366
bus 0.0026 -4 -6 443 366
boat 0.0063 -4 -6 443 366
boat 0.0029 478 4 499 161
dog 0.0012 3 -8 422 249
horse 0.0013 3 -8 422 249
cow 0.0010 3 -8 422 249
bottle 0.0015 478 4 499 161
chair 0.0034 3 -8 422 249
chair 0.0027 478 4 499 161
pottedplant 0.0018 478 4 499 161
diningtable 0.0022 0 -1 470 366
