person 0.6563 41 75 85 137
person 0.1468 159 102 237 134
person 0.1085 165 111 210 133
person 0.0849 173 112 241 132
person 0.0597 43 84 118 142
person 0.0287 194 117 213 132
person 0.0172 18 101 449 181
person 0.0104 35 104 72 144
person 0.0104 150 139 173 179
person 0.0069 162 118 179 134
person 0.0041 35 105 53 142
person 0.0034 186 139 208 168
person 0.0030 204 110 242 131
person 0.0029 77 116 123 142
person 0.0027 40 76 62 86
person 0.0023 26 58 154 141
person 0.0022 158 105 241 162
person 0.0016 188 114 209 134
person 0.0016 60 83 81 125
person 0.0015 166 123 183 134
person 0.0013 162 117 212 140
person 0.0012 183 138 228 168
person 0.0012 14 74 122 157
person 0.0011 40 76 81 98
bicycle 0.0021 159 102 237 134
boat 0.9875 2 108 441 197
boat 0.0042 22 96 335 170
bird 0.0014 159 102 237 134
cat 0.0025 195 110 236 131
cat 0.0020 77 116 123 142
dog 0.2373 195 110 236 131
dog 0.0941 77 116 123 142
dog 0.0678 159 102 237 134
dog 0.0333 165 111 210 133
dog 0.0137 43 84 118 142
dog 0.0130 194 117 213 132
dog 0.0044 100 115 121 137
dog 0.0020 215 112 235 129
dog 0.0011 38 111 85 147
dog 0.0011 163 117 186 134
dog 0.0011 34 84 74 142
horse 0.0045 35 81 98 143
horse 0.0014 77 116 123 142
