person 0.3410 482 148 488 162
person 0.1850 493 148 497 161
person 0.0885 476 149 481 160
person 0.0347 38 143 60 169
person 0.0264 483 154 488 163
person 0.0248 494 152 498 168
person 0.0134 482 141 490 152
person 0.0133 493 140 498 152
person 0.0116 44 142 55 150
person 0.0110 37 146 49 161
person 0.0086 68 90 77 102
person 0.0085 39 143 50 150
person 0.0057 43 146 57 161
person 0.0041 477 139 496 165
person 0.0021 476 154 480 164
person 0.0018 35 151 49 168
person 0.0017 487 138 500 168
person 0.0015 476 143 481 151
person 0.0014 43 151 58 168
person 0.0013 464 149 469 161
person 0.0011 66 138 75 148
person 0.0011 492 141 499 185
person 0.0010 498 148 499 194
car 0.0090 31 143 61 169
car 0.0085 493 148 497 161
car 0.0024 72 104 92 113
train 0.9994 34 56 467 344
train 0.0050 2 107 90 160
train 0.0015 0 124 29 146
train 0.0013 31 143 61 169
pottedplant 0.0010 38 143 60 169
