person 0.0174 5 191 36 216
person 0.0061 65 103 490 356
person 0.0061 97 200 252 306
person 0.0046 50 165 303 344
person 0.0023 13 198 33 215
person 0.0013 86 172 328 270
bicycle 0.0015 40 124 437 343
car 0.0037 67 140 424 323
car 0.0018 362 198 429 254
bus 0.0018 12 136 432 330
boat 0.0017 12 136 432 330
dog 0.0013 5 191 36 216
horse 0.9987 82 142 421 354
horse 0.0059 127 203 289 304
horse 0.0042 86 172 328 270
horse 0.0023 172 214 398 311
horse 0.0022 381 156 493 276
horse 0.0019 222 119 425 334
horse 0.0017 398 167 428 254
horse 0.0010 365 185 430 238
