person 0.0065 343 42 352 59
person 0.0036 293 15 314 44
person 0.0036 339 42 348 57
person 0.0025 297 21 308 37
person 0.0016 338 49 349 62
bird 0.0032 343 42 352 59
bird 0.0023 297 21 308 37
bird 0.0017 293 15 314 44
bird 0.0017 339 42 348 57
dog 0.0016 293 15 314 44
dog 0.0012 297 21 308 37
bottle 0.0040 164 137 183 175
chair 0.0716 12 255 157 362
chair 0.0419 0 158 180 367
chair 0.0227 81 342 239 372
chair 0.0070 154 140 236 256
chair 0.0069 32 308 240 369
chair 0.0036 0 285 20 377
chair 0.0017 0 282 8 389
sofa 0.9256 0 158 180 367
sofa 0.0519 12 255 157 362
sofa 0.0042 66 186 179 332
sofa 0.0040 32 308 240 369
sofa 0.0032 81 342 239 372
sofa 0.0010 7 162 127 295
diningtable 0.0149 81 342 239 372
diningtable 0.0038 32 308 240 369
diningtable 0.0033 154 140 236 256
tvmonitor 0.0032 1 0 30 86
