person 0.9311 389 220 402 249
person 0.7464 352 224 361 248
person 0.4396 386 218 395 246
person 0.4214 375 216 388 247
person 0.0512 376 229 386 245
person 0.0191 417 224 423 234
person 0.0105 375 213 383 231
person 0.0067 373 191 381 199
person 0.0065 371 219 406 247
person 0.0065 39 130 408 237
person 0.0052 420 224 431 235
person 0.0026 375 208 385 220
person 0.0019 386 218 393 230
person 0.0019 434 223 440 233
person 0.0014 418 230 435 247
person 0.0014 417 230 425 245
person 0.0014 364 186 375 196
person 0.0011 416 220 423 229
person 0.0010 416 219 436 247
car 0.0046 418 230 435 247
car 0.0033 39 130 408 237
motorbike 0.0017 22 90 467 236
aeroplane 0.9965 30 134 460 241
aeroplane 0.0024 269 183 452 247
aeroplane 0.0011 197 157 460 241
aeroplane 0.0010 53 123 385 203
