person 0.1024 309 109 323 187
person 0.0526 309 109 324 148
person 0.0429 311 101 340 197
person 0.0042 304 88 366 206
person 0.0031 334 98 369 196
person 0.0014 358 112 373 168
person 0.0014 309 143 323 194
person 0.0013 354 93 373 194
person 0.0013 312 116 322 142
person 0.0012 74 119 322 333
bird 0.0011 14 213 237 485
dog 0.0016 14 213 237 485
sheep 0.9896 14 196 237 480
sheep 0.9752 122 118 320 357
cow 0.1244 121 114 321 340
cow 0.0098 18 214 247 486
chair 0.0044 304 88 366 206
chair 0.0020 334 98 369 196
chair 0.0017 339 155 355 197
