person 0.9997 -4 78 250 372
person 0.0388 465 286 499 375
person 0.0066 45 77 475 352
person 0.0042 443 32 497 398
person 0.0037 83 0 101 17
person 0.0036 456 198 498 385
person 0.0013 470 111 499 396
train 0.0011 -8 74 344 376
bottle 0.0026 472 39 478 56
bottle 0.0013 15 201 90 224
bottle 0.0012 130 152 275 193
bottle 0.0011 477 23 500 70
chair 0.0954 409 36 499 162
chair 0.0298 416 84 473 102
chair 0.0167 414 52 490 113
chair 0.0159 472 85 499 159
chair 0.0157 413 74 496 129
chair 0.0081 400 2 429 95
chair 0.0065 413 43 452 113
chair 0.0061 465 286 499 375
chair 0.0043 430 80 499 155
chair 0.0041 464 199 500 384
chair 0.0029 476 126 499 160
chair 0.0027 334 10 463 115
chair 0.0025 417 50 437 88
chair 0.0022 449 121 498 388
chair 0.0018 477 23 500 70
chair 0.0015 491 73 499 156
chair 0.0014 428 44 470 115
chair 0.0014 344 28 413 95
chair 0.0012 411 3 443 92
chair 0.0010 403 6 468 114
sofa 0.0160 465 286 499 375
sofa 0.0079 464 199 500 384
sofa 0.0046 449 121 498 388
pottedplant 0.0010 349 98 394 113
diningtable 0.0046 432 57 500 107
diningtable 0.0032 434 44 498 156
diningtable 0.0028 439 40 497 87
diningtable 0.0017 472 85 499 159
diningtable 0.0011 465 286 499 375
tvmonitor 0.0713 479 22 500 55
tvmonitor 0.0223 76 74 502 354
tvmonitor 0.0108 486 29 499 47
tvmonitor 0.0080 476 44 499 72
tvmonitor 0.0072 355 60 387 92
tvmonitor 0.0032 481 29 493 47
tvmonitor 0.0025 490 41 498 53
tvmonitor 0.0014 474 15 499 79
