person 0.0612 460 190 466 199
person 0.0338 92 237 96 249
person 0.0078 125 237 130 246
person 0.0071 212 226 220 235
person 0.0030 260 218 270 226
person 0.0023 396 195 402 206
person 0.0016 94 238 99 248
person 0.0012 407 187 414 202
person 0.0011 135 237 144 245
person 0.0010 455 191 464 200
car 0.0245 219 226 234 235
car 0.0106 261 217 284 225
car 0.0072 373 210 387 216
car 0.0057 260 218 270 226
car 0.0055 212 226 220 235
car 0.0041 208 219 246 236
car 0.0037 203 229 211 236
car 0.0028 227 224 242 235
car 0.0028 286 212 316 219
car 0.0022 288 214 312 221
car 0.0019 227 218 247 228
car 0.0017 380 207 394 213
car 0.0014 286 217 303 223
car 0.0013 204 234 210 239
car 0.0012 220 234 229 240
car 0.0010 215 220 238 228
car 0.0010 193 228 200 236
car 0.0010 460 190 466 199
bus 0.0012 207 217 248 231
train 0.0018 207 217 248 231
boat 0.0038 137 234 178 247
boat 0.0012 132 193 198 243
bird 0.0033 460 190 466 199
bird 0.0025 452 195 459 201
dog 0.0014 373 210 387 216
dog 0.0012 460 190 466 199
dog 0.0011 452 195 459 201
horse 0.0074 261 217 284 225
horse 0.0019 260 218 270 226
sheep 0.7454 331 225 351 233
sheep 0.5519 373 210 387 216
sheep 0.3778 261 217 284 225
sheep 0.3593 380 207 394 213
sheep 0.1418 328 229 340 235
sheep 0.1239 452 195 459 201
sheep 0.0842 237 222 250 234
sheep 0.0796 227 224 242 235
sheep 0.0715 288 214 312 221
sheep 0.0549 460 190 466 199
sheep 0.0400 260 218 270 226
sheep 0.0322 234 218 250 230
sheep 0.0311 342 225 352 231
sheep 0.0250 286 217 303 223
sheep 0.0210 215 219 252 235
sheep 0.0206 68 203 428 248
sheep 0.0161 280 224 288 229
sheep 0.0138 279 221 287 227
sheep 0.0108 324 224 357 236
sheep 0.0103 286 212 316 219
sheep 0.0098 219 226 234 235
sheep 0.0090 455 191 464 200
sheep 0.0084 374 214 383 219
sheep 0.0071 260 224 270 229
sheep 0.0068 249 225 257 232
sheep 0.0062 256 215 290 228
sheep 0.0060 368 210 378 215
sheep 0.0058 460 195 467 200
sheep 0.0047 161 210 354 231
sheep 0.0037 283 213 317 224
sheep 0.0037 220 234 229 240
sheep 0.0034 267 224 278 229
sheep 0.0033 252 216 260 227
sheep 0.0027 177 217 304 248
sheep 0.0018 279 206 430 232
sheep 0.0015 286 232 320 266
sheep 0.0015 222 217 264 231
sheep 0.0015 231 217 253 237
sheep 0.0014 229 234 238 241
sheep 0.0013 307 232 320 266
sheep 0.0013 207 219 347 252
sheep 0.0012 306 216 314 221
sheep 0.0011 473 200 478 203
sheep 0.0011 392 207 399 212
cow 0.0238 261 217 284 225
cow 0.0174 331 225 351 233
cow 0.0170 380 207 394 213
cow 0.0083 373 210 387 216
cow 0.0043 237 222 250 234
cow 0.0039 288 214 312 221
cow 0.0031 227 224 242 235
cow 0.0027 214 217 252 232
cow 0.0022 234 218 250 230
cow 0.0021 328 229 340 235
cow 0.0020 460 190 466 199
cow 0.0017 452 195 459 201
cow 0.0017 260 218 270 226
cow 0.0015 371 338 405 375
cow 0.0011 219 226 234 235
cow 0.0011 286 217 303 223
