person 0.0037 415 267 501 368
person 0.0015 2 270 157 365
bicycle 0.0014 399 271 507 361
bird 0.0114 349 231 456 311
bird 0.0069 399 271 507 361
bird 0.0010 194 216 245 284
cat 0.0048 399 271 507 361
cat 0.0033 2 270 157 365
dog 0.2309 2 270 157 365
dog 0.1214 399 271 507 361
dog 0.0064 144 272 290 366
dog 0.0047 349 231 456 311
dog 0.0021 6 244 73 290
dog 0.0017 2 284 47 325
horse 0.0362 415 273 500 373
horse 0.0186 -3 269 152 367
horse 0.0050 25 201 103 258
horse 0.0029 144 272 290 366
horse 0.0028 1 244 71 293
horse 0.0014 358 233 454 300
horse 0.0011 194 216 245 284
sheep 0.9879 25 201 103 258
sheep 0.9868 354 231 442 302
sheep 0.9836 188 217 250 280
sheep 0.9703 145 275 285 377
sheep 0.9331 442 232 500 278
sheep 0.9320 0 218 47 256
sheep 0.7469 1 244 71 293
sheep 0.7390 415 267 501 368
sheep 0.7162 -4 277 154 373
sheep 0.3128 467 254 499 290
sheep 0.0936 452 240 501 300
sheep 0.0394 470 259 499 317
sheep 0.0221 487 257 499 300
sheep 0.0217 82 204 105 238
sheep 0.0207 0 265 65 319
sheep 0.0199 495 260 499 296
sheep 0.0141 436 232 480 268
sheep 0.0129 494 234 499 263
sheep 0.0097 448 231 500 256
sheep 0.0082 -2 226 71 324
sheep 0.0077 494 249 499 271
sheep 0.0070 494 250 498 288
sheep 0.0062 488 237 499 284
sheep 0.0055 468 236 500 262
sheep 0.0051 1 220 12 259
sheep 0.0048 409 250 496 298
sheep 0.0044 0 279 47 336
sheep 0.0044 32 248 69 285
sheep 0.0043 73 204 104 257
sheep 0.0041 421 241 455 272
sheep 0.0039 468 245 500 275
sheep 0.0038 475 262 500 358
sheep 0.0038 1 218 5 262
sheep 0.0035 1 215 26 224
sheep 0.0034 496 228 499 255
sheep 0.0028 0 222 23 256
sheep 0.0028 381 234 480 281
sheep 0.0027 0 252 50 286
sheep 0.0025 492 253 500 340
sheep 0.0021 475 255 497 266
sheep 0.0018 91 206 105 219
sheep 0.0017 437 261 500 313
sheep 0.0015 439 233 474 249
sheep 0.0015 -8 276 145 315
sheep 0.0015 343 235 419 284
sheep 0.0014 497 259 499 313
sheep 0.0012 -15 197 208 256
sheep 0.0011 0 238 46 257
sheep 0.0011 490 218 499 266
sheep 0.0011 496 169 499 196
sheep 0.0010 2 214 6 229
sheep 0.0010 444 233 466 243
sheep 0.0010 474 226 499 290
cow 0.4713 -4 277 154 373
cow 0.2448 145 275 285 377
cow 0.0997 1 244 71 293
cow 0.0888 399 271 507 361
cow 0.0225 358 233 454 300
cow 0.0179 188 217 250 280
cow 0.0164 25 201 103 258
cow 0.0148 0 265 65 319
cow 0.0062 1 218 51 262
cow 0.0042 0 279 47 336
cow 0.0033 442 232 500 278
cow 0.0023 -1 238 69 348
