person 0.9970 226 182 304 316
person 0.9946 310 183 404 320
person 0.9899 183 155 231 260
person 0.9806 341 136 393 191
person 0.9781 282 129 340 191
person 0.9647 400 164 492 300
person 0.9336 236 142 283 213
person 0.6477 317 126 340 170
person 0.5613 471 119 500 186
person 0.4569 419 145 486 209
person 0.3961 454 115 494 171
person 0.1169 486 117 498 167
person 0.0993 474 151 500 237
person 0.0968 270 121 337 224
person 0.0954 425 134 485 185
person 0.0402 402 139 471 249
person 0.0361 436 138 474 165
person 0.0305 407 176 494 242
person 0.0304 432 159 500 222
person 0.0285 489 127 498 191
person 0.0263 464 115 487 147
person 0.0257 413 156 456 227
person 0.0239 302 114 319 146
person 0.0217 497 134 499 166
person 0.0212 453 135 497 213
person 0.0188 494 117 499 144
person 0.0178 496 126 499 157
person 0.0155 477 141 500 176
person 0.0141 476 175 499 204
person 0.0106 487 152 497 208
person 0.0102 485 177 499 221
person 0.0094 268 74 285 105
person 0.0093 492 114 499 131
person 0.0089 438 106 503 213
person 0.0088 477 115 499 149
person 0.0078 488 43 499 102
person 0.0075 260 84 271 104
person 0.0071 478 187 499 280
person 0.0064 347 68 367 116
person 0.0054 170 179 264 240
person 0.0050 288 85 301 101
person 0.0040 478 189 499 224
person 0.0035 482 117 493 128
person 0.0030 487 186 498 251
person 0.0027 489 97 499 149
person 0.0027 349 65 364 99
person 0.0026 481 122 493 139
person 0.0026 273 213 440 251
person 0.0025 456 121 481 160
person 0.0024 210 160 225 200
person 0.0024 270 85 281 101
person 0.0022 468 91 501 261
person 0.0022 428 140 449 181
person 0.0022 386 129 498 219
person 0.0020 479 60 500 179
person 0.0020 322 134 356 166
person 0.0020 242 162 282 195
person 0.0019 223 163 258 228
person 0.0019 435 144 495 175
person 0.0019 122 41 130 54
person 0.0018 422 167 490 191
person 0.0018 396 219 483 328
person 0.0017 224 181 292 240
person 0.0017 471 184 500 211
person 0.0017 236 169 251 209
person 0.0017 477 41 500 113
person 0.0017 122 44 133 62
person 0.0017 470 168 498 194
person 0.0017 303 131 323 168
person 0.0016 425 158 487 183
person 0.0016 495 153 498 185
person 0.0015 335 108 404 202
person 0.0015 467 116 484 128
person 0.0015 265 76 299 105
person 0.0014 249 130 475 207
person 0.0014 201 167 284 299
person 0.0014 338 84 370 146
person 0.0014 286 193 429 236
person 0.0013 298 180 374 293
person 0.0013 234 152 317 282
person 0.0013 496 51 499 94
person 0.0013 191 174 323 256
person 0.0013 457 171 499 251
person 0.0013 339 145 385 177
person 0.0012 120 40 137 69
person 0.0012 365 140 508 337
person 0.0012 271 176 297 247
person 0.0012 2 210 58 327
person 0.0012 312 244 403 301
person 0.0011 333 164 483 253
person 0.0011 490 196 499 277
person 0.0011 489 62 499 122
person 0.0011 314 140 347 197
person 0.0011 401 206 498 259
person 0.0010 219 200 305 261
person 0.0010 313 140 333 179
person 0.0010 481 134 491 146
person 0.0010 119 44 127 62
person 0.0010 324 148 340 193
person 0.0010 468 120 484 139
bottle 0.9088 308 196 319 223
bottle 0.4098 284 188 297 228
bottle 0.2466 323 194 336 226
bottle 0.1978 271 207 279 226
bottle 0.1019 296 199 306 219
bottle 0.0585 288 189 297 207
bottle 0.0519 288 198 297 219
bottle 0.0485 277 178 292 222
bottle 0.0421 280 198 290 220
bottle 0.0399 295 193 308 224
bottle 0.0378 271 190 281 226
bottle 0.0331 318 197 328 222
bottle 0.0304 286 208 297 228
bottle 0.0285 354 190 362 205
bottle 0.0208 282 191 291 207
bottle 0.0181 279 207 288 227
bottle 0.0180 324 192 334 205
bottle 0.0166 280 199 294 232
bottle 0.0114 307 193 317 205
bottle 0.0102 295 193 307 205
bottle 0.0070 347 193 360 209
bottle 0.0064 325 206 337 227
bottle 0.0061 297 208 307 225
bottle 0.0053 328 182 336 196
bottle 0.0045 415 189 425 209
bottle 0.0044 329 155 334 167
bottle 0.0043 335 203 346 218
bottle 0.0038 305 184 321 219
bottle 0.0035 316 193 329 202
bottle 0.0034 352 190 365 224
bottle 0.0031 271 191 364 236
bottle 0.0031 343 183 353 194
bottle 0.0029 404 167 413 177
bottle 0.0027 365 162 372 176
bottle 0.0027 345 201 358 211
bottle 0.0027 403 174 415 181
bottle 0.0027 342 188 361 213
bottle 0.0026 289 228 298 243
bottle 0.0025 289 184 299 199
bottle 0.0024 355 197 363 215
bottle 0.0024 376 201 387 216
bottle 0.0024 285 209 300 244
bottle 0.0021 497 134 499 166
bottle 0.0021 328 164 336 175
bottle 0.0020 413 173 421 180
bottle 0.0020 384 200 395 213
bottle 0.0018 388 178 396 197
bottle 0.0017 355 186 363 195
bottle 0.0017 302 107 318 142
bottle 0.0016 292 194 333 222
bottle 0.0014 288 218 298 237
bottle 0.0014 328 170 338 190
bottle 0.0013 472 174 482 186
bottle 0.0013 386 172 395 188
bottle 0.0012 336 209 346 224
bottle 0.0012 414 201 423 216
bottle 0.0012 279 181 288 199
bottle 0.0012 293 185 331 244
bottle 0.0011 394 161 487 264
bottle 0.0011 366 174 374 185
bottle 0.0011 326 94 333 111
bottle 0.0010 392 166 406 177
bottle 0.0010 249 130 475 207
bottle 0.0010 293 201 309 233
bottle 0.0010 292 185 309 216
bottle 0.0010 273 172 361 215
chair 0.9984 214 253 299 333
chair 0.9884 403 220 489 332
chair 0.9392 308 232 405 326
chair 0.9086 152 196 211 305
chair 0.2124 274 136 335 202
chair 0.2096 292 224 330 278
chair 0.0991 419 182 436 216
chair 0.0871 265 158 285 185
chair 0.0870 478 187 499 280
chair 0.0734 228 158 289 222
chair 0.0733 336 243 407 307
chair 0.0661 153 192 187 274
chair 0.0610 266 156 284 168
chair 0.0608 381 206 417 229
chair 0.0605 273 161 290 195
chair 0.0568 267 159 282 177
chair 0.0550 240 170 248 190
chair 0.0539 487 186 498 251
chair 0.0510 385 169 495 312
chair 0.0507 290 182 332 197
chair 0.0439 478 189 499 224
chair 0.0415 336 180 348 194
chair 0.0387 336 139 391 195
chair 0.0361 390 173 426 202
chair 0.0361 415 159 491 226
chair 0.0337 407 228 426 243
chair 0.0319 330 165 348 194
chair 0.0315 334 172 345 189
chair 0.0311 343 183 353 194
chair 0.0288 490 196 499 277
chair 0.0283 276 168 288 189
chair 0.0265 412 182 429 215
chair 0.0262 425 183 444 217
chair 0.0255 276 160 288 180
chair 0.0251 237 163 250 198
chair 0.0246 478 204 497 332
chair 0.0244 328 170 338 190
chair 0.0230 422 187 431 211
chair 0.0217 478 191 494 205
chair 0.0210 415 189 425 209
chair 0.0192 492 195 497 221
chair 0.0189 181 162 230 295
chair 0.0185 336 154 349 165
chair 0.0185 240 179 248 196
chair 0.0178 328 182 336 196
chair 0.0171 392 215 427 242
chair 0.0165 283 165 324 195
chair 0.0164 338 148 358 158
chair 0.0154 309 221 330 272
chair 0.0144 491 188 498 209
chair 0.0132 283 158 302 199
chair 0.0131 390 184 429 238
chair 0.0124 228 208 316 327
chair 0.0122 458 221 491 322
chair 0.0120 485 177 499 221
chair 0.0119 289 187 334 207
chair 0.0116 339 152 355 164
chair 0.0114 238 164 247 180
chair 0.0113 400 224 430 246
chair 0.0109 289 184 299 199
chair 0.0108 474 151 500 237
chair 0.0108 108 254 151 321
chair 0.0106 285 230 322 312
chair 0.0101 476 175 499 204
chair 0.0100 410 226 489 279
chair 0.0099 494 198 498 237
chair 0.0092 407 223 429 235
chair 0.0091 414 201 423 216
chair 0.0087 223 163 258 228
chair 0.0084 235 176 251 218
chair 0.0082 333 163 344 176
chair 0.0079 302 185 324 196
chair 0.0076 333 144 354 176
chair 0.0076 157 195 181 237
chair 0.0074 386 165 395 176
chair 0.0070 392 228 402 247
chair 0.0070 480 199 492 216
chair 0.0069 477 153 499 188
chair 0.0067 328 164 336 175
chair 0.0065 293 186 312 197
chair 0.0065 388 165 409 196
chair 0.0064 489 180 497 196
chair 0.0063 480 201 498 252
chair 0.0063 489 137 498 201
chair 0.0061 187 234 226 301
chair 0.0061 166 221 229 282
chair 0.0060 170 176 235 241
chair 0.0058 313 186 328 196
chair 0.0058 399 181 435 215
chair 0.0056 270 167 281 189
chair 0.0056 242 162 282 195
chair 0.0053 388 178 396 197
chair 0.0052 386 172 395 188
chair 0.0052 347 193 360 209
chair 0.0052 285 239 322 273
chair 0.0052 191 244 225 270
chair 0.0051 471 184 500 211
chair 0.0050 413 213 426 222
chair 0.0049 302 114 319 146
chair 0.0049 472 174 482 186
sofa 0.0140 274 136 335 202
sofa 0.0038 207 254 288 330
sofa 0.0036 228 158 289 222
sofa 0.0020 415 159 491 226
sofa 0.0016 336 139 391 195
sofa 0.0012 396 219 483 328
sofa 0.0012 152 196 211 305
pottedplant 0.0029 346 96 360 111
pottedplant 0.0017 343 70 365 115
pottedplant 0.0016 112 163 168 305
pottedplant 0.0016 123 191 161 275
pottedplant 0.0014 392 166 406 177
pottedplant 0.0013 120 159 161 225
pottedplant 0.0010 85 53 117 141
diningtable 0.3089 254 190 411 296
diningtable 0.1234 222 189 337 299
diningtable 0.1080 227 177 429 247
diningtable 0.0579 388 168 426 192
diningtable 0.0497 381 206 417 229
diningtable 0.0433 276 205 356 255
diningtable 0.0416 476 175 499 204
diningtable 0.0350 279 225 329 277
diningtable 0.0342 271 191 364 236
diningtable 0.0316 477 183 497 195
diningtable 0.0274 281 222 401 320
diningtable 0.0233 478 191 494 205
diningtable 0.0169 489 180 497 196
diningtable 0.0163 478 175 496 188
diningtable 0.0142 478 189 499 224
diningtable 0.0135 273 213 440 251
diningtable 0.0134 490 172 497 190
diningtable 0.0130 470 168 498 194
diningtable 0.0130 314 236 424 273
diningtable 0.0127 491 188 498 209
diningtable 0.0123 471 184 500 211
diningtable 0.0121 222 205 334 255
diningtable 0.0118 325 113 361 130
diningtable 0.0112 286 193 429 236
diningtable 0.0104 328 164 336 175
diningtable 0.0100 324 117 360 146
diningtable 0.0100 485 169 498 210
diningtable 0.0099 486 183 498 233
diningtable 0.0097 476 170 499 255
diningtable 0.0083 492 195 497 221
diningtable 0.0079 392 215 427 242
diningtable 0.0079 284 221 318 250
diningtable 0.0076 407 228 426 243
diningtable 0.0075 398 243 416 250
diningtable 0.0063 266 156 284 168
diningtable 0.0055 283 201 322 267
diningtable 0.0054 191 174 323 256
diningtable 0.0048 407 176 494 242
diningtable 0.0045 239 192 249 204
diningtable 0.0043 391 168 431 225
diningtable 0.0042 477 153 499 188
diningtable 0.0039 279 136 343 202
diningtable 0.0039 285 239 322 273
diningtable 0.0037 480 199 492 216
diningtable 0.0037 388 163 426 182
diningtable 0.0037 312 244 403 301
diningtable 0.0036 401 206 498 259
diningtable 0.0036 336 154 349 165
diningtable 0.0034 356 183 426 237
diningtable 0.0033 407 223 429 235
diningtable 0.0032 204 131 447 293
diningtable 0.0032 476 164 497 176
diningtable 0.0032 240 170 248 190
diningtable 0.0031 332 116 349 123
diningtable 0.0030 338 148 358 158
diningtable 0.0029 495 153 498 185
diningtable 0.0028 224 181 292 240
diningtable 0.0027 472 174 482 186
diningtable 0.0027 403 174 415 181
diningtable 0.0026 400 224 430 246
diningtable 0.0025 339 139 394 196
diningtable 0.0024 340 197 403 220
diningtable 0.0024 179 162 255 235
diningtable 0.0023 333 163 344 176
diningtable 0.0023 472 181 481 196
diningtable 0.0021 391 233 426 257
diningtable 0.0020 273 176 396 214
diningtable 0.0020 413 213 426 222
diningtable 0.0020 228 158 289 222
diningtable 0.0020 289 228 298 243
diningtable 0.0020 240 179 248 196
diningtable 0.0020 329 155 334 167
diningtable 0.0019 224 134 429 210
diningtable 0.0019 432 159 500 222
diningtable 0.0018 320 122 359 160
diningtable 0.0018 489 137 498 201
diningtable 0.0017 387 212 412 225
diningtable 0.0017 217 233 331 325
diningtable 0.0017 226 176 259 245
diningtable 0.0017 285 230 322 312
diningtable 0.0016 285 219 302 251
diningtable 0.0016 291 224 384 274
diningtable 0.0016 325 191 359 209
diningtable 0.0015 235 176 251 218
diningtable 0.0015 237 202 251 213
diningtable 0.0015 239 186 287 213
diningtable 0.0015 330 208 411 226
diningtable 0.0015 395 208 438 232
diningtable 0.0014 287 239 299 249
diningtable 0.0013 434 178 496 200
diningtable 0.0013 395 240 406 251
diningtable 0.0013 108 254 151 321
diningtable 0.0013 337 176 408 221
diningtable 0.0013 433 189 497 208
diningtable 0.0012 240 163 274 194
diningtable 0.0012 417 215 433 223
diningtable 0.0012 340 117 360 125
diningtable 0.0012 489 196 499 258
diningtable 0.0012 390 224 494 327
diningtable 0.0012 494 198 498 237
tvmonitor 0.0172 488 43 499 102
tvmonitor 0.0071 477 41 500 113
