person 0.9894 33 154 52 210
person 0.8133 299 113 320 143
person 0.8046 170 112 204 161
person 0.7875 4 145 22 202
person 0.6883 18 153 36 211
person 0.4238 23 151 36 194
person 0.1743 0 151 10 211
person 0.1362 13 183 33 212
person 0.1301 0 150 5 175
person 0.1048 1 145 6 164
person 0.0633 0 158 4 185
person 0.0607 29 144 40 162
person 0.0605 0 143 10 185
person 0.0505 55 48 470 295
person 0.0501 340 112 360 140
person 0.0482 25 153 36 173
person 0.0392 353 118 366 138
person 0.0355 336 124 348 140
person 0.0334 226 130 243 160
person 0.0232 344 122 358 140
person 0.0219 1 163 4 200
person 0.0212 299 115 311 136
person 0.0206 375 117 386 136
person 0.0172 8 144 19 160
person 0.0167 22 153 32 174
person 0.0161 4 177 23 209
person 0.0153 161 127 173 143
person 0.0142 333 111 352 141
person 0.0142 304 116 317 136
person 0.0136 25 133 39 153
person 0.0129 34 144 46 162
person 0.0109 325 123 337 141
person 0.0108 0 136 13 151
person 0.0103 25 138 41 170
person 0.0097 361 124 374 138
person 0.0095 25 158 35 183
person 0.0090 3 137 19 152
person 0.0089 490 121 499 146
person 0.0084 323 116 334 137
person 0.0084 213 121 222 133
person 0.0082 322 110 338 141
person 0.0074 22 160 31 182
person 0.0074 0 175 4 209
person 0.0073 168 122 190 161
person 0.0069 24 130 39 143
person 0.0068 209 119 225 155
person 0.0066 124 126 136 143
person 0.0059 119 127 139 159
person 0.0054 1 129 9 144
person 0.0052 19 148 30 161
person 0.0051 17 186 31 203
person 0.0050 2 140 21 167
person 0.0050 159 119 176 150
person 0.0048 312 111 332 142
person 0.0044 232 126 241 144
person 0.0040 179 110 199 141
person 0.0035 212 124 221 141
person 0.0033 316 122 327 141
person 0.0033 0 131 15 158
person 0.0032 184 120 205 163
person 0.0031 178 100 213 153
person 0.0030 0 186 4 216
person 0.0030 65 131 78 138
person 0.0029 492 119 499 134
person 0.0028 216 126 237 161
person 0.0027 381 118 393 135
person 0.0027 37 154 46 168
person 0.0026 358 113 378 138
person 0.0024 0 171 8 229
person 0.0024 31 140 50 164
person 0.0023 123 133 137 151
person 0.0023 182 114 194 133
person 0.0023 0 135 29 192
person 0.0022 184 107 205 145
person 0.0021 8 186 20 203
person 0.0021 162 117 174 136
person 0.0021 318 117 329 135
person 0.0020 410 118 422 131
person 0.0020 33 148 50 181
person 0.0020 403 119 414 132
person 0.0020 375 109 386 125
person 0.0020 155 139 175 164
person 0.0020 2 160 27 220
person 0.0019 256 128 272 142
person 0.0018 76 117 85 130
person 0.0018 492 132 499 152
person 0.0017 158 98 177 136
person 0.0016 302 111 317 124
person 0.0016 392 119 404 134
person 0.0016 9 152 18 172
person 0.0015 486 118 500 151
person 0.0015 17 138 36 170
person 0.0015 161 133 173 149
person 0.0015 344 114 375 139
person 0.0012 205 110 237 161
person 0.0012 325 120 358 143
person 0.0012 255 120 275 147
person 0.0011 232 120 242 134
person 0.0010 16 135 35 150
person 0.0010 371 102 388 134
car 0.9677 51 131 87 153
car 0.7197 3 131 41 154
car 0.2437 0 136 13 151
car 0.1264 486 118 500 151
car 0.1109 490 121 499 146
car 0.0879 23 130 40 156
car 0.0592 28 132 79 155
car 0.0385 0 131 15 158
car 0.0378 24 130 39 143
car 0.0222 1 129 9 144
car 0.0195 3 137 19 152
car 0.0177 92 138 113 150
car 0.0171 81 135 118 153
car 0.0150 492 119 499 134
car 0.0110 492 132 499 152
car 0.0097 1 145 6 164
car 0.0071 0 135 13 172
car 0.0051 16 135 35 150
car 0.0045 100 137 117 148
car 0.0041 44 138 60 151
car 0.0030 31 132 52 157
car 0.0028 0 139 33 162
car 0.0026 34 138 49 154
car 0.0024 161 127 173 143
car 0.0023 -7 124 66 159
car 0.0023 59 135 84 150
car 0.0021 13 128 51 147
car 0.0017 0 121 24 151
car 0.0014 0 150 5 175
car 0.0011 41 132 63 154
car 0.0011 4 129 19 142
car 0.0011 47 131 62 140
car 0.0010 -8 133 61 175
bus 0.9998 78 34 486 281
bus 0.0182 490 121 499 146
bus 0.0177 487 104 499 148
bus 0.0096 445 93 485 180
bus 0.0075 492 119 499 134
bus 0.0023 0 125 35 149
bus 0.0016 477 84 500 158
bus 0.0012 0 120 16 152
bus 0.0011 1 129 9 144
train 0.0014 486 118 500 151
dog 0.0011 13 183 33 212
chair 0.0059 0 186 4 216
chair 0.0042 0 164 9 217
chair 0.0033 0 175 4 209
chair 0.0020 8 190 21 207
chair 0.0015 13 183 33 212
chair 0.0012 4 185 23 212
pottedplant 0.0011 76 108 83 124
