person 0.9971 293 89 415 282
person 0.9964 42 111 278 370
person 0.9876 27 88 78 224
person 0.9802 238 119 307 273
person 0.7384 135 144 160 170
person 0.6105 227 124 261 191
person 0.5414 373 142 393 159
person 0.2728 469 87 500 309
person 0.2148 476 144 499 287
person 0.1036 243 131 261 177
person 0.0907 445 126 502 305
person 0.0464 479 85 497 232
person 0.0281 169 136 190 171
person 0.0221 236 136 258 185
person 0.0206 -4 151 430 355
person 0.0155 233 122 257 170
person 0.0128 241 122 309 202
person 0.0125 489 114 500 173
person 0.0108 236 132 272 217
person 0.0102 372 142 405 178
person 0.0096 51 135 85 219
person 0.0093 20 100 46 215
person 0.0090 377 143 414 213
person 0.0084 250 134 273 177
person 0.0083 211 132 272 265
person 0.0066 432 211 478 276
person 0.0063 5 83 61 229
person 0.0053 206 151 273 205
person 0.0046 110 141 173 180
person 0.0046 489 135 499 190
person 0.0045 127 146 164 200
person 0.0045 227 129 248 175
person 0.0044 472 136 499 407
person 0.0041 473 7 499 235
person 0.0040 193 141 315 237
person 0.0036 493 91 500 159
person 0.0036 222 161 259 227
person 0.0033 479 213 499 338
person 0.0032 450 3 501 279
person 0.0031 228 163 262 186
person 0.0031 177 140 190 161
person 0.0026 422 176 486 290
person 0.0025 277 126 313 192
person 0.0024 32 88 72 159
person 0.0023 235 118 272 175
person 0.0023 0 233 166 370
person 0.0023 478 32 499 170
person 0.0022 245 155 263 189
person 0.0021 489 169 498 252
person 0.0019 207 121 249 195
person 0.0019 191 109 259 243
person 0.0018 239 157 276 236
person 0.0018 489 149 498 215
person 0.0015 219 159 235 190
person 0.0014 206 110 273 169
person 0.0014 448 201 488 277
person 0.0014 173 141 186 163
person 0.0013 493 158 499 185
person 0.0013 222 163 234 181
person 0.0012 88 148 166 201
person 0.0012 248 135 258 153
person 0.0012 265 208 299 273
person 0.0012 494 130 498 155
person 0.0011 227 27 259 96
person 0.0011 216 109 252 137
person 0.0011 227 145 263 178
person 0.0011 228 119 259 150
person 0.0011 369 141 423 258
person 0.0010 248 144 257 161
person 0.0010 228 146 296 208
person 0.0010 23 85 60 107
bottle 0.1103 239 175 247 191
bottle 0.0252 239 167 250 183
bottle 0.0192 233 177 242 191
bottle 0.0128 433 333 479 373
bottle 0.0065 234 168 252 194
bottle 0.0060 403 272 434 344
bottle 0.0038 479 213 499 338
bottle 0.0027 280 266 287 283
bottle 0.0020 257 175 266 186
bottle 0.0017 287 105 301 117
bottle 0.0017 364 301 408 334
bottle 0.0017 491 262 499 350
bottle 0.0015 250 179 260 189
bottle 0.0014 250 186 258 194
bottle 0.0014 230 167 239 181
bottle 0.0014 230 184 241 194
bottle 0.0013 240 184 250 193
bottle 0.0012 401 256 435 304
bottle 0.0011 227 170 247 195
bottle 0.0011 251 166 260 180
bottle 0.0010 488 259 500 317
bottle 0.0010 375 275 411 342
bottle 0.0010 436 294 481 364
chair 0.6292 270 220 312 282
chair 0.5448 432 213 479 280
chair 0.3051 -1 237 140 371
chair 0.2496 213 220 257 280
chair 0.2364 409 190 424 249
chair 0.1953 265 208 299 273
chair 0.0493 404 192 430 266
chair 0.0412 208 210 246 269
chair 0.0255 206 198 244 219
chair 0.0240 0 235 64 355
chair 0.0167 -8 235 276 377
chair 0.0144 276 250 310 284
chair 0.0131 271 216 292 263
chair 0.0114 120 142 161 170
chair 0.0112 239 138 307 283
chair 0.0109 217 215 294 287
chair 0.0100 214 207 237 218
chair 0.0078 448 201 488 277
chair 0.0078 265 185 328 285
chair 0.0068 266 225 282 271
chair 0.0067 409 243 429 257
chair 0.0058 295 187 427 281
chair 0.0055 440 163 505 302
chair 0.0054 205 216 277 325
chair 0.0052 422 176 486 290
chair 0.0050 272 226 353 282
chair 0.0048 408 186 424 200
chair 0.0048 405 193 419 247
chair 0.0048 476 164 499 304
chair 0.0047 409 197 442 273
chair 0.0042 408 185 424 220
chair 0.0042 210 188 256 214
chair 0.0040 236 200 278 268
chair 0.0037 255 217 272 267
chair 0.0036 262 178 299 255
chair 0.0031 379 150 414 243
chair 0.0028 479 257 500 368
chair 0.0028 260 213 396 303
chair 0.0026 65 257 359 363
chair 0.0024 23 216 166 331
chair 0.0022 409 220 428 258
chair 0.0021 195 192 242 215
chair 0.0018 256 156 270 174
chair 0.0017 186 210 308 303
chair 0.0017 225 226 249 270
chair 0.0016 31 201 70 220
chair 0.0015 276 107 439 332
chair 0.0015 0 236 66 279
chair 0.0015 207 202 228 217
chair 0.0015 282 227 303 273
chair 0.0014 367 156 426 273
chair 0.0014 208 182 245 253
chair 0.0014 83 217 259 309
chair 0.0013 279 263 287 281
chair 0.0013 256 169 266 179
chair 0.0013 222 187 352 280
chair 0.0012 273 236 294 281
chair 0.0012 493 158 499 185
chair 0.0011 280 244 321 277
chair 0.0011 489 135 499 190
chair 0.0010 214 216 254 242
chair 0.0010 395 221 476 280
chair 0.0010 267 208 329 335
chair 0.0010 220 175 259 259
chair 0.0010 0 235 25 247
chair 0.0010 404 240 434 259
chair 0.0010 -1 304 61 368
chair 0.0010 275 150 308 248
sofa 0.4998 -1 237 140 371
sofa 0.0411 -8 235 276 377
sofa 0.0118 432 211 478 276
sofa 0.0106 0 235 64 355
sofa 0.0069 440 163 505 302
sofa 0.0028 478 183 499 324
sofa 0.0017 21 128 268 370
sofa 0.0016 448 213 485 286
sofa 0.0015 472 130 500 376
sofa 0.0014 479 246 499 344
sofa 0.0012 23 216 166 331
pottedplant 0.2030 70 152 97 198
pottedplant 0.1869 211 93 259 120
pottedplant 0.1288 267 93 302 118
pottedplant 0.0891 205 85 281 122
pottedplant 0.0756 236 92 290 118
pottedplant 0.0613 285 101 302 117
pottedplant 0.0321 209 100 245 125
pottedplant 0.0208 276 98 292 115
pottedplant 0.0073 213 99 238 115
pottedplant 0.0067 74 176 89 194
pottedplant 0.0047 236 91 255 118
pottedplant 0.0043 230 87 282 111
pottedplant 0.0042 223 113 260 176
pottedplant 0.0034 280 107 289 117
pottedplant 0.0029 191 93 256 141
pottedplant 0.0025 35 92 83 221
pottedplant 0.0024 217 90 257 154
pottedplant 0.0023 237 91 256 104
pottedplant 0.0021 238 80 309 119
pottedplant 0.0018 171 76 334 154
pottedplant 0.0017 261 50 298 113
pottedplant 0.0015 294 101 305 117
pottedplant 0.0013 220 62 300 110
pottedplant 0.0012 217 106 236 120
pottedplant 0.0011 229 108 241 120
pottedplant 0.0011 197 96 239 119
pottedplant 0.0011 266 95 285 113
pottedplant 0.0010 77 152 98 179
pottedplant 0.0010 215 91 298 140
pottedplant 0.0010 79 161 96 200
diningtable 0.5518 238 256 490 373
diningtable 0.1505 209 212 268 269
diningtable 0.0894 211 184 259 201
diningtable 0.0875 210 188 256 214
diningtable 0.0515 203 174 275 216
diningtable 0.0398 236 190 289 219
diningtable 0.0346 223 204 292 271
diningtable 0.0199 225 169 262 193
diningtable 0.0153 224 192 293 241
diningtable 0.0120 321 287 487 369
diningtable 0.0103 213 216 240 223
diningtable 0.0101 370 260 495 362
diningtable 0.0088 212 215 257 227
diningtable 0.0077 206 151 273 205
diningtable 0.0077 210 153 272 276
diningtable 0.0077 205 207 277 308
diningtable 0.0073 265 208 299 273
diningtable 0.0072 206 198 244 219
diningtable 0.0070 65 257 359 363
diningtable 0.0067 222 161 259 227
diningtable 0.0055 186 185 310 276
diningtable 0.0051 230 184 241 194
diningtable 0.0044 214 216 254 242
diningtable 0.0041 206 282 384 370
diningtable 0.0035 193 141 315 237
diningtable 0.0029 229 137 297 284
diningtable 0.0029 128 213 291 310
diningtable 0.0027 227 181 279 202
diningtable 0.0019 271 216 460 307
diningtable 0.0017 479 257 500 368
diningtable 0.0017 408 186 424 200
diningtable 0.0016 137 179 268 212
diningtable 0.0015 0 233 166 370
diningtable 0.0015 216 219 254 262
diningtable 0.0014 247 171 283 194
diningtable 0.0014 181 195 271 236
diningtable 0.0013 195 192 242 215
diningtable 0.0013 -3 235 53 251
diningtable 0.0012 21 128 268 370
diningtable 0.0012 234 160 270 186
diningtable 0.0011 256 169 266 179
diningtable 0.0011 222 184 234 195
diningtable 0.0010 217 212 291 228
tvmonitor 0.0041 478 32 499 170
tvmonitor 0.0017 494 51 500 141
tvmonitor 0.0010 0 117 5 146
tvmonitor 0.0010 0 110 10 156
