person 0.6786 317 69 489 367
person 0.0073 158 46 488 336
person 0.0038 262 136 387 247
person 0.0027 170 154 228 312
person 0.0022 171 107 391 287
dog 0.1274 262 136 387 247
dog 0.0681 267 82 485 353
dog 0.0540 167 121 397 311
dog 0.0072 178 145 320 286
dog 0.0029 313 156 388 228
dog 0.0010 310 138 392 292
horse 0.0033 166 110 350 289
horse 0.0021 317 69 489 367
horse 0.0018 262 136 387 247
sheep 0.0134 162 122 351 311
sheep 0.0024 164 1 286 55
sheep 0.0023 262 136 387 247
cow 0.3286 162 122 351 311
cow 0.0468 262 136 387 247
cow 0.0195 30 130 315 332
cow 0.0175 267 82 485 353
cow 0.0112 10 31 408 348
cow 0.0075 198 96 453 291
cow 0.0024 158 150 289 288
cow 0.0018 164 1 286 55
bottle 0.0169 319 243 442 337
bottle 0.0042 317 69 489 367
chair 0.0239 326 72 485 323
chair 0.0019 171 107 391 287
chair 0.0011 467 185 499 250
diningtable 0.0010 467 185 499 250
