person 0.0010 3 -23 51 425
bottle 0.0115 372 267 437 354
bottle 0.0075 0 156 11 399
bottle 0.0016 0 346 4 451
bottle 0.0016 3 4 52 433
bottle 0.0011 0 55 7 387
bottle 0.0010 0 368 11 494
bottle 0.0010 0 -13 22 452
bottle 0.0010 57 77 188 349
chair 0.7602 174 225 373 336
chair 0.0042 352 253 443 349
chair 0.0022 210 222 306 257
chair 0.0012 45 222 172 358
sofa 0.1417 174 225 373 336
sofa 0.0014 352 253 443 349
pottedplant 0.3778 57 77 188 349
pottedplant 0.1705 310 132 496 348
pottedplant 0.0010 371 224 442 345
diningtable 0.9232 24 311 495 510
diningtable 0.0022 10 203 500 460
diningtable 0.0014 174 318 335 386
