person 0.0025 40 50 469 378
bicycle 0.0068 3 2 168 223
car 0.0012 3 4 172 277
boat 0.0010 3 2 168 223
cat 0.9460 22 17 482 301
cat 0.0916 3 4 172 277
cat 0.0753 32 57 299 298
cat 0.0049 162 43 491 248
cat 0.0040 139 258 492 365
dog 0.0088 143 33 491 344
chair 0.0263 6 32 441 330
chair 0.0067 3 2 168 223
sofa 0.1562 40 50 469 378
sofa 0.0125 7 1 490 237
pottedplant 0.0113 3 4 172 277
pottedplant 0.0030 -8 16 454 294
pottedplant 0.0014 2 88 57 230
diningtable 0.0091 40 50 469 378
diningtable 0.0025 -3 296 502 369
diningtable 0.0018 30 230 479 379
tvmonitor 0.0481 3 2 168 223
