person 0.0179 0 208 5 292
person 0.0135 46 188 79 217
person 0.0099 93 192 131 226
person 0.0099 0 228 1 272
person 0.0052 319 177 359 208
person 0.0052 126 188 163 239
person 0.0044 7 11 309 320
person 0.0043 483 181 498 327
person 0.0040 91 193 156 239
person 0.0039 47 176 84 226
person 0.0039 0 229 7 308
person 0.0038 60 176 80 212
person 0.0037 367 175 388 208
person 0.0037 494 229 500 309
person 0.0035 320 178 342 204
person 0.0030 92 194 111 225
person 0.0024 0 211 2 251
person 0.0020 109 187 130 222
person 0.0020 298 191 343 213
person 0.0019 498 236 499 281
person 0.0019 46 177 119 226
person 0.0019 32 189 103 232
person 0.0018 66 191 76 209
person 0.0017 497 215 499 247
person 0.0015 497 220 499 260
person 0.0015 364 196 397 224
person 0.0014 0 240 2 298
person 0.0012 492 201 498 279
person 0.0012 296 175 369 218
person 0.0012 300 177 342 208
person 0.0011 478 223 492 257
person 0.0011 114 202 127 221
person 0.0011 58 185 103 218
person 0.0011 498 250 499 306
person 0.0010 453 182 465 219
person 0.0010 66 186 76 199
person 0.0010 301 197 320 210
person 0.0010 109 174 177 225
bicycle 0.0015 0 229 7 308
car 0.0076 0 208 5 292
car 0.0059 0 228 1 272
car 0.0048 0 229 7 308
car 0.0043 494 229 500 309
car 0.0031 483 181 498 327
car 0.0025 498 236 499 281
car 0.0021 0 211 2 251
car 0.0018 251 138 503 360
car 0.0017 497 215 499 247
car 0.0013 497 220 499 260
car 0.0011 498 250 499 306
car 0.0011 492 201 498 279
car 0.0011 0 240 2 298
motorbike 0.0019 0 220 5 299
motorbike 0.0011 0 228 1 272
bus 0.9996 12 10 283 339
bus 0.9991 256 91 499 349
bus 0.0062 0 3 25 346
bus 0.0052 2 19 49 330
bus 0.0023 237 183 269 247
bus 0.0015 0 48 12 306
bus 0.0011 483 181 498 327
train 0.0012 256 72 496 334
pottedplant 0.1032 0 263 11 311
pottedplant 0.0088 1 270 7 304
pottedplant 0.0078 0 224 16 322
pottedplant 0.0051 0 229 7 308
pottedplant 0.0043 1 257 4 300
pottedplant 0.0029 0 283 8 309
pottedplant 0.0011 475 118 498 197
