person 0.9956 360 129 402 242
person 0.9923 229 154 262 231
person 0.9864 110 138 147 231
person 0.7596 428 224 445 249
person 0.3678 464 223 473 244
person 0.2852 2 212 22 254
person 0.2137 490 224 499 245
person 0.1944 28 213 39 232
person 0.1711 124 139 162 232
person 0.1514 24 213 42 252
person 0.1389 0 212 7 235
person 0.1368 166 165 321 268
person 0.1299 33 215 52 251
person 0.1266 14 216 33 253
person 0.1151 9 212 19 233
person 0.1102 0 207 12 243
person 0.1036 290 200 312 248
person 0.1034 28 209 39 224
person 0.0960 46 214 57 233
person 0.0819 0 207 6 224
person 0.0807 37 215 48 232
person 0.0774 42 216 61 249
person 0.0764 301 187 319 243
person 0.0756 8 209 17 224
person 0.0699 487 218 499 250
person 0.0653 17 216 28 233
person 0.0629 37 165 184 266
person 0.0488 38 210 48 223
person 0.0449 0 218 4 247
person 0.0429 294 233 306 247
person 0.0364 287 156 456 271
person 0.0351 352 234 371 245
person 0.0343 54 213 64 232
person 0.0337 373 236 383 245
person 0.0288 170 216 186 249
person 0.0282 47 210 56 223
person 0.0280 361 236 377 244
person 0.0279 0 230 5 253
person 0.0275 166 198 197 258
person 0.0272 58 209 67 223
person 0.0266 495 217 499 234
person 0.0265 1 219 13 261
person 0.0233 171 223 183 245
person 0.0230 490 198 499 251
person 0.0219 47 222 59 243
person 0.0193 306 223 318 245
person 0.0189 396 148 430 225
person 0.0175 142 150 172 232
person 0.0172 51 216 69 248
person 0.0170 497 196 499 231
person 0.0169 398 154 420 181
person 0.0162 17 223 28 241
person 0.0138 28 224 39 242
person 0.0137 466 221 484 248
person 0.0135 346 227 358 246
person 0.0131 66 225 77 244
person 0.0129 37 223 49 242
person 0.0127 14 218 52 249
person 0.0126 425 227 436 245
person 0.0125 460 222 475 249
person 0.0125 491 231 498 250
person 0.0122 0 198 5 214
person 0.0113 358 140 423 211
person 0.0095 19 210 30 224
person 0.0085 26 212 59 239
person 0.0084 481 225 491 245
person 0.0076 173 216 185 234
person 0.0076 11 221 21 243
person 0.0074 291 234 302 248
person 0.0071 478 221 495 248
person 0.0067 174 204 193 242
person 0.0066 344 228 378 245
person 0.0065 105 156 177 220
person 0.0062 391 154 411 181
person 0.0061 295 226 309 247
person 0.0060 305 234 316 247
person 0.0058 26 206 43 230
person 0.0058 286 162 298 175
person 0.0056 430 233 443 248
person 0.0056 120 169 450 249
person 0.0055 46 233 60 250
person 0.0055 28 230 39 251
person 0.0052 17 231 32 252
person 0.0051 149 160 170 193
person 0.0050 5 211 42 238
person 0.0050 493 188 500 243
person 0.0049 172 231 182 249
person 0.0047 54 223 66 244
person 0.0047 295 194 329 251
person 0.0046 9 226 41 254
person 0.0046 464 223 469 232
person 0.0043 113 235 129 248
person 0.0043 61 220 78 248
person 0.0042 405 159 415 174
person 0.0042 3 204 21 230
person 0.0040 55 233 68 250
person 0.0039 394 158 407 178
person 0.0037 166 198 191 234
person 0.0036 165 225 176 244
person 0.0036 160 218 178 248
bicycle 0.0014 170 216 186 249
bicycle 0.0013 171 223 183 245
car 0.0047 131 171 318 279
car 0.0019 59 162 188 271
car 0.0015 163 197 198 231
car 0.0012 154 204 244 250
bus 0.0011 59 162 188 271
train 0.0020 59 162 188 271
bird 0.0031 490 224 499 245
dog 0.0898 441 232 454 249
dog 0.0422 430 233 443 248
dog 0.0259 490 224 499 245
dog 0.0200 220 236 232 248
dog 0.0163 428 224 445 249
dog 0.0109 227 238 242 248
dog 0.0095 235 240 253 248
dog 0.0095 294 233 306 247
dog 0.0082 210 235 223 247
dog 0.0065 448 234 462 248
dog 0.0064 464 223 473 244
dog 0.0040 352 234 371 245
dog 0.0034 487 218 499 250
dog 0.0033 429 231 462 249
dog 0.0024 491 231 498 250
dog 0.0023 361 236 377 244
dog 0.0017 373 236 383 245
dog 0.0012 218 235 255 248
dog 0.0011 481 225 491 245
dog 0.0011 471 236 481 247
dog 0.0010 291 234 302 248
horse 0.9988 289 167 455 284
horse 0.9940 57 166 189 281
horse 0.9918 166 166 316 283
horse 0.0151 290 200 312 248
horse 0.0145 113 235 129 248
horse 0.0080 26 218 60 249
horse 0.0073 1 212 14 254
horse 0.0068 428 224 445 249
horse 0.0065 103 233 136 249
horse 0.0057 430 233 443 248
horse 0.0051 50 180 299 271
horse 0.0035 120 236 134 247
horse 0.0034 166 198 197 258
horse 0.0034 104 235 121 247
horse 0.0028 0 207 63 253
horse 0.0027 1 223 21 256
horse 0.0024 175 200 307 255
horse 0.0022 154 204 244 250
horse 0.0022 490 224 499 245
horse 0.0022 0 230 5 253
horse 0.0021 15 227 49 253
horse 0.0020 425 229 455 250
horse 0.0020 0 218 4 247
horse 0.0020 7 217 42 251
horse 0.0019 113 231 127 243
horse 0.0019 37 228 69 252
horse 0.0016 385 161 447 217
horse 0.0015 284 203 353 252
horse 0.0015 24 213 42 252
horse 0.0015 487 218 499 250
horse 0.0012 396 148 430 225
horse 0.0012 368 178 457 234
horse 0.0011 218 235 255 248
horse 0.0010 85 226 98 241
horse 0.0010 0 212 7 235
sheep 0.0385 235 240 253 248
sheep 0.0347 441 232 454 249
sheep 0.0190 220 236 232 248
sheep 0.0137 227 238 242 248
sheep 0.0122 430 233 443 248
sheep 0.0088 490 224 499 245
sheep 0.0070 428 224 445 249
sheep 0.0057 210 235 223 247
sheep 0.0026 448 234 462 248
sheep 0.0025 487 218 499 250
sheep 0.0020 224 237 262 249
sheep 0.0016 373 236 383 245
sheep 0.0015 245 242 258 248
sheep 0.0011 429 231 462 249
sheep 0.0010 113 235 129 248
sheep 0.0010 464 223 473 244
chair 0.0241 490 224 499 245
chair 0.0171 235 240 253 248
chair 0.0127 491 231 498 250
chair 0.0077 227 238 242 248
chair 0.0048 220 236 232 248
chair 0.0047 487 218 499 250
chair 0.0037 430 233 443 248
chair 0.0017 210 235 223 247
chair 0.0015 373 236 383 245
chair 0.0015 245 242 258 248
chair 0.0014 480 233 491 247
chair 0.0013 471 236 481 247
chair 0.0012 464 223 473 244
chair 0.0011 441 232 454 249
chair 0.0010 294 233 306 247
diningtable 0.0011 490 224 499 245
