person 0.0218 272 142 505 360
person 0.0022 309 169 481 274
person 0.0017 44 178 55 190
bottle 0.0234 241 219 253 241
bottle 0.0214 227 206 242 238
bottle 0.0076 230 193 241 211
bottle 0.0062 218 223 230 239
bottle 0.0038 48 220 56 233
bottle 0.0033 221 215 231 232
bottle 0.0019 373 299 384 311
bottle 0.0019 249 224 261 239
bottle 0.0014 48 216 57 229
bottle 0.0013 220 209 237 237
chair 0.9837 185 154 244 227
chair 0.4051 44 230 84 293
chair 0.0510 272 142 505 360
chair 0.0187 45 231 77 265
chair 0.0078 445 234 501 353
chair 0.0051 1 163 79 340
chair 0.0046 150 151 189 238
chair 0.0029 128 147 292 239
chair 0.0020 256 149 339 202
chair 0.0020 256 171 293 193
chair 0.0018 41 167 95 302
chair 0.0015 474 230 498 357
chair 0.0012 45 243 80 336
chair 0.0011 42 203 84 271
chair 0.0011 253 179 296 201
chair 0.0010 50 247 76 290
chair 0.0010 188 201 229 221
chair 0.0010 197 184 239 240
sofa 0.9665 246 133 497 338
sofa 0.0054 274 162 469 281
sofa 0.0014 180 153 240 228
sofa 0.0010 45 231 77 265
pottedplant 0.0190 227 192 243 235
diningtable 0.0013 157 152 193 234
diningtable 0.0012 176 217 324 306
tvmonitor 0.7932 1 148 57 361
tvmonitor 0.0079 1 131 62 264
tvmonitor 0.0025 38 162 65 234
