person 0.9919 297 188 313 233
person 0.5949 118 188 127 201
person 0.5259 310 187 318 214
person 0.5241 122 188 130 208
person 0.0970 107 186 114 194
person 0.0827 309 187 315 200
person 0.0705 240 182 253 197
person 0.0593 281 188 287 200
person 0.0587 190 185 199 194
person 0.0444 175 186 183 193
person 0.0374 184 186 192 193
person 0.0325 300 189 306 198
person 0.0315 95 187 102 194
person 0.0310 116 187 130 214
person 0.0262 90 186 96 195
person 0.0176 203 185 212 194
person 0.0136 236 178 256 200
person 0.0135 56 205 66 213
person 0.0131 247 184 258 196
person 0.0128 259 185 268 197
person 0.0107 167 185 173 194
person 0.0101 301 203 318 233
person 0.0089 189 179 201 191
person 0.0077 166 156 299 234
person 0.0072 24 179 40 188
person 0.0072 143 186 149 197
person 0.0066 308 207 317 217
person 0.0063 312 185 324 222
person 0.0060 247 178 258 192
person 0.0054 1 193 9 206
person 0.0053 269 186 276 198
person 0.0051 251 121 261 133
person 0.0050 48 205 58 213
person 0.0047 221 184 229 194
person 0.0046 231 183 240 196
person 0.0046 203 177 212 193
person 0.0040 291 183 319 239
person 0.0040 20 179 26 188
person 0.0032 97 195 103 203
person 0.0031 139 186 144 197
person 0.0030 107 180 114 192
person 0.0026 231 179 240 191
person 0.0025 300 195 306 207
person 0.0025 39 185 48 195
person 0.0024 306 212 315 224
person 0.0023 25 186 42 195
person 0.0023 355 252 496 369
person 0.0022 210 184 218 194
person 0.0022 281 191 287 206
person 0.0021 327 167 497 381
person 0.0021 89 176 97 192
person 0.0020 183 180 192 191
person 0.0020 308 181 313 190
person 0.0019 39 181 47 189
person 0.0019 0 180 5 206
person 0.0018 315 191 321 213
person 0.0018 34 169 98 215
person 0.0018 15 194 31 212
person 0.0017 105 196 115 202
person 0.0017 220 177 229 191
person 0.0015 306 179 318 211
person 0.0015 112 182 131 206
person 0.0015 290 186 295 200
person 0.0014 94 179 102 192
person 0.0013 37 203 48 214
person 0.0013 259 178 267 193
person 0.0012 174 181 183 191
person 0.0011 47 182 54 196
person 0.0011 17 186 25 198
bicycle 0.0011 1 193 9 206
car 0.9939 22 198 88 243
car 0.9899 87 193 129 226
car 0.9695 355 252 496 369
car 0.8298 15 187 48 213
car 0.2900 55 183 93 215
car 0.1097 1 193 9 206
car 0.0323 8 194 19 208
car 0.0244 15 194 31 212
car 0.0203 6 172 45 209
car 0.0122 327 167 497 381
car 0.0092 22 195 42 209
car 0.0075 14 171 49 197
car 0.0072 0 180 5 206
car 0.0066 64 194 95 223
car 0.0065 0 223 17 330
car 0.0057 0 171 14 208
car 0.0052 50 175 91 197
car 0.0043 34 169 98 215
car 0.0040 20 194 43 226
car 0.0035 116 187 130 214
car 0.0025 90 186 96 195
car 0.0025 166 156 299 234
car 0.0022 25 186 42 195
car 0.0017 95 187 102 194
car 0.0015 26 200 39 215
car 0.0015 0 163 22 204
car 0.0014 492 194 497 206
car 0.0014 34 201 89 221
car 0.0013 12 191 49 234
car 0.0013 84 202 94 221
car 0.0013 24 179 40 188
car 0.0012 62 196 84 205
motorbike 0.0341 338 246 499 376
motorbike 0.0054 1 193 9 206
bus 0.9971 152 155 289 237
bus 0.0834 54 171 93 216
bus 0.0240 50 175 91 197
bus 0.0126 13 177 51 210
bus 0.0054 14 171 49 197
bus 0.0052 0 163 15 205
bus 0.0044 1 167 44 200
bus 0.0043 13 161 86 209
bus 0.0021 153 162 215 221
bus 0.0013 0 155 29 208
bus 0.0011 150 169 165 217
train 0.0011 0 163 15 205
pottedplant 0.0055 251 121 261 133
pottedplant 0.0053 114 164 126 174
pottedplant 0.0020 277 106 283 122
