person 0.9465 90 163 125 226
person 0.0332 100 162 123 205
person 0.0126 49 192 72 228
person 0.0106 92 171 151 222
person 0.0101 87 202 108 233
person 0.0087 0 183 20 286
person 0.0079 56 170 124 225
person 0.0067 87 172 120 206
person 0.0066 44 183 65 218
person 0.0056 107 175 126 223
person 0.0048 61 202 103 237
person 0.0040 91 162 111 202
person 0.0040 65 179 74 204
person 0.0038 201 166 209 174
person 0.0038 90 179 110 219
person 0.0037 189 169 200 175
person 0.0034 33 161 66 228
person 0.0033 492 161 499 178
person 0.0028 45 203 76 233
person 0.0025 54 191 120 235
person 0.0024 201 153 208 174
person 0.0022 93 185 104 199
person 0.0022 42 198 49 221
person 0.0022 0 168 8 250
person 0.0022 88 190 128 211
person 0.0021 55 189 68 208
person 0.0020 60 189 77 231
person 0.0018 189 153 200 174
person 0.0017 62 180 76 219
person 0.0017 91 199 126 222
person 0.0015 182 167 197 176
person 0.0015 90 208 105 229
person 0.0015 106 182 144 240
person 0.0014 48 164 77 230
person 0.0013 124 169 155 224
person 0.0012 43 189 49 211
person 0.0012 140 175 154 189
person 0.0012 65 192 75 207
person 0.0011 38 190 50 226
person 0.0011 187 160 204 203
person 0.0011 54 173 71 209
person 0.0011 494 156 500 171
person 0.0010 437 170 465 224
person 0.0010 54 202 70 218
person 0.0010 0 125 17 266
person 0.0010 45 199 59 218
person 0.0010 11 191 81 235
person 0.0010 45 191 60 210
car 0.0019 494 156 500 171
car 0.0017 492 161 499 178
car 0.0017 304 196 325 207
car 0.0013 140 175 154 189
bird 0.0011 437 170 465 224
horse 0.0016 437 170 465 224
bottle 0.0166 238 245 246 263
bottle 0.0013 237 233 249 266
chair 0.0782 205 173 226 207
chair 0.0131 0 202 20 304
chair 0.0063 1 210 61 327
chair 0.0051 437 170 465 224
chair 0.0045 209 181 222 199
chair 0.0039 208 174 225 188
chair 0.0039 198 172 218 208
chair 0.0031 61 202 103 237
chair 0.0026 0 228 123 319
chair 0.0023 51 202 73 232
chair 0.0022 208 176 240 206
chair 0.0021 89 192 157 233
chair 0.0020 45 216 77 242
chair 0.0020 0 198 7 297
chair 0.0019 213 184 236 214
chair 0.0019 99 202 122 217
chair 0.0018 212 192 236 205
chair 0.0017 210 190 223 206
chair 0.0017 6 224 85 287
chair 0.0017 189 169 200 175
chair 0.0017 225 195 241 226
chair 0.0016 11 221 30 254
chair 0.0015 186 172 205 208
chair 0.0014 87 202 108 233
chair 0.0013 91 202 126 233
chair 0.0013 54 210 71 228
chair 0.0012 204 170 237 220
chair 0.0010 111 209 126 223
chair 0.0010 44 222 67 232
chair 0.0010 90 176 125 242
chair 0.0010 150 226 247 274
sofa 0.0024 437 170 465 224
pottedplant 0.0160 435 115 466 201
pottedplant 0.0106 1 43 56 270
pottedplant 0.0087 0 125 17 266
pottedplant 0.0059 437 170 465 224
pottedplant 0.0054 477 172 499 210
pottedplant 0.0048 0 28 29 321
pottedplant 0.0040 0 202 20 304
pottedplant 0.0040 488 164 499 214
pottedplant 0.0032 13 2 172 267
pottedplant 0.0031 139 177 156 223
pottedplant 0.0030 471 161 499 226
pottedplant 0.0017 435 165 443 180
pottedplant 0.0016 14 2 115 100
pottedplant 0.0015 455 143 495 210
pottedplant 0.0014 495 173 498 206
pottedplant 0.0014 437 143 458 179
pottedplant 0.0012 0 148 8 233
pottedplant 0.0011 0 42 16 234
pottedplant 0.0011 494 165 498 194
pottedplant 0.0010 445 146 467 177
diningtable 0.0493 39 242 128 297
diningtable 0.0120 186 172 225 208
diningtable 0.0106 186 172 226 189
diningtable 0.0084 17 231 121 279
diningtable 0.0060 36 239 126 257
diningtable 0.0040 80 199 125 221
diningtable 0.0035 205 173 226 207
diningtable 0.0031 208 174 225 188
diningtable 0.0026 45 225 77 249
diningtable 0.0025 186 176 205 182
diningtable 0.0022 79 193 125 210
diningtable 0.0022 189 169 200 175
diningtable 0.0020 134 226 236 276
diningtable 0.0019 90 195 108 204
diningtable 0.0019 186 172 205 208
diningtable 0.0017 66 192 146 234
diningtable 0.0016 6 224 85 287
diningtable 0.0016 53 214 215 287
diningtable 0.0013 129 220 241 255
diningtable 0.0013 96 227 191 279
diningtable 0.0013 40 214 130 252
diningtable 0.0013 99 198 120 206
diningtable 0.0012 61 202 103 237
diningtable 0.0011 195 176 218 184
diningtable 0.0011 207 170 226 177
diningtable 0.0010 44 230 117 248
diningtable 0.0010 50 229 160 280
diningtable 0.0010 44 222 67 232
