person 0.4126 326 218 332 240
person 0.1200 52 232 59 255
person 0.0542 318 220 323 239
person 0.0332 462 224 467 236
person 0.0150 316 215 322 228
person 0.0129 327 216 333 229
person 0.0123 85 220 90 237
person 0.0108 0 251 2 268
person 0.0090 4 217 18 265
person 0.0073 403 223 409 233
person 0.0072 415 222 421 232
person 0.0065 314 216 318 228
person 0.0062 495 219 498 241
person 0.0062 0 234 1 266
person 0.0049 463 217 468 227
person 0.0045 454 225 464 236
person 0.0042 415 218 420 226
person 0.0035 423 224 428 233
person 0.0034 313 219 318 237
person 0.0027 83 221 88 237
person 0.0027 461 226 469 249
person 0.0024 417 233 424 247
person 0.0023 423 218 428 227
person 0.0022 459 219 470 256
person 0.0022 423 234 432 246
person 0.0021 55 233 62 252
person 0.0020 403 231 409 248
person 0.0017 396 221 406 228
person 0.0015 402 218 411 227
person 0.0013 322 214 336 243
person 0.0013 85 218 90 231
person 0.0013 399 223 405 230
person 0.0011 138 207 142 217
person 0.0010 493 212 498 225
bicycle 0.0022 0 251 2 268
car 0.0116 0 251 2 268
car 0.0077 454 225 464 236
car 0.0057 396 221 406 228
car 0.0054 420 222 472 242
car 0.0037 421 230 471 247
car 0.0036 493 212 498 225
car 0.0029 0 234 1 266
car 0.0029 402 218 411 227
car 0.0021 494 206 498 220
car 0.0021 0 223 6 232
car 0.0018 462 224 467 236
car 0.0017 495 219 498 241
car 0.0017 426 220 505 241
car 0.0013 425 235 445 245
car 0.0011 430 227 442 235
car 0.0010 399 223 405 230
motorbike 0.0016 0 251 2 268
bus 0.0085 107 198 146 255
bus 0.0012 489 186 499 235
bus 0.0010 0 223 6 232
bus 0.0010 494 206 498 220
train 0.9830 107 191 144 250
train 0.0910 403 214 506 247
train 0.0153 425 201 505 242
train 0.0080 376 196 505 256
train 0.0078 365 204 500 237
train 0.0068 103 195 175 245
train 0.0060 448 217 503 241
train 0.0056 63 191 364 251
train 0.0051 420 222 472 242
train 0.0047 334 215 495 244
train 0.0041 311 207 479 230
train 0.0040 357 205 404 222
train 0.0029 473 184 500 250
train 0.0027 355 212 419 226
train 0.0016 138 195 511 245
train 0.0014 421 230 471 247
train 0.0014 432 211 501 232
train 0.0011 493 212 498 225
train 0.0010 476 204 498 240
