person 0.9995 270 65 486 389
person 0.9994 22 81 236 376
person 0.0139 289 197 497 377
person 0.0039 0 285 72 372
person 0.0016 362 77 509 372
person 0.0011 0 115 19 201
bicycle 0.0085 19 212 253 366
bicycle 0.0016 -1 90 225 369
bicycle 0.0013 0 285 72 372
car 0.0041 18 169 251 363
car 0.0032 -1 121 75 172
car 0.0019 418 37 498 88
car 0.0018 412 80 499 118
car 0.0017 285 73 496 325
car 0.0013 415 50 500 110
motorbike 0.0126 18 169 251 363
motorbike 0.0015 50 250 229 363
motorbike 0.0015 289 197 497 377
motorbike 0.0010 0 285 72 372
bus 0.0021 248 57 538 396
boat 0.0024 248 57 538 396
boat 0.0011 289 197 497 377
cat 0.0052 289 159 496 374
cat 0.0047 1 294 70 372
dog 0.9665 289 159 496 374
dog 0.0335 1 294 70 372
dog 0.0169 298 183 433 342
dog 0.0023 309 178 481 282
dog 0.0017 293 247 426 368
horse 0.0012 1 294 70 372
sheep 0.0233 289 197 497 377
cow 0.0032 1 294 70 372
bottle 0.0099 0 139 8 189
bottle 0.0037 1 147 5 180
bottle 0.0036 0 155 3 190
bottle 0.0021 0 144 8 163
chair 0.8389 197 181 257 366
chair 0.5368 18 169 251 363
chair 0.1279 1 294 70 372
chair 0.0603 0 123 83 180
chair 0.0548 50 250 229 363
chair 0.0384 285 197 456 377
chair 0.0185 292 322 327 351
chair 0.0133 59 170 101 195
chair 0.0121 97 200 250 346
chair 0.0113 67 269 96 355
chair 0.0108 66 191 110 209
chair 0.0090 245 299 271 373
chair 0.0051 60 173 105 209
chair 0.0050 275 204 322 375
chair 0.0041 54 269 90 362
chair 0.0030 169 178 202 190
chair 0.0026 190 186 254 247
chair 0.0025 280 229 395 366
chair 0.0024 296 320 374 373
chair 0.0024 282 290 458 371
chair 0.0021 141 220 270 369
chair 0.0019 208 231 239 352
chair 0.0019 71 312 91 358
chair 0.0019 225 191 279 362
chair 0.0017 0 144 8 163
chair 0.0016 280 321 317 374
chair 0.0016 60 182 105 247
chair 0.0016 74 284 94 331
chair 0.0016 1 260 113 367
chair 0.0016 200 189 249 209
chair 0.0011 81 316 94 336
chair 0.0011 0 139 8 189
chair 0.0010 25 294 98 365
chair 0.0010 66 193 78 211
sofa 0.0752 18 169 251 363
sofa 0.0104 -1 123 75 179
sofa 0.0042 288 161 457 376
sofa 0.0037 1 294 70 372
pottedplant 0.0015 -1 120 83 173
pottedplant 0.0015 37 89 101 147
pottedplant 0.0011 49 84 119 201
diningtable 0.0033 19 212 253 366
diningtable 0.0022 43 296 232 368
tvmonitor 0.5647 -1 123 75 179
