person 0.1208 2 2 46 70
person 0.1200 0 -19 58 333
person 0.0673 0 4 28 343
person 0.0461 3 -9 213 334
person 0.0244 41 188 132 324
person 0.0178 285 -8 504 265
person 0.0156 132 185 199 330
person 0.0154 0 -18 50 181
person 0.0151 441 12 499 184
person 0.0121 10 93 74 298
person 0.0081 374 10 499 169
person 0.0077 156 -3 506 351
person 0.0076 31 2 48 50
person 0.0072 1 -1 24 118
person 0.0069 1 42 20 195
person 0.0068 1 7 13 342
person 0.0065 160 257 201 332
person 0.0058 57 232 204 325
person 0.0043 26 0 45 37
person 0.0035 2 0 44 35
person 0.0034 1 5 10 66
person 0.0034 7 1 87 52
person 0.0024 482 17 499 181
person 0.0023 26 0 62 58
person 0.0021 -9 2 118 326
person 0.0021 0 165 58 334
person 0.0020 0 -7 57 97
person 0.0020 414 -17 496 248
person 0.0019 36 1 46 14
person 0.0018 89 181 162 332
person 0.0018 0 166 16 334
person 0.0018 2 -6 12 41
person 0.0015 1 17 8 93
person 0.0015 29 152 234 329
person 0.0015 0 3 22 53
person 0.0013 470 -22 500 220
person 0.0012 25 9 47 60
bicycle 0.0020 238 5 506 266
car 0.0168 238 5 506 266
car 0.0027 2 0 44 35
car 0.0023 2 -3 30 58
car 0.0019 0 0 22 35
car 0.0018 2 -6 12 41
car 0.0016 297 -7 504 175
car 0.0011 1 -3 7 21
bus 0.0011 238 5 506 266
boat 0.0148 232 2 544 338
dog 0.9986 247 27 505 320
horse 0.9760 -6 -15 270 344
cow 0.0660 -1 -21 332 350
cow 0.0033 2 -5 215 275
cow 0.0018 234 3 290 49
chair 0.0732 238 5 506 266
chair 0.0129 297 -7 504 175
chair 0.0022 482 17 499 181
chair 0.0017 440 0 499 164
sofa 0.0071 278 60 505 326
sofa 0.0018 156 -3 506 351
diningtable 0.0057 238 5 506 266
