person 0.0127 0 214 22 327
person 0.0053 26 -10 475 313
person 0.0036 0 218 21 277
person 0.0031 0 238 13 293
person 0.0019 -1 177 53 445
person 0.0014 0 247 8 323
person 0.0013 491 0 500 71
person 0.0011 477 -2 498 81
bicycle 0.8300 363 -1 494 84
bicycle 0.2574 304 40 500 389
bicycle 0.0248 257 1 478 81
bicycle 0.0140 296 0 374 44
bicycle 0.0084 35 48 457 449
bicycle 0.0037 127 11 446 110
bicycle 0.0036 311 1 350 32
bicycle 0.0036 439 103 502 323
bicycle 0.0031 298 0 369 114
bicycle 0.0023 339 0 358 35
bicycle 0.0020 433 6 500 74
bicycle 0.0019 298 15 505 211
bicycle 0.0019 379 2 483 51
bicycle 0.0018 332 2 352 33
bicycle 0.0017 224 0 514 138
bicycle 0.0013 244 1 350 39
bicycle 0.0012 384 83 502 420
bicycle 0.0011 279 39 358 107
bicycle 0.0011 272 11 362 65
bicycle 0.0011 300 0 345 19
bicycle 0.0011 477 -2 498 81
bicycle 0.0011 361 4 434 72
bicycle 0.0010 318 -4 356 49
bicycle 0.0010 78 7 342 73
car 0.0421 26 -10 475 313
car 0.0242 304 40 500 389
car 0.0158 -2 212 54 443
car 0.0066 49 18 515 191
car 0.0024 359 19 505 281
car 0.0019 439 103 502 323
car 0.0013 363 6 497 102
motorbike 0.9944 21 8 465 433
motorbike 0.7148 300 29 503 348
motorbike 0.1161 -1 177 53 445
motorbike 0.0292 49 18 515 191
motorbike 0.0089 0 214 22 327
motorbike 0.0079 439 103 502 323
motorbike 0.0077 363 6 497 102
motorbike 0.0051 1 134 29 449
motorbike 0.0033 108 0 462 78
motorbike 0.0027 0 203 17 416
motorbike 0.0026 332 84 481 204
motorbike 0.0021 356 7 505 217
motorbike 0.0020 466 76 501 311
motorbike 0.0017 469 121 499 225
motorbike 0.0014 208 11 442 107
motorbike 0.0014 319 130 481 234
motorbike 0.0012 324 50 494 169
bus 0.0021 26 -10 475 313
bus 0.0012 363 6 497 102
train 0.0040 26 -10 475 313
dog 0.0024 56 23 494 411
horse 0.0011 304 40 500 389
diningtable 0.0179 35 48 457 449
