person 0.9769 473 140 497 209
person 0.9402 419 138 439 199
person 0.8601 446 138 472 201
person 0.4793 471 144 479 163
person 0.2861 444 141 453 163
person 0.2306 452 140 458 151
person 0.2120 469 146 485 197
person 0.1651 445 139 452 154
person 0.1570 463 140 470 150
person 0.1373 441 138 455 173
person 0.1185 489 139 499 205
person 0.1148 471 141 478 152
person 0.1111 468 140 482 171
person 0.1014 415 139 426 187
person 0.0965 482 142 489 150
person 0.0700 457 141 474 190
person 0.0501 472 152 481 171
person 0.0418 481 146 489 158
person 0.0381 493 138 498 152
person 0.0373 427 143 445 188
person 0.0349 465 143 472 160
person 0.0342 494 140 498 166
person 0.0311 106 54 449 268
person 0.0236 422 139 429 149
person 0.0201 490 133 499 176
person 0.0188 214 110 234 138
person 0.0167 450 141 458 160
person 0.0163 418 139 425 152
person 0.0158 219 115 231 134
person 0.0138 493 150 498 177
person 0.0111 433 144 442 161
person 0.0104 446 138 462 171
person 0.0102 495 155 499 187
person 0.0093 403 132 434 195
person 0.0080 418 138 434 170
person 0.0070 434 140 440 152
person 0.0065 477 141 494 170
person 0.0062 497 161 499 201
person 0.0060 417 142 424 165
person 0.0042 455 162 473 199
person 0.0037 441 151 452 171
person 0.0035 437 146 455 194
person 0.0030 416 153 423 173
person 0.0030 439 132 456 161
person 0.0022 406 135 498 189
person 0.0022 422 142 432 163
person 0.0021 429 141 447 169
person 0.0020 116 117 128 137
person 0.0020 452 133 459 141
person 0.0019 186 109 228 142
person 0.0018 414 167 422 182
person 0.0015 441 143 500 202
person 0.0015 396 136 407 154
person 0.0013 493 130 498 140
person 0.0013 480 153 491 173
person 0.0012 471 165 482 179
person 0.0011 439 139 474 169
person 0.0011 114 111 130 142
person 0.0011 445 133 464 158
person 0.0011 379 118 503 200
bus 0.0015 2 51 90 301
train 0.9985 72 40 447 317
train 0.8808 0 39 104 336
train 0.0149 -2 74 116 232
train 0.0017 472 133 497 199
train 0.0012 444 135 472 198
boat 0.0014 0 51 91 270
diningtable 0.0014 66 62 450 365
