bird 0.0123 27 63 45 92
bird 0.0081 24 68 59 123
bird 0.0039 29 64 53 107
bird 0.0025 35 64 42 74
cat 0.0171 24 68 59 123
dog 0.0066 24 68 59 123
horse 0.0023 24 68 59 123
bottle 0.0012 47 100 58 123
chair 0.9522 0 57 223 392
chair 0.0379 24 68 59 123
chair 0.0261 8 61 210 245
chair 0.0157 91 59 113 82
chair 0.0066 8 200 191 380
chair 0.0029 26 69 106 124
chair 0.0015 45 63 119 108
chair 0.0012 5 125 55 180
chair 0.0010 28 76 61 159
sofa 0.4507 16 40 223 360
pottedplant 0.9914 278 4 511 379
pottedplant 0.1792 24 68 59 123
pottedplant 0.0231 271 23 401 356
pottedplant 0.0074 43 91 61 123
pottedplant 0.0066 30 85 55 125
pottedplant 0.0040 356 77 505 366
pottedplant 0.0029 29 64 53 107
pottedplant 0.0020 321 9 391 76
pottedplant 0.0012 27 63 45 92
pottedplant 0.0011 439 62 499 293
diningtable 0.0076 239 20 508 402
diningtable 0.0021 247 252 410 360
diningtable 0.0021 230 295 421 370
diningtable 0.0010 239 215 494 375
