person 0.3910 486 -7 499 167
person 0.0120 492 112 500 170
person 0.0110 491 18 500 72
person 0.0084 493 7 499 104
person 0.0067 494 56 499 170
person 0.0059 495 -5 500 137
person 0.0055 158 78 198 95
person 0.0047 492 25 499 49
person 0.0045 487 65 499 206
person 0.0031 68 -10 477 292
person 0.0028 491 0 500 54
person 0.0026 496 122 499 163
person 0.0026 492 119 499 203
person 0.0025 493 137 499 163
person 0.0019 493 34 499 54
person 0.0019 475 -40 500 199
person 0.0018 140 79 197 104
person 0.0016 158 79 217 104
person 0.0014 497 98 499 167
bicycle 0.0024 493 94 500 171
car 0.5195 52 56 468 322
car 0.0231 -1 41 8 55
car 0.0104 493 34 499 54
car 0.0052 492 25 499 49
car 0.0052 491 18 500 72
car 0.0048 0 46 6 58
car 0.0033 493 94 500 171
car 0.0017 0 26 23 51
car 0.0017 486 53 499 183
car 0.0013 493 7 499 104
car 0.0011 3 37 21 52
motorbike 0.0045 493 94 500 171
motorbike 0.0033 486 53 499 183
bus 0.0163 60 56 482 322
bus 0.0013 -1 41 8 55
bird 0.0026 493 137 499 163
bird 0.0014 227 79 281 95
bird 0.0013 490 122 499 178
dog 0.0048 490 122 499 178
dog 0.0034 493 137 499 163
dog 0.0013 496 122 499 163
dog 0.0011 227 79 281 95
horse 0.0017 493 94 500 171
cow 0.0014 492 112 500 170
diningtable 0.0024 52 56 468 322
