person 0.0394 179 116 196 133
person 0.0189 176 115 199 155
person 0.0161 33 153 42 171
person 0.0115 239 124 252 140
person 0.0099 -8 66 463 354
person 0.0085 493 192 498 212
person 0.0072 198 128 210 143
person 0.0071 0 159 3 184
person 0.0062 121 129 157 159
person 0.0053 94 114 156 163
person 0.0052 491 188 499 237
person 0.0048 492 165 498 178
person 0.0040 0 171 3 190
person 0.0040 210 102 221 146
person 0.0032 197 125 214 164
person 0.0032 258 124 273 142
person 0.0031 234 110 252 141
person 0.0031 139 128 158 157
person 0.0028 493 208 498 234
person 0.0026 140 132 154 152
person 0.0022 0 150 4 176
person 0.0021 265 125 278 142
person 0.0020 331 128 352 153
person 0.0020 0 205 3 234
person 0.0020 182 112 215 168
person 0.0020 237 116 250 138
person 0.0016 207 117 223 169
person 0.0015 401 127 420 160
person 0.0015 494 158 498 171
person 0.0014 184 116 205 152
person 0.0014 495 175 498 210
person 0.0013 246 125 260 140
person 0.0012 130 117 199 169
person 0.0012 493 216 498 239
person 0.0011 229 107 246 143
person 0.0010 0 146 8 195
person 0.0010 495 165 498 196
bicycle 0.0010 493 216 498 239
car 0.0313 493 192 498 212
car 0.0291 492 165 498 178
car 0.0166 491 188 499 237
car 0.0104 4 173 25 185
car 0.0070 20 75 522 345
car 0.0069 4 168 24 181
car 0.0064 493 208 498 234
car 0.0063 490 160 499 221
car 0.0054 0 171 3 190
car 0.0053 0 178 25 250
car 0.0045 1 183 11 236
car 0.0045 0 159 3 184
car 0.0040 494 158 498 171
car 0.0040 2 159 24 185
car 0.0040 495 165 498 196
car 0.0034 0 186 21 231
car 0.0030 0 205 3 234
car 0.0026 3 168 25 192
car 0.0021 495 175 498 210
car 0.0017 491 145 498 157
car 0.0017 1 175 3 208
car 0.0016 493 216 498 239
car 0.0014 1 200 10 257
car 0.0014 1 195 4 228
car 0.0013 0 158 9 226
car 0.0012 489 151 500 195
car 0.0010 0 172 23 212
bus 0.9997 14 40 496 334
bus 0.0288 0 123 27 232
bus 0.0171 492 165 498 178
bus 0.0137 489 158 499 207
bus 0.0044 483 131 500 231
bus 0.0037 491 145 498 157
bus 0.0033 489 137 500 187
bus 0.0027 494 158 498 171
bus 0.0023 495 165 498 196
bus 0.0022 1 145 23 183
bus 0.0019 0 141 9 187
bus 0.0017 0 103 31 183
train 0.0081 0 123 27 232
chair 0.0032 173 131 197 168
pottedplant 0.0044 493 192 498 212
pottedplant 0.0043 491 188 499 237
pottedplant 0.0040 490 160 499 221
pottedplant 0.0010 483 145 500 243
pottedplant 0.0010 493 208 498 234
diningtable 0.0067 24 65 486 353
