person 0.0531 229 238 239 261
person 0.0505 267 249 281 262
person 0.0230 275 249 289 262
person 0.0193 307 248 320 263
person 0.0153 363 229 486 311
person 0.0143 227 231 242 260
person 0.0069 75 238 89 247
person 0.0053 309 177 319 186
person 0.0048 225 240 233 259
person 0.0047 285 249 297 261
person 0.0042 295 171 309 186
person 0.0038 184 242 349 313
person 0.0038 307 171 320 187
person 0.0037 248 234 258 250
person 0.0028 259 253 272 263
person 0.0027 312 170 325 186
person 0.0026 296 177 308 185
person 0.0018 82 239 94 247
person 0.0016 237 245 249 258
person 0.0015 75 252 86 265
person 0.0015 76 248 87 258
person 0.0014 263 246 301 264
person 0.0012 191 237 199 243
person 0.0012 312 248 328 262
person 0.0012 497 227 499 257
person 0.0010 67 254 80 266
person 0.0010 181 253 194 265
person 0.0010 277 237 290 243
car 0.9995 196 242 361 316
car 0.9986 71 244 227 314
car 0.9981 362 240 465 309
car 0.9833 1 242 124 310
car 0.9637 474 216 500 305
car 0.6149 0 233 27 273
car 0.2777 0 239 28 307
car 0.0686 0 256 15 307
car 0.0131 0 252 23 289
car 0.0066 2 258 8 282
car 0.0052 1 242 40 276
car 0.0049 228 228 262 259
car 0.0040 6 244 122 278
car 0.0035 76 244 212 278
car 0.0028 -2 241 64 302
car 0.0026 1 248 4 276
car 0.0026 1 237 14 286
car 0.0026 494 215 499 230
car 0.0023 456 222 495 246
car 0.0021 493 200 499 323
car 0.0018 1 274 7 307
car 0.0014 2 261 6 300
car 0.0012 1 261 21 278
aeroplane 0.0013 5 162 240 246
bus 0.0062 0 230 28 287
bus 0.0052 2 169 243 260
bus 0.0033 231 166 500 258
bus 0.0010 474 223 499 314
train 0.7967 239 158 490 241
train 0.0322 5 162 240 246
train 0.0179 60 156 446 245
train 0.0015 284 146 501 171
