person 0.1101 32 27 485 362
person 0.0047 47 244 209 372
person 0.0013 41 83 221 368
car 0.1054 52 -8 519 314
car 0.0094 146 13 504 210
car 0.0028 310 -5 499 168
car 0.0024 22 147 498 382
motorbike 0.0020 22 147 498 382
boat 0.0058 52 -8 519 314
boat 0.0021 22 147 498 382
dog 0.9048 45 53 511 377
dog 0.6652 175 73 493 294
dog 0.0083 26 214 534 373
dog 0.0053 41 83 221 368
dog 0.0037 68 91 345 349
bottle 0.0014 323 127 356 158
chair 0.1507 0 213 91 375
chair 0.0457 32 27 485 362
chair 0.0217 -3 8 188 217
chair 0.0156 1 14 132 358
chair 0.0089 3 297 88 370
chair 0.0056 6 5 167 82
chair 0.0035 320 6 493 136
chair 0.0031 0 233 65 304
chair 0.0028 47 244 209 372
chair 0.0020 164 57 498 248
chair 0.0017 41 83 221 368
chair 0.0011 0 171 67 343
sofa 0.3653 32 27 485 362
sofa 0.0222 164 57 498 248
sofa 0.0126 0 4 185 293
sofa 0.0101 -5 224 106 371
sofa 0.0065 47 244 209 372
sofa 0.0064 -6 5 505 220
sofa 0.0040 26 214 534 373
sofa 0.0030 151 6 495 155
sofa 0.0027 310 -5 499 168
sofa 0.0010 41 83 221 368
diningtable 0.0025 6 5 167 82
