person 0.0199 23 29 426 359
person 0.0024 102 3 141 89
person 0.0017 90 1 152 126
bicycle 0.9576 29 54 485 379
bicycle 0.0239 448 156 499 311
bicycle 0.0075 230 5 498 370
bicycle 0.0028 408 153 505 318
bicycle 0.0020 478 185 499 324
bicycle 0.0013 83 111 344 336
bicycle 0.0010 176 37 397 273
car 0.0082 43 23 462 302
car 0.0011 445 157 500 281
motorbike 0.0020 29 114 484 387
bus 0.0041 23 29 426 359
train 0.0187 23 29 426 359
boat 0.0123 37 58 508 372
bird 0.0014 303 1 335 53
bottle 0.7713 277 9 293 60
bottle 0.0440 250 17 274 54
bottle 0.0116 191 251 225 325
bottle 0.0053 245 265 308 318
bottle 0.0016 264 176 292 243
chair 0.0530 0 143 44 251
chair 0.0309 448 156 499 311
chair 0.0082 56 22 495 366
chair 0.0071 81 98 126 177
chair 0.0042 450 161 502 238
chair 0.0042 408 153 505 318
chair 0.0038 3 84 59 234
chair 0.0028 61 123 97 185
chair 0.0027 478 185 499 324
chair 0.0015 3 129 108 245
chair 0.0013 71 59 136 181
chair 0.0012 73 90 135 150
chair 0.0011 25 138 62 210
chair 0.0010 444 89 499 267
sofa 0.0783 1 132 50 258
sofa 0.0084 3 84 59 234
sofa 0.0034 1 119 30 239
sofa 0.0027 123 61 517 371
sofa 0.0015 3 129 108 245
sofa 0.0010 2 140 61 210
pottedplant 0.9106 11 49 87 187
pottedplant 0.0894 3 84 59 234
pottedplant 0.0721 14 50 88 122
pottedplant 0.0359 54 94 88 183
pottedplant 0.0160 47 60 87 143
pottedplant 0.0151 9 100 53 177
pottedplant 0.0132 24 116 63 199
pottedplant 0.0120 13 77 33 116
pottedplant 0.0085 73 70 93 105
pottedplant 0.0078 83 85 126 154
pottedplant 0.0070 71 59 136 181
pottedplant 0.0069 82 65 96 105
pottedplant 0.0055 12 68 52 137
pottedplant 0.0045 80 15 140 142
pottedplant 0.0041 57 84 121 190
pottedplant 0.0040 3 130 47 225
pottedplant 0.0039 28 31 96 143
pottedplant 0.0035 65 80 98 160
pottedplant 0.0029 33 140 57 188
pottedplant 0.0029 61 123 97 185
pottedplant 0.0028 23 76 66 162
pottedplant 0.0028 32 55 150 160
pottedplant 0.0027 90 37 130 125
pottedplant 0.0025 99 97 119 134
pottedplant 0.0025 79 83 89 103
pottedplant 0.0025 102 18 141 102
pottedplant 0.0022 82 91 163 148
pottedplant 0.0017 11 125 55 163
pottedplant 0.0014 106 59 138 140
pottedplant 0.0014 69 96 91 135
pottedplant 0.0013 6 124 77 265
pottedplant 0.0012 2 65 21 213
pottedplant 0.0012 82 84 93 103
pottedplant 0.0012 85 56 98 99
pottedplant 0.0011 86 72 159 130
pottedplant 0.0011 10 82 24 126
pottedplant 0.0011 16 86 28 109
pottedplant 0.0010 52 69 90 104
pottedplant 0.0010 35 85 95 225
diningtable 0.0036 33 124 511 383
diningtable 0.0035 77 16 487 307
diningtable 0.0034 448 156 499 311
