person 0.0038 11 117 180 341
person 0.0030 5 292 144 367
person 0.0012 0 301 9 372
person 0.0011 143 114 247 167
bottle 0.1480 317 145 331 179
bottle 0.0128 223 184 242 217
bottle 0.0079 317 154 329 172
bottle 0.0030 319 144 328 164
bottle 0.0023 242 191 271 234
bottle 0.0022 309 158 321 174
bottle 0.0017 351 133 373 186
bottle 0.0017 318 160 331 179
bottle 0.0010 320 156 336 182
chair 0.8730 349 195 473 358
chair 0.7891 7 292 157 366
chair 0.5800 142 117 219 168
chair 0.2662 226 111 297 157
chair 0.1626 299 238 445 360
chair 0.1598 73 111 202 175
chair 0.0806 131 76 188 127
chair 0.0702 69 137 147 183
chair 0.0572 243 76 346 160
chair 0.0311 9 170 167 365
chair 0.0299 114 105 300 170
chair 0.0157 183 113 254 162
chair 0.0156 28 118 417 348
chair 0.0147 53 241 119 306
chair 0.0145 0 317 9 374
chair 0.0112 52 234 82 305
chair 0.0087 346 132 387 174
chair 0.0079 438 178 500 372
chair 0.0069 141 118 158 172
chair 0.0060 32 162 153 279
chair 0.0045 114 79 232 168
chair 0.0042 378 176 487 291
chair 0.0041 168 80 325 163
chair 0.0041 0 286 7 367
chair 0.0040 39 114 220 337
chair 0.0027 0 336 4 373
chair 0.0024 67 78 153 192
chair 0.0023 363 176 462 221
chair 0.0023 274 113 353 160
chair 0.0023 49 192 120 314
chair 0.0022 0 252 15 372
chair 0.0020 235 139 327 177
chair 0.0020 24 195 63 276
chair 0.0020 16 192 84 314
chair 0.0018 8 292 134 336
chair 0.0018 0 322 3 369
chair 0.0017 313 140 349 166
chair 0.0016 373 104 498 354
chair 0.0015 151 130 245 172
chair 0.0015 144 104 176 125
chair 0.0015 299 131 345 155
chair 0.0013 200 158 455 355
chair 0.0012 486 151 499 396
chair 0.0012 469 157 501 390
chair 0.0011 67 154 141 315
chair 0.0010 340 127 399 187
sofa 0.0765 7 292 157 366
sofa 0.0340 245 90 347 154
sofa 0.0316 90 110 251 172
sofa 0.0055 69 137 147 183
sofa 0.0052 142 117 219 168
sofa 0.0047 230 111 326 157
sofa 0.0025 247 82 346 127
sofa 0.0015 9 170 167 365
sofa 0.0014 259 70 383 168
pottedplant 0.0800 330 72 387 197
pottedplant 0.0455 342 99 381 183
pottedplant 0.0082 399 115 433 129
pottedplant 0.0050 259 70 383 168
pottedplant 0.0049 304 62 417 183
pottedplant 0.0037 387 76 443 126
diningtable 0.9972 32 136 447 369
diningtable 0.0031 363 176 462 221
diningtable 0.0012 194 131 461 326
tvmonitor 0.0109 131 76 188 127
