person 0.9823 0 21 296 440
person 0.0153 13 218 156 441
person 0.0101 266 51 300 313
person 0.0101 28 303 146 432
person 0.0030 32 97 261 359
person 0.0015 256 177 296 320
person 0.0014 272 94 299 199
bicycle 0.0189 76 253 131 352
bicycle 0.0031 87 284 125 350
bicycle 0.0021 74 267 113 337
bicycle 0.0015 -6 139 307 450
bicycle 0.0014 13 218 156 441
car 0.0012 -6 139 307 450
motorbike 0.0198 -6 139 307 450
motorbike 0.0019 64 250 123 356
motorbike 0.0011 81 224 293 442
aeroplane 0.0041 35 26 308 436
chair 0.0020 29 273 278 447
tvmonitor 0.0015 -12 -10 313 322
