person 0.9979 93 27 221 210
person 0.0795 338 70 349 87
person 0.0363 316 220 498 328
person 0.0214 1 33 9 97
person 0.0203 493 99 499 125
person 0.0129 488 94 499 129
person 0.0107 82 3 100 17
person 0.0106 494 92 498 117
person 0.0100 0 15 17 111
person 0.0098 476 98 498 126
person 0.0084 400 15 409 33
person 0.0078 61 0 100 17
person 0.0045 450 108 460 120
person 0.0045 0 47 4 81
person 0.0044 341 74 352 90
person 0.0044 61 1 70 14
person 0.0041 0 54 13 111
person 0.0038 353 92 365 114
person 0.0032 0 12 7 82
person 0.0032 495 84 499 106
person 0.0029 335 70 351 96
person 0.0028 471 103 481 122
person 0.0025 478 102 492 123
person 0.0022 463 102 474 120
person 0.0020 0 20 13 174
person 0.0020 464 97 473 114
person 0.0020 479 98 492 109
person 0.0019 430 108 443 117
person 0.0019 418 200 500 274
person 0.0018 469 98 479 111
person 0.0018 419 107 437 118
person 0.0015 73 2 92 15
person 0.0014 311 79 333 91
person 0.0013 466 99 485 124
person 0.0012 0 20 2 74
person 0.0012 467 88 500 121
person 0.0012 441 109 453 119
person 0.0011 340 77 359 112
person 0.0011 326 71 337 81
person 0.0010 320 80 339 90
person 0.0010 347 92 359 113
person 0.0010 372 193 497 311
person 0.0010 8 86 289 269
bicycle 0.0027 8 86 289 269
bicycle 0.0010 68 315 151 335
car 0.0322 188 37 224 55
car 0.0279 1 33 9 97
car 0.0265 187 44 259 83
car 0.0262 0 15 17 111
car 0.0194 308 80 355 109
car 0.0163 264 78 360 113
car 0.0108 183 47 252 67
car 0.0102 362 66 455 83
car 0.0083 0 12 7 82
car 0.0064 357 70 463 116
car 0.0063 0 54 13 111
car 0.0055 0 38 3 76
car 0.0036 309 76 350 94
car 0.0032 316 220 498 328
car 0.0027 465 84 499 104
car 0.0025 467 88 500 121
car 0.0022 61 0 100 17
car 0.0021 189 39 209 52
car 0.0020 316 89 362 112
car 0.0018 415 101 461 120
car 0.0017 0 20 2 74
car 0.0016 364 70 435 96
car 0.0016 93 40 227 159
car 0.0015 190 53 285 97
car 0.0013 493 99 499 125
car 0.0010 237 56 292 72
motorbike 0.9973 10 111 305 268
motorbike 0.0356 305 169 500 340
motorbike 0.0099 74 32 219 212
motorbike 0.0034 372 193 497 311
motorbike 0.0029 264 78 360 113
motorbike 0.0014 68 315 151 335
motorbike 0.0011 182 53 266 95
motorbike 0.0011 0 33 17 119
motorbike 0.0010 0 44 11 106
bus 0.0171 6 -7 205 93
bus 0.0025 357 70 463 116
bus 0.0023 54 10 225 192
train 0.0017 6 -7 205 93
boat 0.0045 316 220 498 328
chair 0.0013 415 101 461 120
