person 0.8047 258 15 489 331
person 0.5245 20 0 180 64
person 0.0984 1 0 24 62
person 0.0900 103 0 184 57
person 0.0733 0 0 14 60
person 0.0480 57 69 500 358
person 0.0169 0 -2 42 64
person 0.0108 5 -1 92 60
person 0.0061 254 13 409 226
person 0.0033 0 18 12 74
person 0.0032 163 67 411 313
person 0.0011 66 2 264 63
person 0.0011 358 13 510 308
dog 0.9968 67 68 420 360
dog 0.0044 246 219 352 310
horse 0.0032 57 69 500 358
horse 0.0014 20 0 180 64
sheep 0.0068 74 91 378 356
chair 0.0020 66 -16 437 334
