person 0.9979 176 174 231 380
person 0.3734 94 179 120 222
person 0.3586 81 170 102 216
person 0.1958 257 189 276 232
person 0.1203 360 84 379 112
person 0.0825 90 174 111 214
person 0.0803 228 194 248 229
person 0.0793 368 85 387 113
person 0.0582 381 83 394 115
person 0.0578 79 175 134 223
person 0.0493 263 186 279 222
person 0.0486 70 55 136 110
person 0.0466 68 24 480 329
person 0.0443 337 81 359 108
person 0.0245 179 74 211 102
person 0.0230 233 199 250 239
person 0.0226 144 176 177 202
person 0.0207 263 182 287 251
person 0.0190 364 93 377 113
person 0.0175 266 192 276 213
person 0.0163 372 87 384 109
person 0.0160 301 78 323 100
person 0.0159 354 82 371 110
person 0.0151 80 51 117 83
person 0.0150 250 192 280 275
person 0.0114 235 200 248 222
person 0.0104 316 84 329 102
person 0.0097 171 79 206 108
person 0.0095 342 87 357 106
person 0.0094 124 51 160 107
person 0.0087 114 61 148 96
person 0.0079 209 185 227 220
person 0.0078 79 65 119 108
person 0.0061 309 182 319 200
person 0.0060 337 193 349 205
person 0.0058 139 71 177 101
person 0.0054 223 189 253 244
person 0.0053 327 184 336 203
person 0.0053 333 84 349 104
person 0.0052 311 76 329 101
person 0.0051 69 77 112 114
person 0.0050 113 168 309 352
person 0.0048 143 172 181 229
person 0.0046 342 194 353 205
person 0.0045 375 193 386 213
person 0.0045 394 227 426 308
person 0.0043 186 79 204 96
person 0.0042 126 57 199 108
person 0.0041 93 188 113 228
person 0.0039 267 198 276 220
person 0.0037 70 39 110 97
person 0.0036 233 187 250 222
person 0.0034 159 74 196 100
person 0.0033 227 210 248 245
person 0.0031 259 186 285 317
person 0.0031 366 191 374 214
person 0.0030 146 59 171 95
person 0.0028 331 76 353 103
person 0.0028 371 185 387 214
person 0.0027 169 184 183 199
person 0.0026 179 79 197 95
person 0.0026 336 186 347 202
person 0.0026 148 181 166 199
person 0.0025 91 38 157 91
person 0.0024 97 183 106 201
person 0.0022 327 192 336 206
person 0.0022 54 183 71 219
person 0.0022 164 59 202 108
person 0.0021 79 191 88 214
person 0.0021 54 191 64 214
person 0.0020 76 182 92 220
person 0.0020 239 211 248 231
person 0.0019 399 102 412 123
person 0.0019 342 82 377 110
person 0.0019 160 183 177 199
person 0.0018 362 82 375 95
person 0.0018 164 184 187 221
person 0.0018 307 176 321 207
person 0.0018 169 79 185 95
person 0.0017 80 189 165 236
person 0.0017 96 192 107 211
person 0.0016 382 228 416 312
person 0.0016 257 198 273 262
person 0.0015 408 225 426 293
person 0.0014 58 173 118 221
person 0.0014 96 176 138 211
person 0.0014 342 94 358 110
person 0.0014 27 199 40 243
person 0.0013 111 42 150 71
person 0.0013 324 84 336 103
person 0.0013 114 56 148 76
person 0.0013 144 182 158 201
person 0.0013 76 180 110 220
person 0.0012 444 176 454 191
person 0.0012 239 218 247 239
person 0.0012 159 193 192 228
person 0.0012 210 186 245 221
person 0.0012 87 181 94 202
person 0.0012 165 178 185 207
person 0.0012 389 86 407 122
car 0.0013 497 207 499 235
car 0.0012 384 226 494 307
car 0.0012 496 216 499 243
bus 0.9984 37 3 450 316
bus 0.0900 397 161 477 236
bus 0.0864 271 16 449 284
bus 0.0046 436 160 476 234
bus 0.0018 173 28 416 268
bus 0.0017 411 165 452 234
bird 0.0011 496 10 500 28
bottle 0.0040 202 282 211 295
bottle 0.0023 201 286 214 305
