person 0.0073 420 168 439 193
person 0.0066 422 174 435 189
person 0.0044 428 170 440 190
person 0.0023 1 223 7 233
person 0.0020 0 210 7 230
person 0.0012 461 233 473 248
person 0.0011 70 195 93 207
person 0.0010 423 171 437 181
car 0.3614 127 252 187 270
car 0.2399 70 195 93 207
car 0.1732 201 232 248 241
car 0.1668 81 197 98 206
car 0.0694 196 248 260 265
car 0.0535 66 195 82 206
car 0.0462 132 216 146 222
car 0.0208 77 221 124 247
car 0.0099 1 223 7 233
car 0.0097 282 230 343 257
car 0.0092 168 200 181 210
car 0.0082 0 210 7 230
car 0.0075 14 208 31 218
car 0.0059 125 215 138 220
car 0.0053 0 207 32 230
car 0.0050 165 199 177 208
car 0.0039 123 242 272 272
car 0.0032 302 205 321 216
car 0.0031 268 212 291 235
car 0.0029 246 229 268 237
car 0.0028 201 234 231 242
car 0.0024 22 242 45 251
car 0.0023 186 237 288 267
car 0.0022 286 201 322 216
car 0.0022 46 202 56 206
car 0.0019 4 70 451 223
car 0.0016 9 223 61 251
car 0.0015 246 221 284 237
car 0.0014 6 214 21 227
car 0.0014 112 198 124 205
car 0.0014 315 227 344 235
car 0.0014 402 171 438 193
car 0.0014 94 198 102 205
car 0.0013 39 202 49 207
car 0.0013 311 205 328 214
car 0.0012 198 229 269 240
car 0.0011 140 217 151 222
car 0.0011 25 209 37 215
car 0.0011 251 232 275 239
car 0.0011 0 204 4 223
car 0.0011 122 258 180 272
car 0.0010 11 213 33 222
car 0.0010 145 252 206 267
car 0.0010 339 229 373 253
motorbike 0.0028 14 47 459 207
aeroplane 0.9964 3 62 475 236
aeroplane 0.0612 48 103 431 206
aeroplane 0.0101 204 150 242 163
aeroplane 0.0016 17 232 478 365
bus 0.0250 77 222 124 250
bus 0.0244 282 231 343 261
bus 0.0045 9 223 61 251
bus 0.0031 201 232 248 241
bus 0.0017 70 195 93 207
bus 0.0015 186 237 288 267
boat 0.0050 77 221 124 247
boat 0.0033 339 229 373 253
boat 0.0029 282 230 343 257
boat 0.0016 127 252 187 270
bird 0.0034 448 10 452 15
bird 0.0033 448 12 452 19
horse 0.0026 14 47 459 207
sheep 0.0039 14 47 459 207
cow 0.0020 14 47 459 207
sofa 0.0023 4 70 451 223
