person 0.9993 123 74 239 277
person 0.0067 0 176 9 245
person 0.0066 333 177 452 275
person 0.0040 1 164 22 264
person 0.0032 0 163 16 306
person 0.0022 0 123 28 388
person 0.0013 0 154 7 230
person 0.0011 0 208 9 291
person 0.0010 0 128 2 175
dog 0.0535 321 206 390 272
dog 0.0139 333 177 452 275
dog 0.0012 320 205 436 298
horse 0.0208 333 177 452 275
horse 0.0012 320 205 391 297
cow 0.0040 333 177 452 275
chair 0.0062 0 178 48 242
chair 0.0040 0 253 28 370
chair 0.0025 0 149 30 394
chair 0.0025 0 193 20 355
