person 0.2170 147 126 188 140
person 0.1798 200 112 233 138
person 0.0402 239 109 274 137
person 0.0318 158 128 180 139
person 0.0203 145 106 223 142
person 0.0168 217 115 231 133
person 0.0101 155 122 217 140
person 0.0093 219 101 301 139
person 0.0080 437 143 475 166
person 0.0055 242 100 286 136
person 0.0045 69 92 86 121
person 0.0044 -10 87 467 249
person 0.0041 436 138 496 168
person 0.0038 274 116 310 134
person 0.0035 276 119 296 135
person 0.0034 148 129 169 140
person 0.0026 213 110 255 138
person 0.0023 184 101 258 141
person 0.0020 220 113 230 122
person 0.0015 213 104 234 131
person 0.0015 140 93 181 145
person 0.0013 243 101 266 134
person 0.0012 444 147 466 162
person 0.0012 247 116 265 133
person 0.0010 141 115 194 139
car 0.9895 17 97 493 241
car 0.0238 435 136 498 182
car 0.0019 1 106 8 124
car 0.0011 1 115 8 128
aeroplane 0.0047 33 64 478 225
bus 0.0051 33 64 478 225
bird 0.0023 209 82 219 90
pottedplant 0.0021 0 73 14 122
pottedplant 0.0012 73 76 139 121
pottedplant 0.0011 146 85 188 107
tvmonitor 0.0232 215 4 274 51
