person 0.9983 151 -2 489 385
person 0.0331 383 154 493 370
person 0.0083 318 13 493 378
person 0.0044 135 327 272 374
person 0.0012 310 197 491 380
car 0.0023 114 51 478 388
dog 0.0042 150 35 485 388
horse 0.0028 114 51 478 388
bottle 0.0259 225 356 261 376
chair 0.0499 114 51 478 388
chair 0.0304 -1 144 275 367
chair 0.0188 140 325 223 374
chair 0.0067 138 319 282 376
chair 0.0063 140 312 448 374
chair 0.0010 120 152 377 363
sofa 0.6704 34 13 474 362
sofa 0.0132 11 1 284 154
sofa 0.0073 -1 144 275 367
sofa 0.0053 133 152 452 372
sofa 0.0014 168 33 475 274
sofa 0.0013 129 128 307 331
sofa 0.0010 17 9 273 289
diningtable 0.0010 34 13 474 362
tvmonitor 0.0023 150 35 485 388
