person 0.1316 292 142 333 177
person 0.0434 298 131 366 177
person 0.0244 318 131 358 170
person 0.0160 256 143 292 181
person 0.0111 226 144 265 183
person 0.0079 339 146 360 174
person 0.0077 425 123 437 141
person 0.0069 140 106 460 312
person 0.0069 255 147 275 180
person 0.0062 263 135 338 183
person 0.0056 236 121 414 215
person 0.0049 362 134 398 170
person 0.0046 307 143 355 175
person 0.0046 205 145 225 184
person 0.0040 207 144 245 183
person 0.0034 340 132 381 171
person 0.0031 281 144 353 195
person 0.0024 319 132 344 159
person 0.0023 292 141 317 170
person 0.0023 270 143 315 178
person 0.0022 235 152 274 185
person 0.0022 197 144 219 184
person 0.0022 263 138 300 172
person 0.0021 198 150 383 259
person 0.0020 329 130 353 160
person 0.0014 197 152 235 188
person 0.0014 216 153 255 186
person 0.0013 203 146 275 197
person 0.0013 214 153 237 185
person 0.0013 421 118 439 145
person 0.0013 284 145 302 176
person 0.0012 287 148 438 252
person 0.0011 342 153 357 171
person 0.0010 335 131 410 181
bicycle 0.0027 -1 315 72 335
bicycle 0.0026 0 261 68 334
car 0.8415 141 107 487 307
car 0.0672 0 315 82 335
car 0.0318 413 97 501 259
car 0.0083 236 121 414 215
car 0.0075 277 290 324 301
car 0.0055 473 122 499 229
car 0.0037 0 286 68 332
car 0.0030 415 104 491 172
car 0.0025 438 125 497 298
car 0.0024 489 160 499 221
car 0.0022 218 148 424 256
car 0.0020 224 102 368 132
car 0.0020 469 104 500 177
car 0.0019 458 156 497 236
car 0.0017 184 190 450 293
car 0.0016 20 18 493 336
car 0.0015 146 248 489 319
car 0.0014 488 146 499 197
car 0.0012 176 152 334 257
car 0.0011 478 153 500 270
motorbike 0.0643 0 315 82 335
motorbike 0.0449 2 288 83 331
motorbike 0.0202 134 91 489 326
motorbike 0.0024 1 305 67 331
motorbike 0.0013 2 254 49 334
motorbike 0.0010 -1 234 69 343
boat 0.0030 111 82 490 333
dog 0.0043 315 133 352 168
dog 0.0030 298 131 366 177
dog 0.0010 296 142 342 176
