person 0.0054 327 39 340 57
person 0.0038 323 29 342 57
person 0.0036 312 41 326 56
person 0.0030 188 28 208 57
person 0.0024 311 43 321 56
person 0.0013 196 27 213 57
person 0.0012 200 34 211 53
person 0.0011 132 28 151 57
person 0.0011 191 41 203 56
car 0.0671 253 52 294 124
car 0.0026 -2 11 275 203
bus 0.0157 253 52 294 124
train 0.9922 3 1 268 175
train 0.9888 264 -6 495 198
train 0.6434 253 52 294 124
train 0.0042 279 17 467 140
train 0.0016 257 57 294 86
train 0.0016 24 -3 474 190
boat 0.0011 253 52 294 124
boat 0.0010 267 -1 493 222
horse 0.0017 274 -1 501 222
