person 0.0124 27 -10 476 254
person 0.0053 20 66 475 370
bicycle 0.0052 27 -10 476 254
car 0.0011 27 -10 476 254
motorbike 0.0041 27 -10 476 254
bird 0.1490 20 66 475 370
bird 0.0038 165 171 495 368
bird 0.0030 27 -10 476 254
cat 0.6632 -1 -3 452 368
cat 0.0239 165 171 495 368
cat 0.0065 315 169 497 346
dog 0.0591 20 66 475 370
dog 0.0237 27 -10 476 254
dog 0.0099 165 171 495 368
dog 0.0017 333 186 487 319
horse 0.0092 27 -10 476 254
horse 0.0028 20 66 475 370
horse 0.0013 165 171 495 368
sheep 0.0281 16 1 485 308
cow 0.0087 42 14 503 356
chair 0.0052 407 41 488 203
chair 0.0044 27 -10 476 254
chair 0.0024 411 151 491 199
chair 0.0012 20 66 475 370
sofa 0.0083 20 66 475 370
sofa 0.0076 27 -10 476 254
pottedplant 0.0013 27 -10 476 254
