person 0.0018 319 169 391 235
person 0.0017 241 143 251 150
person 0.0015 238 146 253 153
chair 0.9936 100 175 177 253
chair 0.9821 328 173 407 254
chair 0.8193 212 187 291 281
chair 0.5539 130 165 191 226
chair 0.5293 208 167 304 224
chair 0.3003 229 154 279 168
chair 0.1620 277 167 310 230
chair 0.1220 276 157 292 167
chair 0.1105 127 157 147 186
chair 0.0465 213 185 295 235
chair 0.0412 225 155 243 167
chair 0.0307 161 160 202 227
chair 0.0278 310 167 376 225
chair 0.0226 238 146 253 153
chair 0.0194 276 148 292 160
chair 0.0182 205 156 287 205
chair 0.0178 302 169 321 209
chair 0.0178 218 156 235 168
chair 0.0160 312 139 351 209
chair 0.0157 294 168 313 210
chair 0.0152 270 154 281 166
chair 0.0138 142 180 185 237
chair 0.0118 135 185 182 213
chair 0.0114 282 186 305 235
chair 0.0111 118 153 181 203
chair 0.0106 239 157 270 166
chair 0.0103 242 151 265 156
chair 0.0101 283 148 320 209
chair 0.0082 214 152 259 169
chair 0.0076 218 170 291 195
chair 0.0069 274 141 295 165
chair 0.0068 132 175 145 189
chair 0.0068 168 173 183 184
chair 0.0066 219 161 291 177
chair 0.0064 220 151 271 161
chair 0.0062 150 147 221 206
chair 0.0061 131 160 144 180
chair 0.0060 136 179 184 202
chair 0.0053 148 169 184 190
chair 0.0052 322 151 375 200
chair 0.0052 284 157 300 167
chair 0.0050 126 159 139 179
chair 0.0046 270 149 280 160
chair 0.0045 317 183 359 241
chair 0.0044 260 154 341 196
chair 0.0043 234 157 255 167
chair 0.0041 107 153 227 241
chair 0.0040 249 158 276 167
chair 0.0039 134 165 166 192
chair 0.0039 331 164 368 193
chair 0.0038 120 176 141 202
chair 0.0036 182 152 320 213
chair 0.0035 123 177 139 189
chair 0.0034 286 164 320 198
chair 0.0034 259 149 268 156
chair 0.0032 206 151 243 171
chair 0.0032 324 178 374 200
chair 0.0030 311 168 328 211
chair 0.0029 124 166 156 194
chair 0.0027 267 151 303 169
chair 0.0027 142 174 156 187
chair 0.0026 298 172 310 189
chair 0.0026 122 163 142 197
chair 0.0024 160 174 178 184
chair 0.0023 282 149 318 170
chair 0.0022 227 151 246 158
chair 0.0021 300 157 334 223
chair 0.0020 274 193 309 227
chair 0.0020 274 163 294 172
chair 0.0020 165 167 186 192
chair 0.0020 321 164 341 196
chair 0.0018 362 173 373 186
chair 0.0014 128 156 137 174
chair 0.0014 294 165 312 173
chair 0.0014 284 163 302 172
chair 0.0013 207 190 225 228
chair 0.0012 171 152 182 169
chair 0.0012 263 167 327 224
chair 0.0012 166 168 184 179
chair 0.0011 300 175 342 204
chair 0.0010 406 159 425 204
chair 0.0010 292 179 310 221
chair 0.0010 139 160 160 187
chair 0.0010 313 167 350 194
chair 0.0010 157 160 194 184
chair 0.0010 159 187 179 232
sofa 0.7214 208 167 304 224
sofa 0.3934 316 167 410 253
sofa 0.2807 97 173 183 257
sofa 0.1127 229 154 279 168
sofa 0.0754 212 187 291 281
sofa 0.0569 130 165 191 226
sofa 0.0249 205 156 287 205
sofa 0.0205 213 185 295 235
sofa 0.0065 310 167 376 225
sofa 0.0050 277 167 310 230
sofa 0.0039 182 152 320 213
sofa 0.0037 220 151 271 161
sofa 0.0029 107 153 227 241
sofa 0.0023 118 153 181 203
sofa 0.0020 135 185 182 213
sofa 0.0019 214 152 259 169
sofa 0.0018 308 148 373 203
sofa 0.0017 136 179 184 202
sofa 0.0016 219 161 291 177
sofa 0.0016 235 158 318 197
sofa 0.0013 142 180 185 237
sofa 0.0012 130 153 300 235
sofa 0.0012 218 170 291 195
sofa 0.0012 161 160 202 227
sofa 0.0011 282 149 318 170
sofa 0.0010 141 166 178 191
sofa 0.0010 283 148 320 209
pottedplant 0.3603 141 163 176 184
pottedplant 0.2444 333 159 369 187
pottedplant 0.1829 283 140 318 167
pottedplant 0.1458 149 165 167 180
pottedplant 0.1089 127 157 147 186
pottedplant 0.1079 308 148 373 203
pottedplant 0.0935 284 157 300 167
pottedplant 0.0932 303 144 338 208
pottedplant 0.0824 183 147 222 212
pottedplant 0.0691 285 111 351 165
pottedplant 0.0679 190 149 224 176
pottedplant 0.0624 302 169 321 209
pottedplant 0.0567 283 129 305 157
pottedplant 0.0523 159 167 177 180
pottedplant 0.0484 218 156 235 168
pottedplant 0.0469 165 134 207 148
pottedplant 0.0465 208 154 224 170
pottedplant 0.0439 300 107 342 140
pottedplant 0.0405 312 127 351 193
pottedplant 0.0388 280 114 315 168
pottedplant 0.0368 358 137 376 169
pottedplant 0.0359 164 143 206 213
pottedplant 0.0353 334 126 372 187
pottedplant 0.0334 188 169 209 211
pottedplant 0.0327 278 152 313 168
pottedplant 0.0326 360 144 374 162
pottedplant 0.0317 148 169 184 190
pottedplant 0.0304 311 149 331 178
pottedplant 0.0288 146 165 168 191
pottedplant 0.0272 139 160 160 187
pottedplant 0.0267 128 153 192 205
pottedplant 0.0262 324 167 363 193
pottedplant 0.0251 287 135 302 150
pottedplant 0.0248 152 128 220 228
pottedplant 0.0242 274 125 297 159
pottedplant 0.0233 293 147 310 160
pottedplant 0.0231 148 121 167 166
pottedplant 0.0226 353 124 372 160
pottedplant 0.0208 294 156 311 166
pottedplant 0.0192 334 153 369 174
pottedplant 0.0192 196 127 213 141
pottedplant 0.0191 285 147 352 203
pottedplant 0.0187 142 165 158 180
pottedplant 0.0178 307 135 350 167
pottedplant 0.0173 314 165 327 179
pottedplant 0.0172 351 155 368 167
pottedplant 0.0166 190 122 225 146
pottedplant 0.0165 166 168 184 179
pottedplant 0.0165 121 131 178 185
pottedplant 0.0154 283 148 320 209
pottedplant 0.0152 343 109 377 174
pottedplant 0.0143 361 153 374 169
pottedplant 0.0143 160 174 178 184
pottedplant 0.0137 286 129 300 141
pottedplant 0.0129 311 162 329 200
pottedplant 0.0123 314 154 327 170
pottedplant 0.0121 206 151 243 171
pottedplant 0.0120 168 173 183 184
pottedplant 0.0117 331 157 352 188
pottedplant 0.0116 206 146 222 155
pottedplant 0.0116 165 157 185 186
pottedplant 0.0113 290 115 332 146
pottedplant 0.0109 142 167 187 228
pottedplant 0.0106 151 174 165 185
pottedplant 0.0106 288 146 300 159
pottedplant 0.0101 157 160 179 184
pottedplant 0.0101 163 138 229 187
pottedplant 0.0101 343 156 360 166
pottedplant 0.0099 194 150 217 189
pottedplant 0.0096 295 166 330 198
pottedplant 0.0092 334 156 349 168
pottedplant 0.0089 342 176 359 188
pottedplant 0.0087 277 122 310 149
pottedplant 0.0087 197 137 215 148
pottedplant 0.0087 341 165 360 178
pottedplant 0.0085 165 138 206 166
pottedplant 0.0083 332 166 348 177
pottedplant 0.0083 304 159 341 184
pottedplant 0.0083 258 133 344 176
pottedplant 0.0082 293 136 306 152
pottedplant 0.0081 304 153 324 192
pottedplant 0.0081 354 146 369 160
pottedplant 0.0081 321 154 340 189
pottedplant 0.0077 290 147 313 172
pottedplant 0.0077 303 120 344 145
pottedplant 0.0075 351 148 373 175
pottedplant 0.0075 191 135 206 145
pottedplant 0.0073 332 177 348 187
pottedplant 0.0072 326 167 339 179
pottedplant 0.0072 338 165 377 192
pottedplant 0.0072 309 148 349 176
pottedplant 0.0071 306 173 317 188
pottedplant 0.0069 131 160 144 180
pottedplant 0.0068 142 174 156 187
pottedplant 0.0068 354 165 367 179
pottedplant 0.0066 225 155 243 167
pottedplant 0.0065 187 153 210 190
pottedplant 0.0060 196 147 231 206
pottedplant 0.0059 303 104 340 126
pottedplant 0.0058 189 131 223 153
diningtable 0.0975 215 194 288 276
diningtable 0.0676 213 185 295 235
diningtable 0.0370 208 167 304 224
diningtable 0.0222 219 177 289 202
diningtable 0.0049 312 180 374 241
diningtable 0.0039 217 187 289 212
diningtable 0.0030 220 151 271 161
diningtable 0.0030 221 152 273 168
diningtable 0.0028 276 157 292 167
diningtable 0.0027 145 158 210 226
diningtable 0.0012 215 195 290 221
diningtable 0.0011 308 148 373 203
diningtable 0.0011 135 185 182 213
diningtable 0.0010 128 175 194 238
tvmonitor 0.0010 412 127 427 164
