person 0.0883 283 151 345 193
person 0.0188 224 152 264 187
person 0.0172 283 154 306 187
person 0.0112 254 155 292 185
person 0.0069 207 155 228 188
person 0.0058 311 154 335 190
person 0.0043 254 156 275 183
person 0.0037 302 161 341 194
person 0.0034 297 155 370 199
person 0.0026 294 137 333 189
person 0.0024 156 302 200 330
person 0.0024 172 126 449 330
person 0.0022 224 154 246 186
person 0.0018 220 160 231 182
person 0.0015 321 164 341 192
person 0.0014 236 149 319 190
person 0.0014 280 135 321 188
person 0.0011 243 155 265 184
person 0.0010 322 165 360 195
person 0.0010 326 176 340 190
person 0.0010 301 154 322 188
person 0.0010 289 149 312 181
car 0.5938 123 124 451 332
motorbike 0.0147 102 120 425 336
bus 0.0112 111 111 414 326
pottedplant 0.0023 1 215 24 325
