car 0.0171 6 235 122 352
car 0.0122 12 284 143 371
car 0.0024 58 285 132 352
car 0.0011 -3 260 127 483
car 0.0010 1 156 126 423
chair 0.0023 -5 380 118 488
chair 0.0022 0 446 119 499
sofa 0.0025 -5 380 118 488
sofa 0.0021 0 446 119 499
pottedplant 0.9800 -3 22 334 481
pottedplant 0.0857 -5 334 119 483
pottedplant 0.0118 0 345 79 399
pottedplant 0.0049 0 315 118 415
pottedplant 0.0023 75 320 269 493
pottedplant 0.0017 6 278 122 371
pottedplant 0.0015 43 349 114 403
pottedplant 0.0014 -3 329 60 390
pottedplant 0.0011 171 35 325 392
pottedplant 0.0010 6 240 145 352
pottedplant 0.0010 49 173 281 479
