person 0.9829 31 90 67 177
person 0.4040 134 105 144 117
person 0.4039 143 102 152 115
person 0.2787 11 127 21 165
person 0.2129 16 130 28 171
person 0.1894 124 101 134 115
person 0.1256 13 132 20 157
person 0.0881 115 101 124 113
person 0.0658 94 102 107 113
person 0.0617 0 121 8 184
person 0.0593 96 103 108 119
person 0.0436 115 104 126 119
person 0.0378 19 132 26 155
person 0.0339 21 140 28 164
person 0.0217 8 8 437 272
person 0.0210 1 129 3 175
person 0.0164 64 124 81 165
person 0.0156 102 108 115 120
person 0.0127 0 116 20 191
person 0.0120 14 129 20 142
person 0.0099 18 128 25 142
person 0.0088 28 121 40 166
person 0.0084 43 97 75 175
person 0.0080 35 117 48 170
person 0.0079 169 95 181 112
person 0.0079 11 108 44 173
person 0.0071 91 102 110 126
person 0.0060 166 97 176 115
person 0.0059 41 96 163 181
person 0.0059 140 116 158 129
person 0.0057 88 101 100 113
person 0.0051 68 124 78 143
person 0.0050 29 139 35 164
person 0.0047 32 88 67 118
person 0.0045 1 136 2 186
person 0.0041 45 117 60 171
person 0.0037 138 103 158 125
person 0.0035 11 103 85 172
person 0.0027 111 101 130 124
person 0.0027 106 101 118 113
person 0.0027 1 115 3 153
person 0.0027 29 133 36 155
person 0.0026 92 102 127 125
person 0.0022 87 104 100 118
person 0.0022 151 108 160 121
person 0.0021 172 90 183 103
person 0.0015 149 115 162 128
person 0.0015 28 126 36 143
person 0.0015 37 136 44 166
person 0.0015 110 103 150 124
person 0.0014 56 120 69 166
person 0.0014 119 102 138 125
person 0.0013 5 118 22 154
person 0.0012 46 90 295 168
person 0.0011 0 127 5 213
person 0.0011 0 86 64 187
person 0.0010 59 122 66 143
person 0.0010 68 132 78 153
person 0.0010 167 91 185 117
person 0.0010 39 133 45 157
person 0.0010 89 96 110 118
person 0.0010 164 102 174 120
bicycle 0.0032 19 14 474 267
bicycle 0.0019 16 130 28 171
bicycle 0.0010 21 140 28 164
car 0.0130 19 14 474 267
car 0.0045 1 117 9 171
car 0.0030 1 118 3 170
car 0.0029 11 127 21 165
car 0.0021 13 132 20 157
car 0.0019 131 113 163 135
car 0.0017 16 125 27 166
car 0.0016 71 110 112 139
car 0.0015 19 132 26 155
motorbike 0.9993 4 46 486 336
motorbike 0.1761 64 108 149 177
motorbike 0.0581 36 110 173 196
motorbike 0.0075 88 100 158 147
motorbike 0.0038 123 118 156 146
motorbike 0.0036 101 106 146 169
motorbike 0.0035 100 110 182 163
motorbike 0.0023 140 116 158 129
motorbike 0.0022 131 113 163 135
motorbike 0.0018 105 111 153 139
motorbike 0.0013 188 51 467 281
motorbike 0.0012 62 119 109 189
motorbike 0.0011 121 107 158 167
motorbike 0.0010 59 112 148 235
bird 0.0011 0 39 3 52
chair 0.0014 16 130 28 171
chair 0.0012 21 140 28 164
chair 0.0010 12 136 20 164
