person 0.2039 120 117 133 130
person 0.1297 115 118 130 130
person 0.0263 93 116 104 126
person 0.0190 87 116 98 125
person 0.0149 112 113 132 133
person 0.0148 54 35 488 283
person 0.0084 142 117 154 128
person 0.0070 2 64 8 72
person 0.0061 132 117 143 129
person 0.0031 1 127 6 141
person 0.0024 5 129 20 140
person 0.0017 389 295 402 310
person 0.0016 354 223 368 242
person 0.0014 2 68 7 76
person 0.0013 122 110 135 124
person 0.0012 1 59 24 71
car 0.1091 124 57 148 68
car 0.0744 155 59 181 69
car 0.0697 398 45 459 57
car 0.0267 1 59 24 71
car 0.0215 2 64 8 72
car 0.0157 165 58 187 68
car 0.0107 159 56 180 65
car 0.0091 164 55 187 65
car 0.0073 94 79 111 86
car 0.0072 67 59 82 68
car 0.0050 92 60 113 69
car 0.0048 2 68 7 76
car 0.0036 421 49 455 56
car 0.0026 1 54 26 65
car 0.0025 100 60 116 68
car 0.0025 152 61 165 69
car 0.0016 411 43 480 56
car 0.0015 147 61 155 68
car 0.0013 18 60 28 70
car 0.0011 69 53 87 67
car 0.0010 0 46 24 71
car 0.0010 409 48 481 59
aeroplane 0.9920 36 32 475 288
aeroplane 0.0076 351 1 442 55
aeroplane 0.0036 390 25 475 61
aeroplane 0.0029 398 45 459 57
aeroplane 0.0027 0 55 27 73
aeroplane 0.0017 -1 31 31 88
aeroplane 0.0010 -3 21 66 68
bus 0.0049 1 59 24 71
bus 0.0019 119 57 146 68
bus 0.0011 2 64 8 72
train 0.0018 54 35 488 283
bird 0.0072 389 295 402 310
