person 0.8731 176 82 226 246
person 0.2019 174 81 223 160
person 0.0368 195 215 219 247
person 0.0166 16 67 356 284
person 0.0085 186 108 218 234
person 0.0069 306 106 318 142
person 0.0016 201 222 223 249
person 0.0011 200 138 232 252
person 0.0010 493 57 499 76
person 0.0010 66 126 79 142
bicycle 0.0013 45 130 80 150
car 0.0019 238 126 249 132
aeroplane 0.0086 19 79 353 302
bus 0.0042 10 31 385 313
train 0.0165 10 31 385 313
boat 0.0019 10 31 385 313
dog 0.9925 307 156 410 251
horse 0.0017 316 161 399 254
cow 0.0012 316 161 399 254
bottle 0.0077 276 193 283 206
bottle 0.0069 184 117 191 129
bottle 0.0019 270 191 282 206
chair 0.0020 10 31 385 313
chair 0.0016 233 122 252 131
chair 0.0013 238 126 249 132
chair 0.0011 254 154 274 189
diningtable 0.0017 19 79 353 302
tvmonitor 0.0026 10 31 385 313
