person 0.9988 318 90 382 252
car 0.0013 494 81 499 88
boat 0.7261 119 16 316 287
boat 0.3476 1 80 25 88
boat 0.2530 55 78 71 87
boat 0.2423 102 55 118 91
boat 0.1880 34 79 52 87
boat 0.1709 44 79 59 87
boat 0.1707 82 81 100 89
boat 0.1500 26 81 42 88
boat 0.1199 101 81 119 89
boat 0.1149 59 66 67 87
boat 0.1146 89 82 109 89
boat 0.0866 0 80 12 86
boat 0.0633 83 57 99 92
boat 0.0585 74 81 92 88
boat 0.0575 109 54 126 90
boat 0.0519 111 81 127 88
boat 0.0515 15 82 30 88
boat 0.0496 92 56 109 91
boat 0.0491 87 65 96 87
boat 0.0438 105 64 115 87
boat 0.0407 39 68 48 86
boat 0.0371 61 79 79 87
boat 0.0358 101 87 120 90
boat 0.0307 54 59 70 91
boat 0.0254 263 88 278 92
boat 0.0253 131 152 314 272
boat 0.0211 92 87 109 90
boat 0.0194 -1 75 32 89
boat 0.0193 22 75 63 90
boat 0.0192 94 64 105 87
boat 0.0184 46 68 58 86
boat 0.0179 2 57 25 90
boat 0.0168 253 81 271 90
boat 0.0159 111 87 125 90
boat 0.0156 119 78 133 87
boat 0.0150 -1 63 137 92
boat 0.0123 74 58 93 90
boat 0.0123 40 74 85 89
boat 0.0113 34 62 52 90
boat 0.0113 82 87 101 90
boat 0.0110 264 81 279 90
boat 0.0110 91 58 129 90
boat 0.0100 44 62 62 89
boat 0.0100 88 76 131 90
boat 0.0092 26 87 42 90
boat 0.0089 78 67 88 85
boat 0.0087 47 87 57 90
boat 0.0084 114 66 125 85
boat 0.0067 15 54 31 90
boat 0.0064 71 75 112 89
boat 0.0057 54 87 71 90
boat 0.0056 29 68 39 85
boat 0.0050 253 80 263 89
boat 0.0048 34 87 51 91
boat 0.0046 72 6 502 311
boat 0.0043 25 60 42 90
boat 0.0040 34 65 72 88
boat 0.0040 458 88 468 92
boat 0.0036 72 61 111 90
boat 0.0035 417 90 424 93
boat 0.0033 0 61 43 88
boat 0.0032 51 64 93 88
boat 0.0031 19 66 28 84
boat 0.0028 64 69 76 84
boat 0.0026 16 87 29 90
boat 0.0025 5 87 23 91
boat 0.0023 -21 60 85 94
boat 0.0023 248 75 283 91
boat 0.0022 61 60 80 89
boat 0.0019 1 68 9 84
boat 0.0018 3 70 21 84
boat 0.0015 1 86 5 93
boat 0.0014 455 89 463 92
boat 0.0014 254 58 276 92
boat 0.0013 494 81 499 88
boat 0.0012 1 52 13 92
boat 0.0012 263 59 281 92
boat 0.0011 75 87 91 90
