person 0.7011 243 -5 494 183
person 0.3237 175 140 494 339
person 0.0392 47 10 453 335
person 0.0194 116 48 356 310
person 0.0026 260 -1 472 102
person 0.0025 258 124 390 210
person 0.0025 227 41 493 299
person 0.0023 316 127 489 202
person 0.0021 279 138 354 212
person 0.0016 174 -4 408 189
person 0.0014 317 12 477 156
person 0.0013 47 -12 515 197
person 0.0010 28 18 236 332
car 0.0013 243 -5 494 183
motorbike 0.0014 243 -5 494 183
cat 0.9955 93 54 340 325
cat 0.0021 233 118 354 219
cat 0.0014 126 144 465 339
cat 0.0011 28 18 236 332
chair 0.0421 45 1 389 340
chair 0.0045 175 140 494 339
chair 0.0028 243 -5 494 183
chair 0.0016 66 65 288 323
chair 0.0010 24 -14 481 200
sofa 0.3675 45 1 389 340
sofa 0.0533 66 65 288 323
sofa 0.0198 175 140 494 339
sofa 0.0045 0 4 190 341
sofa 0.0036 220 -8 454 189
sofa 0.0020 24 -14 481 200
sofa 0.0011 6 71 123 318
diningtable 0.0045 198 140 503 337
diningtable 0.0010 47 10 453 335
