person 0.0110 421 265 435 279
person 0.0077 422 247 437 256
person 0.0076 414 254 425 261
person 0.0062 113 258 125 266
person 0.0049 156 242 164 253
person 0.0048 64 256 81 266
person 0.0048 416 252 441 262
person 0.0040 399 254 414 261
person 0.0040 336 254 346 262
person 0.0033 123 257 134 266
person 0.0028 353 256 364 263
person 0.0027 132 257 145 265
person 0.0026 446 249 467 261
person 0.0025 249 255 261 262
person 0.0024 269 254 278 261
person 0.0023 259 254 269 260
person 0.0023 69 247 77 251
person 0.0021 0 245 3 257
person 0.0019 28 243 467 283
person 0.0019 73 255 88 264
person 0.0018 479 251 495 267
person 0.0018 392 255 406 262
person 0.0018 106 257 117 265
person 0.0017 20 255 192 300
person 0.0017 484 250 500 270
person 0.0016 343 255 357 262
person 0.0015 325 255 338 262
person 0.0013 472 252 482 260
person 0.0012 278 253 289 261
person 0.0011 298 243 380 279
person 0.0011 461 245 470 254
person 0.0010 59 256 68 266
person 0.0010 429 264 445 278
bicycle 0.0025 421 265 435 279
car 0.9976 50 254 184 299
car 0.9896 229 253 304 279
car 0.9680 14 251 92 291
car 0.9538 187 252 225 273
car 0.9520 0 252 40 282
car 0.8831 205 247 266 275
car 0.8077 277 249 315 267
car 0.7721 479 247 500 271
car 0.7713 306 253 358 281
car 0.3588 416 252 441 262
car 0.1739 446 249 467 261
car 0.1079 472 252 482 260
car 0.0894 298 243 380 279
car 0.0439 300 253 344 272
car 0.0378 439 247 472 266
car 0.0240 29 253 96 271
car 0.0170 417 251 456 266
car 0.0168 360 253 397 268
car 0.0164 480 248 494 258
car 0.0159 439 253 456 261
car 0.0137 487 258 497 271
car 0.0118 366 254 391 263
car 0.0117 1 257 7 282
car 0.0115 351 257 391 282
car 0.0113 0 252 14 284
car 0.0105 422 247 437 256
car 0.0092 1 267 7 285
car 0.0073 334 247 352 255
car 0.0070 95 253 165 268
car 0.0068 414 254 425 261
car 0.0064 288 251 312 263
car 0.0063 187 258 210 273
car 0.0062 0 249 60 292
car 0.0058 0 262 34 288
car 0.0058 458 252 471 261
car 0.0054 40 263 85 293
car 0.0054 57 253 103 268
car 0.0050 0 250 4 268
car 0.0050 336 245 361 254
car 0.0049 254 251 312 271
car 0.0045 427 242 469 260
car 0.0042 417 249 440 270
car 0.0041 421 265 435 279
car 0.0040 389 260 421 282
car 0.0039 17 252 194 323
car 0.0036 220 246 269 259
car 0.0035 311 255 331 263
car 0.0030 331 243 372 258
car 0.0030 419 258 454 280
car 0.0030 481 258 494 271
car 0.0027 271 253 318 276
car 0.0027 427 249 441 257
car 0.0024 489 247 497 256
car 0.0022 327 249 391 267
car 0.0022 28 243 467 283
car 0.0021 360 233 418 260
car 0.0021 305 255 320 265
car 0.0019 392 255 406 262
car 0.0018 440 247 458 258
car 0.0016 192 253 219 266
car 0.0015 484 250 499 281
car 0.0015 288 248 313 257
car 0.0015 399 254 414 261
car 0.0015 278 253 289 261
car 0.0014 397 252 441 267
car 0.0013 0 245 3 257
car 0.0012 14 260 31 276
car 0.0011 336 254 346 262
car 0.0010 360 257 418 280
car 0.0010 440 259 473 282
car 0.0010 0 258 17 365
car 0.0010 315 250 431 282
bus 0.0091 437 244 472 261
bus 0.0059 195 246 282 275
bus 0.0054 479 247 500 271
bus 0.0020 351 225 429 258
bus 0.0017 298 243 380 279
bus 0.0013 446 249 467 261
bus 0.0010 427 233 471 252
bus 0.0010 416 252 441 262
chair 0.1486 389 260 421 282
chair 0.0396 421 265 435 279
chair 0.0178 438 264 453 278
chair 0.0154 429 264 445 278
chair 0.0133 440 259 473 282
chair 0.0084 438 268 454 282
chair 0.0060 417 257 439 280
chair 0.0059 447 264 469 277
chair 0.0048 426 258 447 281
chair 0.0046 357 254 397 280
chair 0.0045 446 269 466 281
chair 0.0044 392 264 421 276
chair 0.0042 413 263 425 276
chair 0.0018 413 268 425 283
chair 0.0014 395 269 420 283
chair 0.0012 416 252 441 262
chair 0.0011 419 264 454 285
diningtable 0.0023 421 265 435 279
diningtable 0.0018 429 264 445 278
