person 0.2060 463 167 470 177
person 0.0316 318 172 325 187
person 0.0149 495 164 500 177
person 0.0121 495 158 500 174
person 0.0083 320 170 326 183
person 0.0080 158 157 179 193
person 0.0039 426 165 432 177
person 0.0033 150 165 182 198
person 0.0031 171 162 179 185
person 0.0024 289 179 295 187
person 0.0020 326 175 333 186
person 0.0020 336 175 344 186
person 0.0019 336 166 342 180
person 0.0017 347 175 356 187
person 0.0017 309 175 315 186
person 0.0016 326 167 331 182
person 0.0016 164 164 176 182
person 0.0016 484 169 490 176
person 0.0016 349 167 356 179
person 0.0016 282 181 287 187
person 0.0013 83 101 96 113
person 0.0013 168 156 180 191
person 0.0012 468 169 476 177
person 0.0011 464 160 471 173
bicycle 0.0419 150 165 182 198
bicycle 0.0036 158 157 179 193
aeroplane 0.0045 8 -4 315 176
train 0.9964 -2 2 299 209
train 0.2717 405 142 498 184
train 0.1801 299 124 500 186
train 0.0229 317 136 395 186
train 0.0131 343 144 485 184
train 0.0062 251 123 410 183
train 0.0044 351 135 390 186
train 0.0010 421 151 489 175
train 0.0010 22 44 266 170
horse 0.0013 150 165 182 198
chair 0.0014 150 165 182 198
pottedplant 0.0020 463 167 470 177
