person 0.0082 62 198 289 447
person 0.0019 114 273 260 382
person 0.0011 115 230 255 345
bird 0.0025 146 270 216 330
bird 0.0016 114 273 260 382
bird 0.0014 115 230 255 345
bird 0.0014 62 198 289 447
cat 0.0081 69 135 287 438
cat 0.0077 146 270 216 330
cat 0.0034 115 230 255 345
cat 0.0017 114 273 260 382
dog 0.0029 62 198 289 447
dog 0.0028 115 230 255 345
dog 0.0025 114 273 260 382
dog 0.0023 146 270 216 330
horse 0.0061 62 198 289 447
horse 0.0050 114 273 260 382
horse 0.0029 115 230 255 345
horse 0.0012 146 270 216 330
cow 0.0011 146 270 216 330
bottle 0.0337 55 33 307 482
bottle 0.0055 62 198 289 447
pottedplant 0.0051 46 58 307 501
diningtable 0.1106 46 58 307 501
diningtable 0.0020 58 233 290 479
tvmonitor 0.0035 46 58 307 501
