person 0.0041 283 124 325 149
person 0.0023 136 4 353 231
bicycle 0.9983 131 0 362 370
bicycle 0.1346 127 6 316 225
bicycle 0.0425 268 19 370 129
bicycle 0.0137 120 41 194 158
bicycle 0.0044 216 42 362 153
bicycle 0.0032 185 9 370 204
bicycle 0.0018 178 19 331 142
bicycle 0.0013 200 21 281 180
bicycle 0.0010 149 24 211 174
boat 0.0084 115 -25 375 350
bird 0.0206 365 155 399 178
bird 0.0133 259 126 289 150
bird 0.0108 189 134 228 181
bird 0.0014 283 124 325 149
bottle 0.0336 237 92 255 141
bottle 0.0203 189 134 228 181
bottle 0.0048 167 100 193 175
bottle 0.0039 199 105 217 146
bottle 0.0039 229 94 255 175
bottle 0.0035 172 132 185 177
bottle 0.0026 191 84 215 158
bottle 0.0023 189 105 219 173
bottle 0.0014 182 101 199 165
bottle 0.0013 226 65 254 146
bottle 0.0013 239 84 269 155
chair 0.0019 276 18 365 134
tvmonitor 0.0037 276 18 365 134
