person 0.0251 244 44 265 77
person 0.0132 300 197 312 219
person 0.0083 108 124 217 192
person 0.0053 329 185 351 218
person 0.0052 443 108 498 247
person 0.0048 257 60 274 79
person 0.0041 380 180 418 209
person 0.0040 324 201 336 219
person 0.0031 254 66 271 81
person 0.0021 217 41 227 60
person 0.0020 289 58 300 79
person 0.0020 250 50 259 65
person 0.0016 118 125 161 194
person 0.0015 108 148 145 209
person 0.0014 479 113 499 242
person 0.0014 248 55 260 76
person 0.0013 107 155 177 203
person 0.0013 325 195 337 213
person 0.0013 268 187 280 201
person 0.0013 192 71 202 95
person 0.0012 315 202 328 219
person 0.0012 256 184 273 201
person 0.0012 388 184 425 215
person 0.0011 126 166 172 200
person 0.0011 370 178 425 228
person 0.0011 268 192 281 207
person 0.0010 417 20 443 56
person 0.0010 177 44 193 55
cat 0.0020 140 180 178 200
cat 0.0010 139 180 214 198
dog 0.0010 443 108 498 247
bottle 0.0062 275 202 286 223
bottle 0.0047 95 146 106 162
bottle 0.0038 289 58 300 79
bottle 0.0031 279 61 291 79
bottle 0.0022 100 220 214 328
bottle 0.0017 90 244 110 273
bottle 0.0010 90 261 108 300
bottle 0.0010 275 211 288 227
chair 0.2969 113 161 239 265
chair 0.1146 69 352 215 373
chair 0.0681 78 158 104 247
chair 0.0590 84 158 119 243
chair 0.0135 75 150 138 252
chair 0.0095 101 160 139 229
chair 0.0076 78 165 87 240
chair 0.0066 89 107 248 279
chair 0.0059 109 209 215 265
chair 0.0052 97 115 234 209
chair 0.0039 29 283 250 370
chair 0.0039 89 163 108 204
chair 0.0036 215 282 347 373
chair 0.0034 92 208 160 264
chair 0.0027 93 205 127 267
chair 0.0027 2 355 32 377
chair 0.0021 106 196 232 240
chair 0.0017 82 202 101 243
chair 0.0017 377 185 437 239
chair 0.0016 329 331 502 375
chair 0.0013 86 215 211 333
chair 0.0013 0 313 28 376
chair 0.0013 84 160 102 205
chair 0.0013 80 175 86 204
chair 0.0012 160 198 240 265
chair 0.0012 88 190 161 247
sofa 0.9731 98 121 240 257
sofa 0.0161 137 170 255 265
sofa 0.0076 329 331 502 375
sofa 0.0058 324 298 502 368
sofa 0.0024 106 196 232 240
sofa 0.0019 127 157 230 204
sofa 0.0016 126 128 231 192
sofa 0.0015 63 127 228 327
sofa 0.0015 82 171 211 275
sofa 0.0014 116 174 218 215
sofa 0.0011 109 209 215 265
pottedplant 0.7221 205 72 241 115
pottedplant 0.6517 86 215 211 333
pottedplant 0.3114 238 173 282 233
pottedplant 0.2687 310 -1 385 82
pottedplant 0.0461 273 196 288 226
pottedplant 0.0284 242 195 282 226
pottedplant 0.0246 109 269 204 326
pottedplant 0.0194 236 219 258 242
pottedplant 0.0113 49 176 229 363
pottedplant 0.0108 246 179 283 207
pottedplant 0.0074 113 125 164 159
pottedplant 0.0053 0 271 27 358
pottedplant 0.0051 71 246 251 348
pottedplant 0.0041 266 195 285 225
pottedplant 0.0041 86 239 122 306
pottedplant 0.0041 443 108 498 247
pottedplant 0.0025 300 197 312 219
pottedplant 0.0025 231 178 262 246
pottedplant 0.0024 89 119 245 314
pottedplant 0.0024 300 166 366 222
pottedplant 0.0019 254 171 291 228
pottedplant 0.0019 115 250 206 306
pottedplant 0.0018 89 215 126 290
pottedplant 0.0018 90 261 108 300
pottedplant 0.0016 236 185 258 220
pottedplant 0.0015 491 102 499 165
pottedplant 0.0015 275 211 288 227
pottedplant 0.0014 476 93 499 189
pottedplant 0.0014 200 75 240 155
pottedplant 0.0013 120 220 199 279
pottedplant 0.0012 252 185 277 221
pottedplant 0.0012 304 168 338 223
pottedplant 0.0011 -1 305 18 348
pottedplant 0.0011 211 92 234 116
pottedplant 0.0010 80 265 119 294
pottedplant 0.0010 275 195 286 212
pottedplant 0.0010 484 41 499 201
pottedplant 0.0010 302 188 321 218
pottedplant 0.0010 181 265 216 290
pottedplant 0.0010 354 12 385 80
diningtable 0.2135 71 246 251 348
diningtable 0.1119 17 223 321 377
diningtable 0.0237 158 260 358 354
diningtable 0.0192 51 282 365 372
diningtable 0.0164 215 282 347 373
diningtable 0.0076 -1 283 113 375
diningtable 0.0041 10 258 196 368
diningtable 0.0019 3 325 102 375
diningtable 0.0011 49 176 229 363
diningtable 0.0010 0 313 28 376
diningtable 0.0010 181 236 377 310
diningtable 0.0010 23 270 102 313
tvmonitor 0.0344 494 31 500 100
tvmonitor 0.0055 498 37 499 97
tvmonitor 0.0029 300 166 366 222
