person 0.0397 78 50 101 193
person 0.0131 45 48 94 197
person 0.0052 52 53 80 118
person 0.0041 495 96 499 117
person 0.0041 482 85 500 235
person 0.0033 83 145 102 183
person 0.0029 55 59 69 116
person 0.0026 496 79 499 112
person 0.0021 494 103 499 122
person 0.0019 53 118 90 192
person 0.0017 64 59 77 112
person 0.0016 493 68 500 123
person 0.0015 188 108 215 210
person 0.0012 497 72 499 100
person 0.0012 72 147 104 204
person 0.0010 495 73 500 196
person 0.0010 493 119 499 247
bicycle 0.5589 49 105 355 283
bicycle 0.1669 255 101 416 215
bicycle 0.0276 489 154 499 231
bicycle 0.0244 183 127 328 254
bicycle 0.0126 480 119 498 236
bicycle 0.0082 221 185 294 241
bicycle 0.0075 493 119 499 247
bicycle 0.0020 237 167 317 236
bicycle 0.0015 478 161 500 224
bicycle 0.0011 170 99 406 257
car 0.0598 480 147 498 236
car 0.0154 282 102 421 207
car 0.0143 30 5 470 215
car 0.0103 489 154 499 231
car 0.0066 495 96 499 117
car 0.0051 483 57 500 224
car 0.0035 493 119 499 247
car 0.0026 494 103 499 122
car 0.0017 496 79 499 112
car 0.0015 493 77 500 132
car 0.0014 210 107 382 211
car 0.0012 443 101 465 111
motorbike 0.9278 255 101 416 215
motorbike 0.8724 49 105 355 283
motorbike 0.3241 480 119 498 236
motorbike 0.0539 183 127 328 254
motorbike 0.0143 489 154 499 231
motorbike 0.0083 170 99 406 257
motorbike 0.0082 221 185 294 241
motorbike 0.0068 32 23 463 271
motorbike 0.0035 493 119 499 247
motorbike 0.0027 478 161 500 224
motorbike 0.0026 328 124 413 197
bus 0.0113 30 5 470 215
bus 0.0014 483 57 500 224
train 0.0312 30 5 470 215
bottle 0.0012 26 148 54 174
tvmonitor 0.0179 0 58 11 116
