cat 0.9908 -6 195 136 399
cat 0.0032 70 206 166 356
cat 0.0029 23 260 154 384
dog 0.0023 -2 206 131 419
chair 0.0205 76 305 322 503
chair 0.0071 0 195 153 439
chair 0.0020 6 306 185 504
sofa 0.0053 0 195 153 439
pottedplant 0.9671 -7 -25 287 437
pottedplant 0.0055 -1 193 150 397
pottedplant 0.0052 -8 21 288 251
pottedplant 0.0044 5 18 184 345
pottedplant 0.0036 37 63 275 349
diningtable 0.0231 35 305 304 500
diningtable 0.0194 -10 -3 288 489
diningtable 0.0155 6 306 185 504
diningtable 0.0040 0 195 153 439
diningtable 0.0035 8 380 156 500
