person 0.9258 100 9 467 321
person 0.7109 207 142 454 319
person 0.1275 136 100 381 313
person 0.0023 215 138 362 269
cat 0.0038 195 192 313 295
cat 0.0025 136 100 381 313
cat 0.0015 -35 68 478 323
cat 0.0011 215 138 362 269
bottle 0.0807 205 204 320 267
chair 0.0938 153 6 482 277
chair 0.0416 -35 68 478 323
chair 0.0108 310 -8 499 340
chair 0.0055 15 -11 465 195
sofa 0.9264 -21 1 468 332
sofa 0.0156 310 -8 499 340
sofa 0.0110 126 12 389 258
sofa 0.0057 75 -17 491 207
sofa 0.0017 17 141 487 323
sofa 0.0017 -5 30 272 315
sofa 0.0011 24 -4 409 101
