person 0.0976 187 143 264 212
person 0.0123 205 132 269 194
person 0.0100 297 139 338 212
person 0.0080 147 150 290 232
person 0.0068 164 147 241 209
person 0.0047 1 163 10 180
person 0.0036 286 131 348 188
person 0.0027 197 132 239 196
person 0.0025 32 3 491 320
person 0.0020 2 162 5 171
person 0.0019 215 154 261 229
person 0.0018 215 147 297 207
person 0.0016 136 182 289 270
person 0.0016 283 123 348 236
person 0.0015 2 166 19 180
person 0.0015 497 189 500 215
person 0.0012 305 155 341 188
person 0.0011 199 154 242 230
person 0.0011 258 137 335 254
person 0.0010 314 143 348 205
person 0.0010 496 193 499 226
person 0.0010 168 223 204 242
car 0.0030 32 3 491 320
bus 0.9978 52 29 505 370
train 0.0038 32 3 491 320
bottle 0.0011 380 243 399 276
