person 0.0837 155 17 222 90
person 0.0315 310 24 335 112
person 0.0046 70 100 91 147
bird 0.0122 155 17 222 90
cat 0.0108 154 14 221 88
horse 0.0030 155 17 222 90
bottle 0.0019 310 24 335 112
bottle 0.0016 483 125 500 268
bottle 0.0013 71 128 103 196
chair 0.0411 139 313 283 374
chair 0.0169 0 299 30 370
chair 0.0054 450 206 498 374
chair 0.0042 475 262 499 364
chair 0.0039 483 125 500 268
chair 0.0035 456 205 498 272
chair 0.0032 476 187 496 316
chair 0.0025 380 144 441 167
chair 0.0015 471 110 498 398
chair 0.0013 330 296 474 373
chair 0.0010 279 146 442 256
sofa 0.0011 483 125 500 268
diningtable 0.0038 24 220 458 290
diningtable 0.0031 28 145 456 319
tvmonitor 0.9945 134 93 280 190
tvmonitor 0.6988 279 146 442 256
tvmonitor 0.0265 483 125 500 268
tvmonitor 0.0033 55 94 88 178
tvmonitor 0.0022 486 124 499 166
tvmonitor 0.0021 477 178 498 294
tvmonitor 0.0019 16 61 47 94
tvmonitor 0.0018 456 205 498 272
tvmonitor 0.0015 380 144 441 167
tvmonitor 0.0011 43 77 98 199
tvmonitor 0.0010 68 59 89 89
