person 0.0130 23 91 63 120
person 0.0090 62 89 86 121
person 0.0053 39 74 173 118
person 0.0048 44 82 459 340
person 0.0043 51 78 86 129
person 0.0038 44 88 82 120
person 0.0030 69 76 104 129
person 0.0029 17 79 116 123
person 0.0020 43 90 66 116
person 0.0019 29 76 68 131
person 0.0017 243 107 283 139
person 0.0017 55 100 89 125
person 0.0015 103 106 137 127
person 0.0014 1 63 46 134
person 0.0013 109 110 133 125
person 0.0011 32 82 73 111
person 0.0011 24 84 46 111
person 0.0010 80 85 102 123
person 0.0010 85 91 166 137
car 0.9846 -4 65 189 241
car 0.7534 39 78 461 309
car 0.5412 14 63 194 98
car 0.2516 0 63 191 142
car 0.0300 -2 60 26 73
car 0.0231 0 62 30 85
car 0.0164 24 55 182 82
car 0.0156 0 52 31 113
car 0.0115 0 58 49 77
car 0.0100 39 74 173 118
car 0.0064 45 59 138 73
car 0.0052 0 60 61 104
car 0.0042 11 75 86 128
car 0.0042 1 63 46 134
car 0.0035 -1 66 24 104
car 0.0027 -3 65 69 83
car 0.0015 0 71 54 242
car 0.0013 2 59 12 72
car 0.0012 13 62 111 72
motorbike 0.0010 45 13 454 308
bus 0.0045 18 66 439 312
diningtable 0.0016 44 82 459 340
