person 0.0338 174 78 189 113
person 0.0259 148 81 189 156
person 0.0034 175 82 186 107
person 0.0020 241 9 330 146
person 0.0020 9 124 21 142
person 0.0019 179 80 188 94
person 0.0017 161 75 190 137
person 0.0017 6 117 27 145
person 0.0012 15 124 26 142
person 0.0010 171 142 186 159
person 0.0010 412 94 458 157
bird 0.0055 148 81 189 156
bird 0.0010 174 78 189 113
bird 0.0010 147 99 187 131
cat 0.6913 195 186 261 230
cat 0.0046 148 81 189 156
dog 0.0066 148 81 189 156
dog 0.0028 195 186 261 230
dog 0.0016 147 99 187 131
horse 0.0035 148 81 189 156
chair 0.0343 58 193 484 362
chair 0.0021 319 185 404 246
sofa 0.9991 43 216 483 371
sofa 0.0108 124 248 437 357
