person 0.1272 482 165 490 181
person 0.0580 454 164 460 175
person 0.0539 446 162 451 172
person 0.0367 443 159 449 170
person 0.0206 454 157 460 171
person 0.0200 438 157 442 167
person 0.0183 459 162 466 175
person 0.0090 460 157 466 170
person 0.0051 492 162 497 180
person 0.0038 393 205 407 250
person 0.0026 491 172 496 186
person 0.0025 483 158 490 170
person 0.0023 384 184 411 252
person 0.0021 479 158 494 185
person 0.0019 475 167 482 178
person 0.0014 492 157 497 170
car 0.0017 482 165 490 181
car 0.0010 1 154 5 164
train 0.9997 78 31 428 305
bottle 0.0015 321 277 330 300
