person 0.5135 201 93 241 155
person 0.1329 191 104 251 165
person 0.1121 409 140 443 172
person 0.0900 368 147 388 172
person 0.0899 493 187 498 201
person 0.0846 205 144 246 207
person 0.0842 406 140 426 172
person 0.0831 495 189 499 210
person 0.0825 382 154 394 170
person 0.0379 368 151 378 171
person 0.0242 116 28 505 317
person 0.0227 482 188 491 199
person 0.0221 287 134 304 175
person 0.0185 409 152 423 172
person 0.0180 373 146 385 166
person 0.0174 290 139 309 186
person 0.0172 490 176 499 186
person 0.0155 410 145 423 164
person 0.0145 427 147 443 174
person 0.0139 195 117 215 152
person 0.0108 280 130 311 188
person 0.0105 405 153 417 172
person 0.0104 214 109 237 158
person 0.0085 381 146 392 166
person 0.0085 186 107 225 167
person 0.0084 323 131 339 176
person 0.0079 110 111 176 163
person 0.0073 289 155 301 173
person 0.0069 379 138 396 171
person 0.0063 482 194 490 203
person 0.0063 199 119 212 135
person 0.0061 204 100 242 132
person 0.0061 477 184 500 225
person 0.0058 487 172 500 212
person 0.0049 242 108 254 125
person 0.0047 214 93 254 158
person 0.0046 365 140 381 172
person 0.0041 125 96 164 149
person 0.0040 154 119 345 178
person 0.0039 419 152 434 171
person 0.0035 287 153 305 191
person 0.0034 188 127 253 188
person 0.0034 429 146 441 165
person 0.0033 498 182 499 237
person 0.0033 332 131 346 176
person 0.0032 290 143 300 164
person 0.0030 392 147 426 174
person 0.0029 241 110 273 168
person 0.0029 405 144 417 165
person 0.0028 287 110 303 162
person 0.0028 291 121 308 169
person 0.0027 215 117 252 197
person 0.0027 237 106 254 162
person 0.0026 420 146 434 162
person 0.0026 143 109 179 165
person 0.0024 205 103 265 210
person 0.0023 137 117 178 149
person 0.0023 365 141 395 171
person 0.0022 263 109 297 170
person 0.0022 491 167 499 181
person 0.0021 189 124 210 159
person 0.0021 487 153 499 355
person 0.0021 390 155 403 170
person 0.0020 227 154 241 173
person 0.0019 227 107 241 159
person 0.0019 282 128 348 184
person 0.0019 104 129 179 184
person 0.0018 117 120 161 149
person 0.0018 320 108 349 174
person 0.0017 371 126 389 166
person 0.0017 138 119 160 147
person 0.0016 132 92 166 119
person 0.0016 266 125 303 187
person 0.0016 289 160 300 180
person 0.0016 382 139 417 172
person 0.0015 147 97 215 151
person 0.0015 411 139 424 154
person 0.0015 205 114 226 156
person 0.0015 295 142 305 164
person 0.0014 238 102 256 131
person 0.0014 243 108 261 163
person 0.0013 224 148 243 177
person 0.0012 199 91 237 124
person 0.0012 485 182 498 237
person 0.0012 190 109 209 143
person 0.0011 387 148 407 173
person 0.0011 192 125 205 141
person 0.0010 237 136 254 170
person 0.0010 418 148 451 174
person 0.0010 193 118 206 135
person 0.0010 230 105 240 125
car 0.9505 475 184 501 236
car 0.1177 485 182 498 237
car 0.0362 490 176 499 186
car 0.0077 487 172 500 212
car 0.0071 493 187 498 201
car 0.0050 495 189 499 210
car 0.0040 498 182 499 237
car 0.0026 481 176 495 185
car 0.0020 490 181 498 256
car 0.0012 478 180 498 207
car 0.0012 463 184 495 240
car 0.0010 491 167 499 181
bus 0.9998 89 15 478 312
bus 0.0058 477 184 500 225
bus 0.0014 486 154 500 187
bus 0.0010 485 182 498 237
train 0.0012 100 -3 477 248
pottedplant 0.0232 489 153 499 172
pottedplant 0.0100 485 149 501 180
pottedplant 0.0043 491 167 499 181
pottedplant 0.0010 479 148 495 181
