person 0.0024 12 187 130 312
bird 0.0266 295 -1 406 111
bird 0.0040 12 187 130 312
cat 0.0076 362 50 449 126
dog 0.0978 231 180 360 321
dog 0.0351 362 50 449 126
dog 0.0230 109 182 220 338
dog 0.0112 12 187 130 312
dog 0.0058 295 -1 406 111
dog 0.0022 213 194 273 325
horse 0.0527 231 180 360 321
horse 0.0434 109 189 223 342
horse 0.0166 12 187 130 312
horse 0.0124 295 -1 406 111
horse 0.0061 213 194 273 325
horse 0.0016 362 50 449 126
sheep 0.4894 213 194 273 325
sheep 0.4820 111 182 221 341
sheep 0.3708 362 50 449 126
sheep 0.3124 12 187 130 312
sheep 0.2210 253 4 296 85
sheep 0.1516 231 180 360 321
sheep 0.0232 295 -1 406 111
sheep 0.0050 109 257 175 324
sheep 0.0021 188 186 315 326
sheep 0.0020 110 181 384 334
sheep 0.0010 29 250 100 306
cow 0.0212 231 180 360 321
cow 0.0193 109 189 223 342
cow 0.0065 12 187 130 312
cow 0.0063 213 194 273 325
cow 0.0033 362 50 449 126
cow 0.0028 295 -1 406 111
cow 0.0013 253 4 296 85
