person 0.0434 43 164 460 374
person 0.0149 70 20 492 348
person 0.0021 -3 172 195 368
cat 0.9786 4 1 435 358
cat 0.0087 157 3 491 301
cat 0.0081 -3 172 195 368
cat 0.0035 43 164 460 374
cat 0.0026 42 39 308 327
cat 0.0012 0 178 138 288
dog 0.0202 70 20 492 348
sheep 0.0010 -4 12 360 308
chair 0.0181 0 -3 122 221
chair 0.0143 26 5 468 312
sofa 0.1579 33 71 464 366
sofa 0.0288 0 -3 122 221
sofa 0.0209 -4 12 360 308
sofa 0.0015 188 209 486 373
sofa 0.0015 157 3 491 301
sofa 0.0010 0 0 269 203
pottedplant 0.0010 43 164 460 374
