person 0.1823 238 100 251 114
person 0.1571 266 105 290 175
person 0.1403 274 106 289 159
person 0.0837 219 99 232 113
person 0.0811 228 100 243 113
person 0.0608 199 100 213 113
person 0.0544 239 78 250 94
person 0.0483 269 105 285 142
person 0.0479 247 103 258 115
person 0.0217 209 99 223 113
person 0.0199 271 109 281 130
person 0.0139 231 69 253 92
person 0.0107 230 75 245 91
person 0.0067 248 78 254 93
person 0.0049 245 96 285 176
person 0.0048 275 108 285 132
person 0.0046 218 95 254 114
person 0.0038 187 84 283 183
person 0.0033 273 126 290 175
person 0.0026 218 82 231 92
person 0.0016 229 68 246 85
person 0.0015 260 106 268 118
person 0.0013 231 87 242 93
person 0.0011 194 99 205 112
person 0.0011 195 96 216 114
person 0.0010 244 99 264 123
car 0.9650 174 84 290 177
car 0.1541 227 67 250 88
car 0.0361 218 82 231 92
car 0.0307 230 75 245 91
car 0.0217 274 109 290 174
car 0.0129 245 96 285 176
car 0.0122 239 78 250 94
car 0.0063 231 87 242 93
car 0.0039 267 103 284 180
car 0.0024 152 60 167 74
car 0.0022 208 83 224 92
car 0.0020 211 87 222 93
car 0.0014 248 78 254 93
car 0.0013 249 86 257 94
car 0.0010 269 105 285 142
car 0.0010 200 88 213 93
motorbike 0.1835 274 109 290 174
motorbike 0.0318 267 103 284 180
motorbike 0.0056 273 137 290 178
motorbike 0.0029 279 139 289 161
motorbike 0.0021 245 96 285 176
motorbike 0.0020 278 130 288 154
motorbike 0.0017 239 78 250 94
motorbike 0.0013 230 75 245 91
motorbike 0.0011 178 74 272 173
bus 0.0033 178 74 272 173
train 0.0013 227 67 250 88
cat 0.0020 366 168 450 268
dog 0.1845 128 162 253 255
dog 0.1223 362 168 460 267
dog 0.0035 218 82 231 92
horse 0.0151 147 154 244 263
horse 0.0011 231 69 253 92
horse 0.0011 366 168 450 268
horse 0.0010 274 109 290 174
sheep 0.7832 138 161 256 256
sheep 0.7340 366 168 450 268
sheep 0.0080 333 101 354 111
sheep 0.0035 218 82 231 92
sheep 0.0017 201 83 215 92
sheep 0.0017 208 83 224 92
sheep 0.0012 239 78 250 94
sheep 0.0012 418 114 432 126
sheep 0.0010 382 108 393 116
sheep 0.0010 248 78 254 93
sheep 0.0010 418 111 432 120
sheep 0.0010 268 90 275 97
cow 0.2334 128 162 253 255
cow 0.0124 362 168 460 267
cow 0.0115 227 68 257 93
cow 0.0085 218 82 231 92
cow 0.0082 239 85 251 94
cow 0.0032 208 83 224 92
cow 0.0030 230 75 245 91
cow 0.0030 231 87 242 93
cow 0.0017 170 106 181 119
cow 0.0017 249 86 257 94
cow 0.0016 248 78 254 93
cow 0.0012 201 83 215 92
cow 0.0011 211 87 222 93
cow 0.0010 200 88 213 93
