person 0.9953 -3 10 269 368
person 0.0862 0 82 6 148
person 0.0256 0 84 2 146
person 0.0237 0 98 3 146
person 0.0149 0 69 4 216
person 0.0093 33 4 213 224
person 0.0053 11 178 259 369
person 0.0038 0 35 11 162
person 0.0030 0 57 10 220
person 0.0023 -3 157 131 369
person 0.0023 0 72 2 119
person 0.0022 0 122 5 241
person 0.0020 0 32 5 141
person 0.0018 377 7 504 127
person 0.0015 3 168 121 268
person 0.0014 261 2 501 246
person 0.0012 0 111 2 153
person 0.0010 0 126 15 269
bicycle 0.0019 0 91 5 154
car 0.0053 0 82 6 148
car 0.0012 0 84 2 146
dog 0.0099 261 2 501 246
dog 0.0038 0 91 5 154
dog 0.0028 0 98 3 146
dog 0.0012 0 84 2 146
horse 0.0798 261 2 501 246
sheep 0.9851 277 5 500 265
sheep 0.0091 366 -5 517 235
sheep 0.0021 448 -1 497 238
sheep 0.0018 377 7 504 127
sheep 0.0010 484 42 499 233
cow 0.0292 277 5 500 265
chair 0.0053 0 91 5 154
chair 0.0037 0 98 3 146
chair 0.0034 6 164 81 219
