person 0.9886 450 144 467 225
person 0.9677 296 120 334 181
person 0.1499 353 124 390 179
person 0.1184 267 126 284 182
person 0.1163 264 163 284 187
person 0.0198 449 152 468 181
person 0.0181 252 121 279 184
person 0.0157 56 48 493 292
person 0.0157 268 174 281 186
person 0.0115 375 158 388 171
person 0.0114 360 151 396 178
person 0.0085 352 126 373 162
person 0.0058 448 149 477 208
person 0.0057 160 148 181 180
person 0.0056 298 123 371 180
person 0.0053 336 137 385 175
person 0.0052 456 169 469 216
person 0.0051 266 118 283 159
person 0.0044 317 140 395 190
person 0.0033 271 124 287 169
person 0.0031 367 137 389 174
person 0.0028 299 136 343 171
person 0.0028 371 122 410 180
person 0.0020 192 148 203 166
person 0.0020 257 120 273 174
person 0.0020 361 159 399 186
person 0.0018 497 184 499 223
person 0.0015 453 159 461 172
person 0.0013 188 142 208 173
person 0.0013 471 199 484 215
person 0.0012 220 168 231 180
person 0.0012 453 155 471 196
person 0.0012 138 147 181 181
person 0.0011 112 140 131 174
person 0.0011 308 125 331 167
person 0.0011 169 148 179 164
person 0.0011 288 135 349 192
person 0.0011 260 135 289 191
person 0.0010 0 161 1 188
bicycle 0.0022 451 163 466 218
aeroplane 0.0053 136 31 143 37
bus 0.9998 31 50 456 295
bird 0.0788 136 31 143 37
bird 0.0045 137 33 143 38
dog 0.0010 471 199 484 215
chair 0.0019 218 164 255 184
chair 0.0011 160 148 181 180
pottedplant 0.0188 4 132 27 162
pottedplant 0.0037 12 135 29 173
pottedplant 0.0033 14 137 28 158
pottedplant 0.0024 8 138 25 155
pottedplant 0.0010 15 145 27 161
diningtable 0.0018 56 48 493 292
