person 0.0155 407 352 452 376
person 0.0116 87 11 94 25
person 0.0050 138 17 146 34
person 0.0049 68 2 172 58
person 0.0042 105 5 113 18
person 0.0021 200 10 213 26
person 0.0020 108 9 115 22
person 0.0014 400 350 499 375
person 0.0013 138 17 145 27
person 0.0011 100 3 107 14
person 0.0010 339 114 498 308
person 0.0010 132 15 148 44
person 0.0010 117 9 126 23
cat 0.5996 224 159 283 224
cat 0.0018 230 158 264 190
dog 0.4686 224 159 283 224
dog 0.0040 185 121 328 233
dog 0.0020 230 158 264 190
horse 0.0017 217 158 279 224
bottle 0.0013 0 178 12 226
chair 0.0016 407 352 452 376
chair 0.0016 185 121 328 233
chair 0.0012 0 211 18 372
chair 0.0012 484 142 501 291
pottedplant 0.9793 354 92 504 303
pottedplant 0.0057 402 111 499 247
pottedplant 0.0016 484 122 501 272
pottedplant 0.0014 437 111 500 167
pottedplant 0.0013 442 104 500 289
pottedplant 0.0013 405 124 498 192
diningtable 0.0606 331 83 500 310
diningtable 0.0168 327 80 476 210
diningtable 0.0033 319 66 491 158
diningtable 0.0013 30 87 237 199
tvmonitor 0.9638 45 1 200 86
tvmonitor 0.0228 68 2 172 58
