person 0.5544 245 112 284 150
person 0.2465 318 108 384 152
person 0.0823 289 118 312 147
person 0.0634 291 118 309 134
person 0.0360 243 116 269 149
person 0.0334 263 112 302 151
person 0.0222 322 101 360 149
person 0.0194 263 110 286 142
person 0.0194 251 110 275 140
person 0.0189 94 202 106 211
person 0.0129 478 194 499 227
person 0.0112 183 187 210 247
person 0.0102 285 113 315 137
person 0.0101 104 203 116 211
person 0.0099 80 197 136 235
person 0.0086 248 103 307 147
person 0.0076 5 211 26 242
person 0.0044 115 202 125 212
person 0.0040 324 104 362 128
person 0.0036 210 137 429 249
person 0.0035 315 114 351 147
person 0.0035 335 107 361 139
person 0.0033 254 115 270 131
person 0.0033 288 124 301 138
person 0.0031 276 114 288 133
person 0.0026 181 200 201 235
person 0.0025 249 115 265 133
person 0.0024 268 114 282 131
person 0.0023 291 117 329 149
person 0.0020 284 126 320 151
person 0.0017 256 112 333 152
person 0.0017 88 203 98 213
person 0.0016 124 202 134 215
person 0.0015 253 125 292 152
person 0.0015 256 125 269 140
person 0.0014 278 123 289 141
person 0.0014 249 124 264 140
person 0.0014 1 209 42 241
person 0.0013 318 107 341 139
person 0.0012 487 208 498 226
person 0.0012 319 131 366 148
person 0.0011 490 199 498 222
person 0.0011 410 186 422 199
car 0.9425 73 193 139 237
car 0.9017 185 89 443 265
car 0.3373 183 197 204 236
car 0.2408 478 194 499 227
car 0.2182 -1 204 47 237
car 0.0264 487 208 498 226
car 0.0146 490 199 498 222
car 0.0127 442 216 467 227
car 0.0125 5 211 26 242
car 0.0086 480 209 495 226
car 0.0045 1 198 11 241
car 0.0039 211 110 389 230
car 0.0036 474 168 500 229
car 0.0034 484 178 499 224
car 0.0031 186 188 205 218
car 0.0030 186 216 202 234
car 0.0026 1 199 4 239
car 0.0025 183 209 196 231
car 0.0022 433 209 466 227
car 0.0021 187 210 201 229
car 0.0021 1 195 89 234
car 0.0020 183 193 259 243
car 0.0020 0 196 3 224
car 0.0018 188 198 201 218
car 0.0018 480 200 493 220
car 0.0016 493 190 498 212
car 0.0012 195 196 211 242
car 0.0012 477 194 490 207
car 0.0011 87 192 198 234
car 0.0010 150 206 160 219
car 0.0010 183 200 226 235
motorbike 0.0024 478 194 499 227
motorbike 0.0012 183 105 427 270
bus 0.0136 192 105 438 269
bus 0.0010 481 195 500 226
boat 0.0014 481 195 500 226
