person 0.9533 85 -9 485 292
person 0.8599 145 62 225 164
person 0.8030 -1 29 108 277
person 0.0808 109 69 252 267
person 0.0418 7 35 123 175
person 0.0128 161 15 351 279
person 0.0100 200 84 240 170
person 0.0097 0 91 67 279
person 0.0069 145 142 252 269
person 0.0056 219 93 256 163
person 0.0045 1 163 66 210
person 0.0038 226 1 492 215
person 0.0038 145 69 185 158
person 0.0035 138 68 261 198
person 0.0033 0 28 69 159
person 0.0029 189 72 250 186
person 0.0022 341 207 495 281
person 0.0019 154 86 201 162
person 0.0019 1 117 112 244
person 0.0018 -1 4 33 297
person 0.0017 186 90 229 163
person 0.0012 2 66 19 233
person 0.0011 216 85 239 129
sofa 0.0113 212 2 499 283
