person 0.0267 472 239 479 244
person 0.0226 412 239 418 244
person 0.0155 463 240 470 244
person 0.0112 28 229 39 245
person 0.0080 409 238 414 243
person 0.0073 480 239 486 243
person 0.0052 285 238 297 243
person 0.0028 232 237 240 245
person 0.0027 37 232 44 244
person 0.0022 441 240 452 245
person 0.0022 36 228 44 237
person 0.0015 247 238 260 246
person 0.0013 385 239 392 244
car 0.0608 66 229 91 236
car 0.0207 285 238 297 243
car 0.0176 277 238 294 244
car 0.0105 441 240 452 245
car 0.0094 341 237 356 245
car 0.0090 480 239 486 243
car 0.0085 472 239 479 244
car 0.0083 50 229 95 238
car 0.0082 463 240 470 244
car 0.0069 14 229 36 238
car 0.0069 40 231 122 245
car 0.0052 318 240 341 246
car 0.0050 450 241 461 245
car 0.0046 409 238 414 243
car 0.0045 16 231 33 242
car 0.0044 412 239 418 244
car 0.0035 26 228 40 239
car 0.0034 4 228 43 250
car 0.0032 431 240 447 245
car 0.0030 0 240 8 262
car 0.0027 14 225 48 241
car 0.0026 388 238 407 245
car 0.0025 338 237 349 244
car 0.0024 0 235 23 266
car 0.0020 313 240 333 245
car 0.0020 283 239 343 247
car 0.0018 170 232 185 241
car 0.0015 236 239 254 246
car 0.0015 301 240 323 246
car 0.0014 296 239 307 244
car 0.0014 385 239 392 244
car 0.0014 341 244 359 251
car 0.0013 370 239 388 245
car 0.0013 44 230 135 238
car 0.0011 143 232 192 246
car 0.0011 301 238 362 247
car 0.0011 283 241 343 252
car 0.0010 57 229 73 236
aeroplane 0.0081 66 190 429 274
bus 0.0017 10 237 482 281
bus 0.0014 37 231 142 245
train 0.0100 10 237 482 281
train 0.0036 66 190 429 274
boat 0.0866 -1 233 179 269
boat 0.0654 8 222 167 254
boat 0.0625 10 237 482 281
boat 0.0339 66 190 429 274
boat 0.0148 0 235 23 266
boat 0.0129 13 202 184 262
boat 0.0098 0 240 8 262
boat 0.0095 0 248 6 267
boat 0.0053 37 231 142 245
boat 0.0040 0 238 11 277
boat 0.0028 488 245 498 257
boat 0.0020 236 192 297 243
boat 0.0019 0 237 44 262
boat 0.0018 4 253 22 267
boat 0.0017 4 228 43 250
boat 0.0016 1 200 26 274
boat 0.0015 0 210 12 271
boat 0.0015 -2 197 496 320
boat 0.0014 177 192 254 246
boat 0.0012 0 219 98 256
bird 0.0926 236 192 297 243
pottedplant 0.0020 238 191 304 243
pottedplant 0.0012 299 214 343 244
