person 0.0187 495 50 498 65
person 0.0130 479 52 492 62
person 0.0094 496 50 499 78
person 0.0032 25 62 41 103
person 0.0026 496 65 499 102
person 0.0022 497 57 500 95
person 0.0020 462 65 472 79
person 0.0015 28 87 37 99
person 0.0011 30 59 40 72
person 0.0010 377 51 408 65
car 0.6087 466 42 500 93
car 0.6040 377 51 408 65
car 0.2447 355 51 380 83
car 0.1408 292 59 313 91
car 0.0990 467 66 499 100
car 0.0519 -15 0 512 201
car 0.0318 380 56 403 66
car 0.0298 358 52 378 65
car 0.0292 276 46 310 66
car 0.0209 285 51 301 61
car 0.0203 292 59 312 74
car 0.0200 96 23 320 93
car 0.0177 2 37 65 91
car 0.0172 347 48 378 68
car 0.0163 278 51 311 77
car 0.0152 315 46 492 138
car 0.0147 374 53 386 63
car 0.0140 60 34 291 119
car 0.0130 468 63 499 132
car 0.0129 299 46 374 85
car 0.0124 283 56 302 93
car 0.0123 287 57 300 70
car 0.0107 351 51 371 64
car 0.0092 496 65 499 102
car 0.0079 379 55 415 68
car 0.0073 293 49 309 59
car 0.0068 497 57 500 95
car 0.0059 7 50 61 78
car 0.0058 462 65 472 79
car 0.0047 275 50 296 61
car 0.0046 361 54 376 70
car 0.0044 496 50 499 78
car 0.0044 295 65 309 82
car 0.0041 492 57 500 109
car 0.0039 468 46 498 70
car 0.0038 293 45 308 52
car 0.0038 2 47 21 85
car 0.0027 357 52 399 75
car 0.0026 461 59 472 77
car 0.0021 283 45 306 53
car 0.0021 380 52 432 64
car 0.0021 457 52 476 79
car 0.0020 489 44 500 88
car 0.0019 402 54 412 62
car 0.0019 355 54 368 71
car 0.0018 291 64 300 84
car 0.0018 495 50 498 65
car 0.0017 364 58 469 105
car 0.0017 459 75 474 93
car 0.0016 53 6 218 102
car 0.0016 458 69 476 100
car 0.0016 2 62 47 86
car 0.0016 279 52 313 97
car 0.0015 214 45 442 118
car 0.0014 12 44 51 104
car 0.0013 305 50 315 59
car 0.0012 328 48 376 79
car 0.0012 479 52 492 62
car 0.0011 412 54 424 63
car 0.0011 23 61 62 86
car 0.0011 421 60 433 65
car 0.0011 11 72 54 94
car 0.0010 457 78 499 149
car 0.0010 458 52 514 97
car 0.0010 495 77 499 109
car 0.0010 0 14 23 105
car 0.0010 111 33 453 81
car 0.0010 398 59 418 64
car 0.0010 275 42 311 56
motorbike 0.9996 0 -5 499 318
motorbike 0.0016 372 50 492 139
motorbike 0.0012 468 63 499 132
bus 0.0037 466 42 500 93
bus 0.0015 2 37 65 91
chair 0.0016 466 47 499 102
