person 0.0019 134 28 489 341
bicycle 0.0015 94 32 491 334
dog 0.9983 94 147 325 377
dog 0.0028 97 133 330 232
dog 0.0027 94 32 491 334
dog 0.0010 1 112 277 343
chair 0.4155 1 5 126 369
chair 0.3620 94 32 491 334
chair 0.0651 94 130 326 344
chair 0.0110 0 59 24 370
chair 0.0055 0 7 15 194
chair 0.0047 0 90 15 265
chair 0.0033 5 49 258 324
chair 0.0023 0 -30 24 233
chair 0.0018 384 10 496 348
chair 0.0015 0 98 10 151
chair 0.0013 1 101 11 187
chair 0.0013 473 76 499 392
chair 0.0012 97 133 330 232
chair 0.0012 -20 139 368 382
chair 0.0011 488 86 499 384
chair 0.0010 0 39 50 387
sofa 0.0050 103 190 316 386
sofa 0.0037 99 0 496 54
sofa 0.0033 1 5 126 369
sofa 0.0026 98 14 495 303
sofa 0.0011 52 132 308 336
diningtable 0.0521 98 14 495 303
diningtable 0.0155 1 5 126 369
