person 0.1988 492 259 499 279
person 0.0832 113 234 119 241
person 0.0818 492 270 498 284
person 0.0575 443 271 456 282
person 0.0507 469 277 478 285
person 0.0428 447 273 462 283
person 0.0275 481 278 489 285
person 0.0203 481 281 488 287
person 0.0170 493 281 498 289
person 0.0153 462 277 473 285
person 0.0137 471 280 479 288
person 0.0115 489 259 499 294
person 0.0098 232 246 236 249
person 0.0056 496 252 499 268
person 0.0053 225 227 229 230
person 0.0049 231 227 235 231
person 0.0044 421 293 431 299
person 0.0037 463 281 473 288
person 0.0032 192 219 197 226
person 0.0031 203 227 208 230
person 0.0030 441 270 475 286
person 0.0025 193 225 200 229
person 0.0024 455 244 459 248
person 0.0022 185 219 190 224
person 0.0020 443 266 453 277
person 0.0014 185 225 191 229
person 0.0013 175 220 182 225
person 0.0012 214 226 218 230
person 0.0010 66 215 73 225
boat 0.9776 166 171 244 232
boat 0.4541 444 124 496 302
boat 0.3997 66 215 73 225
boat 0.3918 133 214 142 224
boat 0.1164 446 279 499 301
boat 0.0844 56 216 74 225
boat 0.0655 129 215 137 223
boat 0.0481 138 215 157 224
boat 0.0401 131 212 170 227
boat 0.0334 175 222 239 236
boat 0.0315 437 269 504 305
boat 0.0254 113 234 119 241
boat 0.0222 480 128 497 301
boat 0.0117 49 220 58 226
boat 0.0080 466 105 499 322
boat 0.0051 15 209 51 229
boat 0.0049 144 216 169 224
boat 0.0046 44 213 81 228
boat 0.0042 493 281 498 289
boat 0.0038 25 209 43 219
boat 0.0037 66 224 74 228
boat 0.0029 457 157 492 276
boat 0.0028 48 224 55 228
boat 0.0026 68 208 73 221
boat 0.0025 34 216 50 225
boat 0.0023 87 218 96 223
boat 0.0023 53 209 75 230
boat 0.0023 492 259 499 279
boat 0.0022 24 212 42 223
boat 0.0022 57 224 67 228
boat 0.0022 136 201 176 226
boat 0.0022 497 240 499 260
boat 0.0022 75 217 86 224
boat 0.0021 496 252 499 268
boat 0.0017 456 238 462 245
boat 0.0016 449 216 496 294
boat 0.0016 114 229 120 236
boat 0.0016 36 209 44 217
boat 0.0016 241 217 247 221
boat 0.0015 492 270 498 284
boat 0.0015 161 216 172 223
boat 0.0015 489 259 499 294
boat 0.0015 256 209 273 219
boat 0.0015 485 86 499 274
boat 0.0014 441 272 490 288
boat 0.0013 175 220 182 225
boat 0.0013 130 207 147 230
boat 0.0013 61 207 79 232
boat 0.0013 231 227 235 231
boat 0.0012 418 76 495 287
boat 0.0012 257 213 272 223
boat 0.0011 97 218 104 222
boat 0.0011 115 218 124 224
boat 0.0010 493 212 499 286
bird 0.0088 0 0 93 73
bird 0.0060 232 246 236 249
bird 0.0023 421 293 431 299
bird 0.0021 24 2 100 48
bird 0.0020 248 264 253 268
bird 0.0019 25 209 43 219
bird 0.0016 97 247 103 252
bird 0.0015 113 234 119 241
bird 0.0012 234 257 239 261
