person 0.0558 456 4 501 113
person 0.0034 219 29 479 209
person 0.0020 29 179 290 352
person 0.0019 126 103 423 242
person 0.0012 56 7 495 368
cat 0.0034 29 179 290 352
cat 0.0017 134 90 388 240
cat 0.0016 219 29 479 209
dog 0.9975 6 179 272 346
dog 0.9919 190 30 476 214
dog 0.9892 134 90 388 240
dog 0.2405 70 8 491 306
dog 0.0109 133 121 299 234
dog 0.0013 -42 46 407 390
chair 0.1622 13 52 489 374
chair 0.0039 456 4 501 113
sofa 0.9876 -19 2 517 383
sofa 0.0330 155 10 487 294
sofa 0.0140 126 103 423 242
sofa 0.0033 4 135 273 337
sofa 0.0028 456 4 501 113
sofa 0.0019 219 29 479 209
sofa 0.0011 12 145 494 355
sofa 0.0011 -11 14 261 290
