person 0.9992 225 57 332 447
person 0.9987 16 2 160 237
person 0.9986 -3 173 181 424
person 0.9502 150 -8 233 192
person 0.8680 5 148 147 285
person 0.5048 1 2 47 136
person 0.4217 193 -2 273 177
person 0.2413 135 12 270 234
person 0.1873 11 6 65 163
person 0.1743 0 384 197 499
person 0.0930 261 2 323 59
person 0.0798 313 0 330 89
person 0.0453 185 4 310 103
person 0.0441 226 -6 319 141
person 0.0243 296 1 329 65
person 0.0226 20 13 57 125
person 0.0151 -1 146 77 219
person 0.0120 -5 136 118 235
person 0.0112 1 50 38 152
person 0.0064 209 27 286 223
person 0.0059 5 309 162 420
person 0.0055 0 1 21 133
person 0.0055 306 3 324 60
person 0.0052 33 20 128 193
person 0.0042 1 -1 37 63
person 0.0034 24 55 64 150
person 0.0034 4 389 111 495
person 0.0033 231 4 317 85
person 0.0032 306 0 324 5
person 0.0027 15 -1 56 29
person 0.0024 237 113 313 365
person 0.0023 66 212 131 264
person 0.0022 311 0 336 5
person 0.0022 200 9 268 85
person 0.0022 20 228 216 495
person 0.0021 12 215 157 348
person 0.0021 -1 0 33 31
person 0.0021 212 109 287 256
person 0.0019 247 27 329 298
person 0.0019 166 0 214 11
person 0.0018 285 0 344 10
person 0.0018 175 39 313 303
person 0.0018 -7 1 58 52
person 0.0016 316 1 330 163
person 0.0016 97 1 171 56
person 0.0015 264 0 327 10
person 0.0015 201 -11 338 207
person 0.0014 228 57 269 149
person 0.0013 23 1 84 140
person 0.0013 103 11 169 127
person 0.0013 277 -3 329 103
person 0.0012 -2 153 88 324
person 0.0011 304 1 330 126
person 0.0011 289 0 320 5
person 0.0011 71 46 162 201
person 0.0011 -6 0 22 63
person 0.0010 -1 95 245 330
person 0.0010 -21 0 69 30
person 0.0010 46 359 187 457
bottle 0.0055 136 232 168 263
bottle 0.0053 166 0 214 11
bottle 0.0044 239 231 256 259
bottle 0.0039 198 0 217 5
bottle 0.0031 176 0 201 7
bottle 0.0029 213 220 236 252
bottle 0.0014 34 110 50 123
bottle 0.0013 219 192 241 221
bottle 0.0012 186 0 215 5
bottle 0.0011 199 182 220 213
bottle 0.0010 131 210 150 257
bottle 0.0010 171 1 194 6
chair 0.1847 0 384 197 499
chair 0.0810 2 218 175 504
chair 0.0275 107 58 169 123
chair 0.0166 20 23 155 181
chair 0.0094 5 309 162 420
chair 0.0061 63 165 80 211
chair 0.0044 -3 172 134 413
chair 0.0030 0 169 16 204
chair 0.0015 4 389 111 495
chair 0.0013 293 329 325 420
chair 0.0011 -1 146 77 219
chair 0.0011 92 8 260 200
chair 0.0010 0 176 16 237
chair 0.0010 24 433 211 497
sofa 0.4034 0 384 197 499
sofa 0.1057 2 218 175 504
sofa 0.0863 20 23 155 181
sofa 0.0836 107 58 169 123
sofa 0.0129 92 8 260 200
sofa 0.0066 -3 172 134 413
sofa 0.0028 5 309 162 420
sofa 0.0026 62 37 193 153
sofa 0.0019 135 6 278 105
sofa 0.0015 29 9 229 113
sofa 0.0014 4 389 111 495
sofa 0.0012 223 54 328 390
sofa 0.0011 104 46 174 162
pottedplant 0.0121 199 146 266 215
pottedplant 0.0033 197 171 259 225
diningtable 0.0674 120 219 268 337
diningtable 0.0413 104 176 285 396
diningtable 0.0131 184 90 321 408
diningtable 0.0066 112 90 296 334
diningtable 0.0056 131 259 264 374
diningtable 0.0022 20 23 155 181
diningtable 0.0013 154 183 236 337
diningtable 0.0013 21 167 208 417
diningtable 0.0010 112 16 239 166
