person 0.0111 18 26 481 363
person 0.0076 216 158 495 369
person 0.0016 161 75 477 322
dog 0.9465 161 65 490 379
dog 0.0123 6 221 500 384
dog 0.0051 22 264 237 369
dog 0.0045 147 92 372 344
dog 0.0024 156 83 318 203
dog 0.0021 303 154 494 367
dog 0.0019 20 32 424 357
sheep 0.0017 6 221 500 384
chair 0.0078 26 66 486 379
chair 0.0031 6 221 500 384
chair 0.0024 216 158 495 369
sofa 0.1319 26 66 486 379
sofa 0.0320 216 158 495 369
sofa 0.0191 6 221 500 384
sofa 0.0063 89 257 423 368
sofa 0.0010 -1 261 218 369
diningtable 0.0013 2 293 93 372
tvmonitor 0.0020 0 21 23 56
