person 0.9880 16 23 420 324
person 0.0234 446 207 501 336
person 0.0066 478 196 499 312
person 0.0033 1 137 64 324
person 0.0031 486 109 499 321
person 0.0026 475 39 498 389
person 0.0024 448 59 497 369
person 0.0021 490 -15 498 329
person 0.0018 413 175 500 332
person 0.0015 467 251 500 332
person 0.0015 493 196 499 282
person 0.0011 -5 11 133 326
person 0.0011 211 8 497 319
bicycle 0.0017 446 207 501 336
car 0.0043 9 -22 426 286
motorbike 0.0062 446 207 501 336
sheep 0.0020 4 55 432 325
bottle 0.0011 0 102 71 214
chair 0.0165 4 55 432 325
chair 0.0124 446 207 501 336
chair 0.0059 467 251 500 332
chair 0.0043 1 137 64 324
chair 0.0017 156 8 495 321
chair 0.0014 478 196 499 312
chair 0.0012 448 280 499 333
chair 0.0010 465 297 499 334
sofa 0.1874 32 52 453 330
sofa 0.0025 211 8 497 319
diningtable 0.0017 9 -22 426 286
tvmonitor 0.0068 4 55 432 325
