person 0.1116 356 177 378 210
person 0.0927 180 175 191 194
person 0.0884 340 169 357 210
person 0.0703 388 180 398 196
person 0.0615 391 182 402 196
person 0.0588 400 177 413 194
person 0.0547 392 176 405 195
person 0.0480 305 186 325 211
person 0.0204 9 165 18 180
person 0.0194 241 187 250 202
person 0.0174 249 187 259 202
person 0.0155 220 185 229 198
person 0.0146 343 171 354 194
person 0.0137 478 173 488 191
person 0.0136 260 187 270 203
person 0.0135 411 178 421 192
person 0.0131 422 126 433 139
person 0.0126 31 168 40 181
person 0.0124 461 128 470 138
person 0.0116 59 175 68 185
person 0.0112 287 184 299 202
person 0.0112 1 165 6 182
person 0.0112 308 177 331 210
person 0.0105 404 127 416 139
person 0.0104 384 125 395 138
person 0.0099 336 167 353 202
person 0.0091 390 127 405 139
person 0.0083 268 187 278 203
person 0.0082 221 205 231 218
person 0.0079 441 178 450 193
person 0.0078 205 182 213 198
person 0.0076 463 176 472 189
person 0.0074 211 183 221 197
person 0.0066 410 126 424 139
person 0.0061 481 130 491 139
person 0.0055 361 182 374 201
person 0.0055 212 204 220 218
person 0.0052 493 172 498 191
person 0.0047 311 175 352 210
person 0.0046 306 185 320 203
person 0.0041 64 175 73 185
person 0.0037 433 177 443 193
person 0.0037 17 164 26 179
person 0.0035 375 126 387 138
person 0.0035 356 181 369 203
person 0.0033 494 128 499 140
person 0.0032 1 169 4 191
person 0.0031 205 203 213 217
person 0.0031 256 127 494 226
person 0.0031 11 157 20 173
person 0.0030 344 177 354 203
person 0.0028 383 174 400 196
person 0.0028 340 171 350 193
person 0.0027 424 183 433 194
person 0.0027 125 176 134 193
person 0.0026 471 174 481 190
person 0.0026 134 183 143 194
person 0.0025 424 178 433 192
person 0.0023 135 175 144 193
person 0.0023 33 174 39 184
person 0.0022 315 185 326 202
person 0.0022 454 128 463 139
person 0.0021 127 183 135 194
person 0.0021 362 176 376 193
person 0.0018 385 174 416 196
person 0.0018 58 148 420 250
person 0.0017 176 175 185 193
person 0.0017 470 129 478 138
person 0.0017 37 169 44 182
person 0.0015 18 159 27 171
person 0.0015 312 191 326 208
person 0.0015 312 167 331 201
person 0.0015 388 178 409 199
person 0.0014 38 174 44 186
person 0.0013 0 151 4 175
person 0.0013 350 169 371 202
person 0.0013 383 120 394 136
person 0.0012 362 188 376 209
person 0.0012 142 175 151 194
person 0.0012 231 186 240 200
person 0.0011 203 176 212 195
person 0.0011 365 127 377 139
person 0.0010 443 129 452 139
person 0.0010 495 163 498 186
person 0.0010 0 146 9 198
person 0.0010 4 155 23 187
car 0.0114 1 260 43 323
car 0.0010 59 162 374 254
aeroplane 0.0011 14 92 58 104
bus 0.9976 54 146 383 252
bus 0.9862 308 110 496 235
bus 0.9851 -1 129 68 202
bus 0.0250 41 146 124 218
bus 0.0168 0 74 19 205
bus 0.0116 1 139 31 207
bus 0.0103 10 116 497 266
bus 0.0086 135 141 218 152
bus 0.0068 61 145 105 158
bus 0.0044 0 90 16 154
bus 0.0038 30 135 71 195
bus 0.0024 0 140 9 186
bus 0.0022 123 140 139 149
bus 0.0020 49 148 219 229
bus 0.0019 0 151 4 175
bus 0.0018 65 138 115 151
bus 0.0012 0 142 4 167
bus 0.0012 1 165 6 182
bus 0.0012 130 143 222 157
bus 0.0012 0 161 44 200
bus 0.0011 5 147 22 183
bus 0.0010 35 137 102 188
train 0.0011 59 162 374 254
boat 0.0042 14 92 58 104
boat 0.0023 18 69 63 101
boat 0.0021 2 58 62 106
