person 0.0031 -2 425 91 493
bicycle 0.0010 147 275 248 353
bottle 0.0143 170 356 189 402
bottle 0.0033 161 357 181 399
bottle 0.0029 161 356 190 419
bottle 0.0019 155 355 190 387
bottle 0.0012 139 377 170 409
chair 0.9948 147 281 244 342
chair 0.6737 -2 437 90 497
chair 0.1647 -1 255 33 333
chair 0.1258 296 474 333 498
chair 0.0941 -2 401 162 491
chair 0.0358 78 327 325 485
chair 0.0163 0 453 152 497
chair 0.0152 82 476 307 496
chair 0.0134 294 414 333 497
chair 0.0062 1 257 15 329
chair 0.0060 58 352 140 394
chair 0.0053 284 486 332 499
chair 0.0047 210 365 328 453
chair 0.0046 103 444 308 494
chair 0.0046 102 390 310 483
chair 0.0045 5 244 114 344
chair 0.0040 -1 265 82 333
chair 0.0039 282 450 333 498
chair 0.0037 289 352 333 508
chair 0.0033 17 294 37 331
chair 0.0032 28 229 157 379
chair 0.0028 40 474 196 497
chair 0.0027 74 491 191 498
chair 0.0024 4 473 70 498
chair 0.0021 71 456 162 495
chair 0.0021 0 441 38 498
chair 0.0020 7 255 23 311
chair 0.0020 -14 447 265 495
chair 0.0018 293 492 336 497
chair 0.0018 -10 467 98 498
chair 0.0018 -3 253 47 373
chair 0.0018 -1 369 89 496
chair 0.0015 88 474 158 498
chair 0.0015 104 492 237 498
chair 0.0015 90 464 264 492
chair 0.0013 313 422 331 447
chair 0.0013 2 317 191 489
chair 0.0013 26 287 60 346
chair 0.0012 -7 490 81 498
chair 0.0012 -3 472 39 499
chair 0.0011 300 478 330 492
pottedplant 0.9855 29 238 161 387
pottedplant 0.0041 276 161 313 189
pottedplant 0.0039 5 244 114 344
pottedplant 0.0015 238 240 317 358
pottedplant 0.0011 146 263 252 344
diningtable 0.9915 -8 322 337 484
diningtable 0.0039 107 348 304 472
diningtable 0.0032 -2 401 162 491
diningtable 0.0010 -10 473 166 497
