person 0.0045 0 38 6 59
person 0.0017 0 33 4 48
person 0.0014 0 44 5 63
person 0.0012 0 17 2 39
bicycle 0.0739 71 81 350 294
car 0.9533 63 40 80 67
car 0.8493 21 34 67 69
car 0.6895 0 38 6 59
car 0.1362 66 41 78 56
car 0.1355 0 44 5 63
car 0.1294 0 38 28 62
car 0.0490 73 44 82 68
car 0.0425 0 33 4 48
car 0.0384 0 33 10 63
car 0.0270 67 38 79 44
car 0.0101 71 81 350 294
car 0.0055 57 40 73 69
car 0.0049 0 9 6 69
car 0.0043 2 41 22 57
car 0.0035 74 38 81 43
car 0.0032 18 43 27 53
car 0.0019 70 37 84 66
car 0.0016 58 38 67 45
car 0.0014 0 48 2 84
car 0.0014 60 41 68 52
car 0.0013 74 41 81 56
car 0.0012 0 17 2 39
car 0.0012 30 40 57 70
motorbike 0.0062 71 81 350 294
bus 0.0015 22 35 76 69
boat 0.0032 71 81 350 294
pottedplant 0.0013 71 81 350 294
