person 0.0159 495 133 499 150
person 0.0147 100 118 125 129
person 0.0051 496 118 499 148
person 0.0018 474 134 483 150
person 0.0017 493 105 499 160
person 0.0017 93 116 126 133
person 0.0016 108 118 123 127
person 0.0010 497 107 499 140
car 0.0117 93 120 123 142
car 0.0038 1 113 30 134
car 0.0028 93 135 114 170
car 0.0011 100 118 125 129
car 0.0011 101 28 337 252
car 0.0010 92 119 121 196
car 0.0010 93 122 122 162
boat 0.0057 254 136 315 186
boat 0.0046 101 28 337 252
boat 0.0013 269 137 312 166
horse 0.9987 104 69 337 269
horse 0.0073 254 136 315 186
horse 0.0041 151 105 335 230
