person 0.0724 131 218 143 241
person 0.0558 403 112 437 134
person 0.0254 122 218 136 240
person 0.0090 472 158 480 182
person 0.0058 28 229 37 243
person 0.0049 260 215 270 234
person 0.0041 479 151 492 190
person 0.0028 481 157 489 183
person 0.0026 266 215 275 233
person 0.0024 143 168 152 176
person 0.0021 470 152 484 188
person 0.0014 121 217 157 239
person 0.0013 119 219 128 236
person 0.0012 407 114 430 129
person 0.0010 115 221 147 243
car 0.0640 471 207 500 268
car 0.0096 15 216 55 242
car 0.0069 293 126 485 294
car 0.0014 121 215 176 238
car 0.0013 254 212 293 233
aeroplane 0.9576 12 86 312 243
aeroplane 0.0637 23 66 473 266
aeroplane 0.0112 105 124 307 234
aeroplane 0.0025 14 161 268 243
aeroplane 0.0023 109 84 315 184
aeroplane 0.0016 18 99 266 192
aeroplane 0.0013 202 60 372 145
aeroplane 0.0012 1 124 119 229
aeroplane 0.0011 2 205 60 244
bus 0.0078 290 76 490 291
bus 0.0048 15 216 55 242
bus 0.0032 473 136 498 230
bus 0.0018 473 184 500 266
bus 0.0015 2 205 60 244
train 0.0022 290 76 490 291
bird 0.0020 403 112 437 134
