person 0.8452 448 290 499 372
person 0.0250 2 155 20 168
person 0.0084 493 296 500 377
person 0.0066 3 153 12 169
person 0.0037 1 154 23 174
person 0.0030 455 286 496 313
person 0.0016 493 269 499 346
person 0.0015 112 358 150 375
person 0.0013 68 365 112 376
person 0.0013 474 272 499 359
person 0.0012 -7 155 108 372
person 0.0011 442 324 496 376
person 0.0011 497 291 499 343
bicycle 0.0010 171 309 204 368
motorbike 0.0041 -27 237 459 362
motorbike 0.0035 182 297 327 371
motorbike 0.0012 68 294 361 371
aeroplane 0.1427 267 147 490 365
aeroplane 0.0706 -1 148 106 250
aeroplane 0.0208 275 24 505 291
aeroplane 0.0054 -7 155 108 372
aeroplane 0.0029 0 20 108 270
aeroplane 0.0017 23 103 470 355
aeroplane 0.0016 204 300 367 373
aeroplane 0.0015 207 42 525 408
bus 0.0013 182 297 327 371
boat 0.0179 182 297 327 371
boat 0.0114 267 147 490 365
boat 0.0073 -27 237 459 362
boat 0.0066 68 294 361 371
boat 0.0058 -1 148 106 250
boat 0.0030 -7 155 108 372
boat 0.0024 196 312 289 354
boat 0.0017 0 20 108 270
boat 0.0016 146 271 427 361
boat 0.0013 0 309 127 377
boat 0.0012 275 24 505 291
boat 0.0012 4 319 91 356
chair 0.5733 322 327 380 376
chair 0.4785 356 297 424 368
chair 0.4532 442 324 496 376
chair 0.3945 171 309 204 368
chair 0.3360 353 293 407 341
chair 0.2975 72 322 135 373
chair 0.2877 344 333 377 373
chair 0.2847 255 331 344 371
chair 0.2261 415 321 449 374
chair 0.2140 381 352 417 374
chair 0.1986 262 310 334 358
chair 0.1868 431 325 465 375
chair 0.1521 177 311 219 375
chair 0.1438 4 329 90 370
chair 0.1245 107 318 142 374
chair 0.1164 182 297 327 371
chair 0.1144 383 318 442 373
chair 0.1105 303 310 336 349
chair 0.1026 186 318 252 374
chair 0.0993 206 311 308 354
chair 0.0934 283 305 309 344
chair 0.0820 200 340 234 375
chair 0.0792 112 358 150 375
chair 0.0684 429 333 446 374
chair 0.0651 377 320 417 374
chair 0.0552 68 294 361 371
chair 0.0464 344 328 405 374
chair 0.0416 448 290 499 372
chair 0.0335 449 335 467 374
chair 0.0321 0 309 127 377
chair 0.0304 0 355 46 376
chair 0.0304 231 301 412 377
chair 0.0301 188 320 224 351
chair 0.0298 80 330 120 364
chair 0.0230 493 313 500 379
chair 0.0210 355 295 399 323
chair 0.0192 408 321 434 367
chair 0.0159 91 321 131 354
chair 0.0152 111 319 132 355
chair 0.0138 43 359 100 374
chair 0.0133 68 365 112 376
chair 0.0131 174 311 220 345
chair 0.0128 395 302 458 365
chair 0.0118 90 337 114 370
chair 0.0115 371 307 411 341
chair 0.0113 383 341 431 374
chair 0.0085 0 321 46 349
chair 0.0084 79 332 102 362
chair 0.0084 1 364 33 380
chair 0.0082 496 326 499 366
chair 0.0082 11 332 81 354
chair 0.0081 36 306 228 372
chair 0.0068 97 325 123 369
chair 0.0066 0 346 96 381
chair 0.0065 382 295 450 339
chair 0.0064 174 308 196 349
chair 0.0061 342 307 380 363
chair 0.0060 301 317 340 372
chair 0.0059 118 318 155 375
chair 0.0056 211 312 261 325
chair 0.0055 206 316 267 334
chair 0.0052 430 320 445 333
chair 0.0050 211 339 255 373
chair 0.0050 121 316 197 376
chair 0.0047 185 323 206 366
chair 0.0047 207 334 244 360
chair 0.0044 0 323 11 368
chair 0.0042 119 361 143 374
chair 0.0042 38 318 132 360
chair 0.0041 291 341 382 382
chair 0.0040 0 339 4 371
chair 0.0035 259 306 310 345
chair 0.0031 437 317 453 333
chair 0.0030 368 299 394 333
chair 0.0029 196 311 239 365
chair 0.0029 13 274 411 355
chair 0.0029 203 319 248 353
chair 0.0028 384 289 493 377
chair 0.0028 432 301 472 368
chair 0.0026 87 314 155 362
chair 0.0026 1 346 46 369
chair 0.0026 0 330 5 362
chair 0.0025 176 309 220 327
chair 0.0024 435 313 456 338
chair 0.0024 81 338 99 353
chair 0.0023 251 311 274 323
chair 0.0023 222 354 268 375
chair 0.0022 429 327 445 340
chair 0.0022 0 320 30 379
chair 0.0022 414 351 437 376
chair 0.0021 379 333 416 362
chair 0.0020 301 309 323 344
chair 0.0020 306 368 353 378
chair 0.0019 393 350 442 375
chair 0.0019 427 320 447 353
chair 0.0019 219 312 252 318
chair 0.0018 235 300 319 340
chair 0.0018 455 351 496 375
chair 0.0018 495 349 499 380
chair 0.0018 311 320 356 374
sofa 0.0015 4 329 90 370
pottedplant 0.0037 2 181 101 359
diningtable 0.2253 206 311 308 354
diningtable 0.2021 206 315 282 335
diningtable 0.1281 394 301 445 318
diningtable 0.0318 384 304 444 367
diningtable 0.0307 4 329 90 370
diningtable 0.0285 399 305 451 324
diningtable 0.0217 382 295 450 339
diningtable 0.0194 221 328 305 349
diningtable 0.0163 12 332 87 353
diningtable 0.0132 222 323 333 371
diningtable 0.0123 212 313 276 326
diningtable 0.0069 260 345 341 371
diningtable 0.0067 198 321 282 372
diningtable 0.0055 0 321 45 335
diningtable 0.0053 1 321 88 335
diningtable 0.0033 428 313 447 321
diningtable 0.0031 357 294 419 343
diningtable 0.0030 423 306 449 314
diningtable 0.0029 430 320 445 333
diningtable 0.0029 0 309 127 377
diningtable 0.0026 421 303 432 310
diningtable 0.0023 182 297 327 371
diningtable 0.0021 179 310 261 363
diningtable 0.0019 413 302 459 317
diningtable 0.0016 406 312 446 340
diningtable 0.0015 0 326 5 346
diningtable 0.0015 415 321 449 374
diningtable 0.0013 0 346 96 381
diningtable 0.0013 0 319 7 335
diningtable 0.0012 -1 323 37 349
diningtable 0.0012 207 318 262 350
diningtable 0.0012 426 313 448 339
diningtable 0.0010 36 322 92 333
tvmonitor 0.0014 4 329 90 370
