person 0.0037 137 -13 280 453
bottle 0.9963 173 -12 291 488
chair 0.0742 0 149 60 337
chair 0.0338 18 174 139 424
chair 0.0076 288 248 308 339
chair 0.0069 137 -13 280 453
chair 0.0052 -12 144 90 369
chair 0.0025 114 186 178 344
chair 0.0012 4 156 51 249
chair 0.0010 0 159 63 208
sofa 0.0051 18 174 139 424
sofa 0.0021 2 164 60 350
sofa 0.0020 137 -13 280 453
pottedplant 0.0012 137 -13 280 453
diningtable 0.6889 0 314 308 496
diningtable 0.1189 10 202 297 466
diningtable 0.0102 3 327 309 412
diningtable 0.0094 18 174 139 424
diningtable 0.0088 128 15 287 463
diningtable 0.0053 10 340 143 462
diningtable 0.0025 8 438 303 497
diningtable 0.0022 4 391 251 491
