person 0.3712 108 200 119 215
person 0.1906 282 186 299 227
person 0.1888 126 195 139 216
person 0.0734 216 196 235 222
person 0.0658 260 199 280 233
person 0.0300 130 191 143 212
person 0.0248 278 181 310 234
person 0.0236 268 183 299 235
person 0.0226 264 200 276 220
person 0.0166 289 197 295 216
person 0.0151 276 184 296 219
person 0.0141 288 193 296 209
person 0.0135 228 200 239 219
person 0.0090 220 194 230 207
person 0.0076 258 193 291 225
person 0.0071 219 206 233 223
person 0.0063 296 174 334 237
person 0.0059 224 195 241 222
person 0.0055 491 198 497 216
person 0.0049 260 206 272 224
person 0.0044 229 206 240 223
person 0.0039 211 198 221 219
person 0.0038 274 211 295 238
person 0.0036 333 191 353 225
person 0.0036 491 192 500 262
person 0.0031 88 197 96 215
person 0.0027 313 180 334 218
person 0.0027 208 194 225 222
person 0.0027 280 193 289 208
person 0.0026 360 198 378 236
person 0.0025 494 232 498 261
person 0.0023 320 182 340 216
person 0.0023 266 192 333 242
person 0.0022 493 190 498 208
person 0.0021 103 196 122 217
person 0.0021 281 196 289 218
person 0.0020 287 208 294 222
person 0.0019 238 206 246 224
person 0.0019 203 192 214 206
person 0.0017 203 197 213 219
person 0.0017 114 194 144 218
person 0.0017 0 197 5 215
person 0.0017 200 192 215 221
person 0.0016 209 192 220 207
person 0.0016 180 202 191 218
person 0.0015 343 200 355 215
person 0.0015 496 220 498 254
person 0.0013 279 210 289 224
person 0.0013 337 200 349 215
person 0.0013 174 202 184 217
person 0.0012 315 172 351 234
person 0.0011 228 193 238 207
person 0.0010 275 219 292 236
person 0.0010 339 200 358 233
person 0.0010 320 210 339 246
person 0.0010 154 191 165 205
person 0.0010 99 199 106 215
person 0.0010 65 143 392 298
person 0.0010 496 205 498 249
bicycle 0.0023 54 209 70 222
car 0.6829 19 191 48 203
car 0.1573 51 191 70 198
car 0.1463 28 191 73 204
car 0.0768 44 192 63 199
car 0.0287 0 193 6 207
car 0.0263 18 194 34 204
car 0.0262 30 192 52 200
car 0.0196 0 197 5 215
car 0.0175 31 196 74 218
car 0.0173 5 192 45 208
car 0.0153 1 195 24 207
car 0.0090 25 188 44 196
car 0.0083 48 189 61 196
car 0.0082 0 195 31 215
car 0.0063 2 199 23 212
car 0.0045 14 194 52 215
car 0.0037 22 188 64 198
car 0.0025 63 191 74 198
car 0.0024 63 188 76 195
car 0.0019 24 202 41 215
car 0.0011 18 201 31 213
car 0.0010 0 182 11 218
bus 0.9999 68 142 411 299
bus 0.0010 490 183 496 194
bird 0.0141 425 298 432 304
bird 0.0025 449 303 456 310
bird 0.0022 447 302 453 309
chair 0.0033 130 194 141 217
chair 0.0022 142 201 154 217
chair 0.0013 152 200 166 217
