person 0.9934 214 89 415 337
person 0.3693 364 -4 498 336
person 0.0072 0 1 419 328
person 0.0069 410 107 500 322
person 0.0034 306 123 504 339
person 0.0027 333 221 460 325
person 0.0023 257 17 477 322
person 0.0017 375 0 493 153
person 0.0016 385 225 494 329
person 0.0012 117 142 220 325
car 0.0459 0 1 419 328
motorbike 0.0016 364 -4 498 336
bird 0.0019 364 -4 498 336
cat 0.0016 117 142 220 325
dog 0.9971 113 143 230 330
dog 0.0443 212 91 391 338
dog 0.0023 364 -4 498 336
dog 0.0011 0 1 419 328
bottle 0.0012 364 -4 498 336
chair 0.0940 0 1 419 328
chair 0.0199 89 122 252 313
chair 0.0022 -1 137 67 325
chair 0.0021 364 -4 498 336
chair 0.0011 305 219 430 324
chair 0.0010 410 107 500 322
sofa 0.0629 0 1 419 328
sofa 0.0046 364 -4 498 336
sofa 0.0038 89 122 252 313
tvmonitor 0.0050 0 1 419 328
