person 0.0039 296 218 310 238
bicycle 0.0016 176 237 328 477
car 0.1155 172 148 334 439
car 0.0452 0 169 169 429
car 0.0069 5 254 45 309
car 0.0020 253 189 335 333
car 0.0016 147 253 182 278
motorbike 0.9964 3 197 168 460
motorbike 0.9626 173 184 333 468
motorbike 0.0021 259 232 330 360
motorbike 0.0020 19 257 158 400
motorbike 0.0018 182 217 320 358
motorbike 0.0012 0 250 51 420
motorbike 0.0011 182 296 309 443
motorbike 0.0011 0 275 21 399
aeroplane 0.0107 174 69 331 438
bus 0.0194 174 69 331 438
bus 0.0019 0 169 169 429
train 0.0045 174 69 331 438
boat 0.0024 174 69 331 438
