person 0.0028 324 407 374 455
person 0.0016 216 254 281 300
person 0.0012 215 255 284 348
bicycle 0.0013 209 274 287 407
bird 0.0013 332 406 373 430
bird 0.0010 329 409 377 446
cat 0.0260 216 254 281 300
cat 0.0028 221 254 275 279
cat 0.0012 138 309 167 334
dog 0.0123 216 254 281 300
dog 0.0083 324 407 374 455
dog 0.0025 331 408 364 430
dog 0.0011 221 254 275 279
chair 0.9990 87 301 181 439
chair 0.9217 203 288 280 417
chair 0.0984 93 303 182 363
chair 0.0603 218 284 280 344
chair 0.0260 215 260 286 378
chair 0.0099 206 339 261 412
chair 0.0035 216 254 281 300
chair 0.0029 212 330 288 389
sofa 0.0027 80 306 176 429
pottedplant 0.0017 104 298 173 350
pottedplant 0.0014 141 308 165 333
diningtable 0.0022 202 335 276 413
tvmonitor 0.1209 218 284 280 344
tvmonitor 0.0031 215 260 286 378
