person 0.9997 399 96 492 342
person 0.9849 86 110 155 177
person 0.3461 483 125 499 271
person 0.3016 315 126 342 159
person 0.0679 6 51 548 336
person 0.0652 312 121 332 151
person 0.0509 356 112 389 163
person 0.0494 474 108 499 354
person 0.0328 316 125 327 141
person 0.0291 224 155 256 241
person 0.0201 483 176 500 327
person 0.0158 309 116 339 168
person 0.0158 349 126 359 145
person 0.0148 204 142 238 212
person 0.0131 380 117 403 151
person 0.0128 345 117 381 151
person 0.0125 344 126 361 160
person 0.0125 493 144 499 258
person 0.0113 370 127 405 161
person 0.0100 271 141 279 162
person 0.0099 368 127 388 161
person 0.0088 197 146 218 179
person 0.0085 491 194 499 265
person 0.0080 205 144 223 180
person 0.0071 487 127 500 180
person 0.0056 273 125 289 165
person 0.0055 310 125 320 145
person 0.0051 191 143 221 209
person 0.0047 493 174 498 322
person 0.0043 40 94 162 180
person 0.0040 194 154 204 176
person 0.0037 146 147 217 203
person 0.0035 202 162 215 179
person 0.0032 314 120 330 135
person 0.0032 377 147 396 163
person 0.0032 268 135 282 166
person 0.0032 383 133 398 150
person 0.0032 495 122 499 146
person 0.0031 84 89 166 160
person 0.0027 323 133 339 151
person 0.0027 202 154 214 174
person 0.0025 269 135 278 158
person 0.0024 208 157 224 207
person 0.0023 192 146 206 180
person 0.0023 321 128 337 143
person 0.0023 197 138 254 254
person 0.0023 364 137 400 166
person 0.0023 193 147 256 204
person 0.0023 234 162 252 200
person 0.0023 208 153 220 173
person 0.0022 360 118 400 152
person 0.0021 265 130 294 225
person 0.0020 239 159 270 240
person 0.0020 208 161 220 181
person 0.0020 216 152 231 192
person 0.0020 309 124 322 162
person 0.0020 209 144 221 163
person 0.0020 316 132 327 151
person 0.0020 119 126 310 202
person 0.0019 467 136 484 151
person 0.0018 106 82 178 192
person 0.0017 144 127 179 194
person 0.0017 417 111 434 141
person 0.0016 221 128 253 193
person 0.0016 82 124 94 144
person 0.0016 0 247 24 333
person 0.0016 385 126 407 157
person 0.0016 108 75 176 134
person 0.0015 275 142 286 164
person 0.0015 420 125 434 140
person 0.0015 312 129 333 171
person 0.0015 46 129 131 180
person 0.0014 464 131 486 155
person 0.0014 361 107 383 146
person 0.0014 496 110 499 141
person 0.0014 234 137 253 168
person 0.0013 427 108 466 137
person 0.0012 206 174 239 250
person 0.0012 0 148 4 255
person 0.0012 382 116 400 131
person 0.0011 489 108 499 162
person 0.0011 79 120 96 148
person 0.0011 372 133 385 152
person 0.0011 -21 -2 386 286
person 0.0011 202 145 215 162
person 0.0010 324 114 390 165
person 0.0010 334 134 344 151
person 0.0010 350 108 370 146
person 0.0010 494 127 498 159
person 0.0010 78 124 90 145
person 0.0010 453 125 500 336
bicycle 0.0040 479 229 500 317
car 0.7898 0 217 83 331
car 0.0134 0 216 21 332
car 0.0077 2 135 62 337
car 0.0039 483 125 499 271
car 0.0031 0 174 5 248
car 0.0020 0 154 16 317
car 0.0018 0 173 2 209
car 0.0018 0 213 3 246
car 0.0017 0 145 5 238
car 0.0014 0 198 2 243
car 0.0013 0 224 3 253
car 0.0011 0 230 191 325
car 0.0010 0 197 5 302
motorbike 0.0034 0 177 85 336
bus 0.9998 12 0 482 323
bus 0.0063 0 68 55 286
bus 0.0038 1 93 16 261
bus 0.0037 0 177 85 336
bus 0.0023 1 0 28 318
bus 0.0020 -7 78 98 331
bus 0.0012 482 61 498 181
chair 0.0098 479 229 500 317
chair 0.0010 476 266 499 309
