person 0.5920 25 107 45 183
person 0.5672 42 110 64 186
person 0.2070 320 107 346 189
person 0.0076 35 109 49 186
person 0.0024 38 115 43 123
person 0.0021 320 108 332 174
person 0.0020 54 114 59 123
person 0.0017 323 117 339 180
person 0.0015 47 108 63 152
person 0.0014 53 108 61 118
person 0.0014 20 125 32 173
person 0.0013 320 108 342 152
person 0.0011 54 110 66 188
bottle 0.0018 325 157 345 198
bottle 0.0013 24 134 29 148
chair 0.9893 42 200 195 434
chair 0.1404 90 189 129 222
chair 0.0917 72 184 138 225
chair 0.0672 69 184 149 255
chair 0.0299 65 180 95 200
chair 0.0179 321 114 347 200
chair 0.0105 325 157 345 198
chair 0.0054 65 180 119 213
chair 0.0051 84 185 123 212
chair 0.0028 240 151 315 290
chair 0.0025 52 194 169 292
chair 0.0021 90 203 165 353
chair 0.0018 229 169 256 269
chair 0.0015 9 151 28 182
chair 0.0014 331 168 346 202
chair 0.0011 61 182 88 193
chair 0.0011 187 127 257 315
chair 0.0010 91 190 119 201
chair 0.0010 15 137 31 180
chair 0.0010 245 169 274 270
chair 0.0010 338 175 346 198
sofa 0.0088 36 184 190 418
pottedplant 0.2227 300 169 323 200
pottedplant 0.0381 297 154 329 210
pottedplant 0.0177 297 165 316 196
pottedplant 0.0098 321 114 347 200
pottedplant 0.0065 300 178 312 196
pottedplant 0.0045 305 118 334 203
pottedplant 0.0037 325 157 345 198
pottedplant 0.0037 300 170 312 187
pottedplant 0.0024 303 178 319 196
pottedplant 0.0017 303 169 340 201
pottedplant 0.0016 302 170 318 189
diningtable 0.8702 121 170 350 471
diningtable 0.0726 127 177 351 244
diningtable 0.0011 21 143 30 154
diningtable 0.0010 87 42 396 452
tvmonitor 0.0053 249 99 303 157
