person 0.0802 152 304 164 315
person 0.0435 142 304 156 316
person 0.0145 132 305 145 316
person 0.0044 160 301 171 314
person 0.0026 221 279 225 284
person 0.0022 124 305 137 316
person 0.0017 214 278 220 283
person 0.0014 151 308 164 318
car 0.9986 86 295 188 367
car 0.1922 214 278 220 283
car 0.1088 221 279 225 284
car 0.0362 250 280 257 285
car 0.0121 215 282 220 286
car 0.0108 250 282 256 286
car 0.0101 221 282 226 286
car 0.0087 207 278 211 282
car 0.0062 244 283 250 286
car 0.0057 245 280 250 284
car 0.0030 259 283 266 286
car 0.0027 257 279 266 284
car 0.0023 280 286 286 289
car 0.0016 78 289 498 372
car 0.0014 271 284 277 287
car 0.0012 139 298 178 317
car 0.0010 123 291 193 337
cow 0.0013 86 277 191 360
