person 0.9626 165 9 335 304
person 0.0078 85 79 318 334
person 0.0064 10 111 134 382
bird 0.0017 221 320 244 350
cat 0.0060 24 98 163 327
cat 0.0025 45 347 133 417
cat 0.0022 115 16 325 306
dog 0.0055 24 98 163 327
dog 0.0016 28 345 144 443
bottle 0.0169 242 340 355 401
chair 0.0462 325 135 493 333
chair 0.0164 10 111 134 382
chair 0.0075 54 105 296 314
chair 0.0043 4 130 84 300
chair 0.0042 71 106 214 241
chair 0.0025 332 119 493 233
chair 0.0016 141 451 248 487
chair 0.0012 18 56 344 367
sofa 0.7314 30 113 315 369
sofa 0.2815 23 116 154 372
sofa 0.2773 325 135 493 333
sofa 0.0399 332 119 493 233
sofa 0.0306 20 218 325 409
sofa 0.0133 121 235 296 341
sofa 0.0098 71 106 214 241
sofa 0.0058 160 26 339 370
sofa 0.0045 3 158 83 346
sofa 0.0044 10 155 127 462
sofa 0.0038 70 70 281 276
sofa 0.0034 49 257 303 366
sofa 0.0012 365 221 495 329
sofa 0.0010 5 121 80 267
sofa 0.0010 42 64 451 417
pottedplant 0.4678 23 116 154 372
pottedplant 0.0471 131 17 310 259
pottedplant 0.0177 163 31 248 170
pottedplant 0.0109 37 105 236 305
pottedplant 0.0103 10 131 262 415
pottedplant 0.0047 192 9 356 304
pottedplant 0.0039 165 42 200 115
pottedplant 0.0026 50 108 129 279
pottedplant 0.0011 18 0 339 341
pottedplant 0.0010 28 345 144 443
diningtable 0.0199 83 283 501 499
diningtable 0.0022 325 215 496 324
diningtable 0.0011 115 284 388 449
diningtable 0.0010 12 175 338 452
diningtable 0.0010 326 163 493 390
