person 0.0167 444 137 500 254
person 0.0095 2 1 95 243
person 0.0052 157 3 192 52
person 0.0024 164 4 186 35
person 0.0015 476 137 498 254
bird 0.0061 164 4 186 35
bird 0.0020 151 3 189 53
bird 0.0019 3 14 96 78
bird 0.0014 151 31 183 59
bird 0.0010 316 38 320 43
chair 0.9073 372 97 444 188
chair 0.8227 83 197 254 375
chair 0.2128 345 191 494 307
chair 0.0656 413 126 481 189
chair 0.0599 369 113 484 197
chair 0.0453 316 133 501 326
chair 0.0239 445 127 483 193
chair 0.0091 447 139 497 227
chair 0.0076 362 105 392 180
chair 0.0070 56 105 298 356
chair 0.0048 471 242 501 342
chair 0.0041 392 148 443 179
chair 0.0041 369 114 385 175
chair 0.0036 411 112 449 173
chair 0.0035 475 194 499 315
chair 0.0035 292 228 410 354
chair 0.0033 433 110 477 177
chair 0.0029 411 110 428 123
chair 0.0026 378 93 414 158
chair 0.0025 462 125 476 135
chair 0.0023 411 115 485 137
chair 0.0019 412 121 493 233
chair 0.0018 376 150 449 198
chair 0.0015 395 160 441 185
chair 0.0015 409 105 431 126
chair 0.0013 400 137 501 298
chair 0.0012 481 146 499 286
chair 0.0010 462 128 483 162
sofa 0.9891 59 103 332 216
sofa 0.9389 357 166 499 307
sofa 0.6546 79 183 256 364
sofa 0.0889 56 105 298 356
sofa 0.0144 444 137 500 254
sofa 0.0082 471 242 501 342
sofa 0.0060 475 194 499 315
sofa 0.0052 373 137 495 229
sofa 0.0046 481 146 499 286
sofa 0.0042 369 113 484 197
sofa 0.0019 293 214 422 342
sofa 0.0011 474 132 498 229
sofa 0.0011 266 123 480 340
sofa 0.0010 468 122 500 346
pottedplant 0.9495 0 4 108 243
pottedplant 0.0125 0 39 65 233
pottedplant 0.0036 26 83 103 231
pottedplant 0.0018 1 7 96 117
pottedplant 0.0017 0 109 61 276
pottedplant 0.0017 51 114 123 176
pottedplant 0.0013 10 133 49 226
pottedplant 0.0010 0 -40 29 281
pottedplant 0.0010 411 110 428 123
pottedplant 0.0010 409 105 431 126
diningtable 0.1892 369 113 484 197
diningtable 0.1404 413 126 481 189
diningtable 0.0161 471 242 501 342
diningtable 0.0149 374 104 445 182
diningtable 0.0091 412 105 485 144
diningtable 0.0025 411 112 449 173
diningtable 0.0024 475 256 499 302
diningtable 0.0021 412 121 493 233
diningtable 0.0017 475 194 499 315
diningtable 0.0014 62 116 331 226
diningtable 0.0012 408 121 468 146
diningtable 0.0012 409 128 486 155
