person 0.0570 400 10 434 71
person 0.0143 400 16 423 59
person 0.0033 304 212 343 248
bicycle 0.0014 277 151 366 206
bird 0.0205 304 212 343 248
cat 0.0104 304 212 343 248
cat 0.0091 165 96 271 281
dog 0.9952 164 91 269 264
dog 0.0120 304 212 343 248
horse 0.0045 304 212 343 248
horse 0.0010 165 96 271 281
bottle 0.5169 283 160 301 206
bottle 0.1861 311 162 333 202
bottle 0.1312 300 167 317 203
bottle 0.1121 342 161 359 202
bottle 0.0392 277 161 290 206
bottle 0.0277 277 150 307 206
bottle 0.0230 277 151 366 206
bottle 0.0216 355 160 368 202
bottle 0.0166 340 148 357 163
bottle 0.0139 328 165 348 202
bottle 0.0118 300 181 311 205
bottle 0.0108 311 148 328 164
bottle 0.0056 305 175 340 204
bottle 0.0055 281 150 299 163
bottle 0.0051 341 147 361 180
bottle 0.0046 302 167 318 181
bottle 0.0045 310 148 330 176
bottle 0.0042 336 148 365 204
bottle 0.0035 343 152 359 168
bottle 0.0030 281 149 300 178
bottle 0.0025 304 178 314 204
bottle 0.0020 301 154 320 194
bottle 0.0016 299 170 311 194
bottle 0.0015 287 169 298 196
bottle 0.0014 277 167 286 196
bottle 0.0013 278 182 286 203
bottle 0.0013 272 166 281 215
bottle 0.0013 300 152 344 172
bottle 0.0011 359 178 368 200
bottle 0.0011 346 169 357 196
bottle 0.0011 325 172 342 204
bottle 0.0010 300 164 344 184
chair 0.0025 165 96 271 281
sofa 0.0014 168 -9 313 25
diningtable 0.0022 261 154 372 242
tvmonitor 0.0032 304 212 343 248
tvmonitor 0.0019 481 48 501 80
tvmonitor 0.0015 400 10 434 71
tvmonitor 0.0010 287 208 354 256
