person 0.0027 59 139 71 164
person 0.0011 444 192 501 361
bicycle 0.0030 7 265 117 367
bird 0.0041 14 321 65 348
bird 0.0021 3 300 86 362
bird 0.0014 20 297 42 312
cat 0.0067 14 321 65 348
cat 0.0024 3 300 86 362
cat 0.0011 57 139 72 166
dog 0.0017 126 187 173 275
bottle 0.0015 20 297 42 312
chair 0.8979 121 176 178 292
chair 0.6341 5 273 116 379
chair 0.0255 125 194 194 267
chair 0.0113 65 283 114 374
chair 0.0090 3 300 86 362
chair 0.0088 48 278 122 344
chair 0.0081 3 279 93 344
chair 0.0042 442 211 501 370
chair 0.0034 127 185 169 217
chair 0.0032 130 231 168 262
chair 0.0026 129 179 196 225
chair 0.0025 24 268 105 324
chair 0.0015 169 179 199 255
chair 0.0014 381 212 439 375
chair 0.0013 182 166 213 267
chair 0.0012 40 58 90 223
chair 0.0011 0 324 70 374
chair 0.0010 50 57 122 226
sofa 0.0080 442 211 501 370
sofa 0.0054 124 177 192 291
sofa 0.0013 7 265 117 367
pottedplant 0.0019 7 322 63 346
pottedplant 0.0012 0 241 21 346
diningtable 0.0816 7 265 117 367
diningtable 0.0014 6 263 91 325
