person 0.9997 254 122 332 348
person 0.9992 128 91 189 344
person 0.9980 202 120 268 343
person 0.9883 174 104 223 326
person 0.8180 235 102 275 171
person 0.7962 295 101 340 336
person 0.1485 289 104 335 180
person 0.0240 235 123 281 269
person 0.0088 125 127 147 231
person 0.0053 239 106 315 172
person 0.0037 300 144 333 249
person 0.0026 264 129 323 188
person 0.0022 270 116 337 239
person 0.0021 221 154 351 308
person 0.0017 94 146 110 180
person 0.0017 308 169 333 297
person 0.0015 241 128 273 229
person 0.0013 113 150 128 195
person 0.0012 94 151 104 174
person 0.0012 115 153 125 171
person 0.0012 217 121 229 131
person 0.0011 265 134 302 171
person 0.0010 241 158 269 267
car 0.0054 113 150 128 195
car 0.0026 93 147 129 179
car 0.0022 88 150 124 211
car 0.0021 114 142 145 213
car 0.0019 115 153 125 171
car 0.0018 191 123 259 321
car 0.0018 130 81 188 326
car 0.0014 120 151 134 195
dog 0.0079 244 253 272 326
bottle 0.0388 243 237 263 266
bottle 0.0324 249 244 261 257
bottle 0.0222 38 295 59 319
bottle 0.0164 4 313 44 335
bottle 0.0159 314 246 322 259
bottle 0.0158 243 214 251 225
bottle 0.0143 242 251 259 265
bottle 0.0141 14 309 47 329
bottle 0.0139 20 311 40 325
bottle 0.0102 256 240 265 255
bottle 0.0070 330 295 338 306
bottle 0.0055 368 309 373 326
bottle 0.0047 251 237 260 248
bottle 0.0046 256 222 268 258
bottle 0.0046 236 215 252 247
bottle 0.0032 328 298 339 311
bottle 0.0028 4 322 22 335
bottle 0.0027 245 223 264 258
bottle 0.0021 239 236 250 246
bottle 0.0017 275 206 285 215
bottle 0.0015 1 322 9 336
bottle 0.0015 21 318 44 330
bottle 0.0015 136 242 142 253
bottle 0.0014 133 237 144 282
bottle 0.0014 1 327 10 342
bottle 0.0013 355 320 366 332
bottle 0.0011 14 317 35 331
bottle 0.0011 226 215 244 225
bottle 0.0010 238 245 258 272
chair 0.0025 204 150 269 344
pottedplant 0.0077 88 150 124 211
pottedplant 0.0021 114 151 145 236
