person 0.0012 41 80 61 107
bird 0.0013 156 99 191 146
dog 0.0208 298 130 370 199
dog 0.0045 68 89 92 118
dog 0.0038 156 99 191 146
dog 0.0036 125 96 152 133
dog 0.0018 38 79 55 104
dog 0.0015 51 83 69 110
horse 0.1970 153 99 190 144
horse 0.1412 122 93 155 134
horse 0.1053 41 80 61 107
horse 0.0471 68 89 92 118
horse 0.0450 51 83 69 110
horse 0.0419 299 133 369 202
horse 0.0016 38 77 55 101
sheep 0.7688 68 89 92 118
sheep 0.7184 299 133 369 202
sheep 0.6690 51 83 69 110
sheep 0.6661 125 96 152 133
sheep 0.6556 158 100 189 143
sheep 0.5996 38 79 55 104
sheep 0.0116 73 93 89 113
sheep 0.0072 44 80 57 94
sheep 0.0026 58 83 68 91
sheep 0.0013 36 77 70 100
cow 0.7593 156 99 191 146
cow 0.5261 125 96 152 133
cow 0.3147 298 130 370 199
cow 0.1939 68 89 92 118
cow 0.1689 41 80 61 107
cow 0.1018 51 83 69 110
cow 0.0055 39 79 53 97
cow 0.0022 44 80 57 94
cow 0.0016 73 93 89 113
