person 0.9923 5 209 156 334
person 0.9532 176 33 253 285
person 0.6829 354 78 387 148
person 0.2637 459 166 475 215
person 0.1678 456 169 482 257
person 0.1354 443 178 470 259
person 0.1030 476 167 491 215
person 0.0758 361 72 380 138
person 0.0750 176 51 242 187
person 0.0409 475 165 497 262
person 0.0228 363 69 379 104
person 0.0211 129 101 167 132
person 0.0185 458 180 477 235
person 0.0181 260 62 281 108
person 0.0138 249 68 280 165
person 0.0132 480 165 488 181
person 0.0132 372 59 401 143
person 0.0105 466 174 485 226
person 0.0100 446 179 464 222
person 0.0093 371 72 388 137
person 0.0090 476 185 492 232
person 0.0084 364 76 377 96
person 0.0084 372 61 389 107
person 0.0076 440 110 500 280
person 0.0070 226 70 250 168
person 0.0069 490 176 499 244
person 0.0058 479 169 489 188
person 0.0043 363 53 391 119
person 0.0039 466 200 483 236
person 0.0039 458 125 488 229
person 0.0036 266 87 279 103
person 0.0036 440 183 495 317
person 0.0032 366 83 375 101
person 0.0032 259 89 272 103
person 0.0031 319 69 329 95
person 0.0030 39 83 134 124
person 0.0028 463 171 472 189
person 0.0028 226 52 240 95
person 0.0028 454 75 490 162
person 0.0027 375 102 389 143
person 0.0026 479 189 499 312
person 0.0024 473 120 497 232
person 0.0024 454 179 462 200
person 0.0024 492 143 499 219
person 0.0023 68 -22 495 303
person 0.0022 465 164 471 179
person 0.0022 497 113 500 135
person 0.0022 257 55 287 145
person 0.0022 246 40 280 121
person 0.0022 260 94 271 107
person 0.0020 446 58 498 217
person 0.0020 455 199 489 301
person 0.0020 149 61 280 194
person 0.0019 348 59 402 177
person 0.0019 188 56 207 88
person 0.0018 497 178 499 222
person 0.0018 179 52 222 141
person 0.0018 305 54 325 96
person 0.0016 497 119 500 143
person 0.0016 481 199 490 218
person 0.0015 261 85 281 121
person 0.0015 328 71 385 139
person 0.0015 440 192 470 309
person 0.0015 258 75 403 173
person 0.0015 197 49 235 82
person 0.0014 496 187 498 232
person 0.0014 266 94 278 108
person 0.0014 443 182 457 238
person 0.0014 236 27 284 174
person 0.0013 236 150 271 240
person 0.0013 227 44 253 115
person 0.0012 496 158 498 203
person 0.0012 242 24 275 99
person 0.0011 305 81 377 147
person 0.0011 447 188 463 248
person 0.0011 461 179 470 200
person 0.0011 479 178 489 201
person 0.0010 234 54 283 261
person 0.0010 323 69 384 206
person 0.0010 497 152 499 188
car 0.0012 4 -21 444 297
aeroplane 0.0042 29 -26 458 309
bus 0.0099 -16 -16 465 349
train 0.9690 14 -30 470 350
train 0.0037 161 36 274 296
train 0.0020 443 95 498 260
boat 0.0011 4 -21 444 297
