person 0.0581 106 366 111 377
person 0.0043 13 357 18 367
person 0.0016 77 374 85 387
person 0.0015 103 367 108 377
person 0.0013 105 368 112 383
person 0.0013 70 375 78 384
car 0.0024 72 148 91 154
car 0.0019 93 148 113 155
car 0.0019 24 367 346 425
car 0.0010 76 153 89 159
aeroplane 0.0295 24 367 346 425
train 0.0075 24 367 346 425
boat 0.1395 355 167 365 172
boat 0.1265 24 367 346 425
boat 0.0661 191 175 207 185
boat 0.0415 171 291 184 297
boat 0.0310 226 173 243 177
boat 0.0251 208 175 225 184
boat 0.0204 218 172 240 179
boat 0.0148 192 180 206 186
boat 0.0114 15 32 342 405
boat 0.0104 218 164 294 174
boat 0.0074 196 169 241 183
boat 0.0066 264 166 283 173
boat 0.0063 351 168 360 172
boat 0.0061 111 180 207 188
boat 0.0060 187 171 228 185
boat 0.0058 354 171 365 176
boat 0.0051 134 306 150 314
boat 0.0051 225 168 244 174
boat 0.0048 198 175 215 184
boat 0.0048 101 196 116 203
boat 0.0047 219 167 237 174
boat 0.0045 128 174 209 184
boat 0.0041 31 197 40 203
boat 0.0037 158 182 181 186
boat 0.0037 170 183 186 186
boat 0.0037 296 166 309 170
boat 0.0035 287 166 304 171
boat 0.0034 141 306 154 313
boat 0.0032 147 161 208 174
boat 0.0026 5 194 25 200
boat 0.0025 205 162 249 179
boat 0.0024 357 154 366 167
boat 0.0018 158 151 218 167
boat 0.0018 306 214 316 219
boat 0.0018 127 142 221 184
boat 0.0018 170 112 207 182
boat 0.0017 208 181 223 185
boat 0.0015 1 196 12 201
boat 0.0014 164 159 230 175
boat 0.0013 198 148 305 178
boat 0.0013 32 200 40 204
boat 0.0012 141 302 153 310
boat 0.0012 351 143 368 174
boat 0.0011 102 196 109 203
boat 0.0011 103 200 115 204
boat 0.0010 131 123 216 175
boat 0.0010 -1 191 37 203
boat 0.0010 133 234 151 242
bird 0.0011 101 196 116 203
