person 0.5125 2 244 185 332
person 0.4636 2 3 437 315
person 0.0609 194 211 326 329
person 0.0395 43 169 373 331
person 0.0324 -6 159 197 333
person 0.0265 9 -5 191 334
person 0.0034 59 183 228 310
person 0.0028 137 10 415 247
person 0.0017 140 84 434 322
car 0.0011 33 9 460 269
motorbike 0.0012 21 68 468 323
cat 0.6112 137 10 415 247
cat 0.0395 2 3 437 315
cat 0.0044 22 175 324 327
cat 0.0027 78 186 255 312
cat 0.0011 140 84 434 322
dog 0.1255 106 28 407 290
chair 0.1467 33 9 460 269
chair 0.0069 19 0 181 202
chair 0.0010 31 0 316 197
sofa 0.4392 34 10 456 314
sofa 0.0108 35 3 385 195
sofa 0.0038 9 -5 191 334
