person 0.9992 202 18 360 263
person 0.9879 357 116 464 236
person 0.3496 26 219 167 371
person 0.0957 26 66 55 144
person 0.0929 13 218 123 321
person 0.0274 16 83 44 194
person 0.0160 48 156 63 190
person 0.0132 0 34 28 357
person 0.0101 250 48 281 116
person 0.0086 64 218 151 330
person 0.0085 26 87 57 188
person 0.0068 24 84 44 145
person 0.0056 77 222 146 292
person 0.0054 34 84 51 143
person 0.0050 7 52 52 225
person 0.0047 43 220 126 291
person 0.0035 16 211 88 290
person 0.0031 2 61 14 332
person 0.0025 65 219 106 290
person 0.0021 0 92 53 377
person 0.0020 11 211 84 374
person 0.0019 52 111 75 140
person 0.0018 63 86 100 145
person 0.0018 484 164 499 305
person 0.0014 64 82 81 110
person 0.0014 445 77 499 238
person 0.0013 1 163 16 383
person 0.0013 0 146 3 314
person 0.0013 5 59 20 258
person 0.0011 305 128 446 242
person 0.0011 18 39 49 134
person 0.0011 473 151 495 249
person 0.0010 495 109 499 237
person 0.0010 57 119 72 136
person 0.0010 46 119 80 147
person 0.0010 21 70 69 207
bicycle 0.0011 127 262 194 372
car 0.3028 19 67 51 142
car 0.0188 24 84 44 145
car 0.0068 188 7 380 239
car 0.0068 37 80 52 91
car 0.0061 34 84 51 143
car 0.0039 35 78 54 113
car 0.0028 90 -2 490 230
car 0.0015 3 23 56 179
car 0.0012 26 45 57 130
car 0.0011 9 183 192 367
car 0.0011 23 62 43 92
car 0.0011 32 73 97 137
car 0.0011 36 82 69 108
train 0.0031 206 173 498 370
boat 0.0107 188 7 380 239
boat 0.0075 90 -2 490 230
boat 0.0013 302 17 498 218
bottle 0.4935 460 166 493 240
bottle 0.0058 302 253 410 304
bottle 0.0033 115 261 130 296
bottle 0.0031 337 250 385 271
bottle 0.0021 366 199 401 260
bottle 0.0021 48 156 63 190
bottle 0.0018 119 263 136 295
bottle 0.0011 50 169 61 190
chair 0.0518 77 222 146 292
chair 0.0487 127 262 194 372
chair 0.0292 26 219 167 371
chair 0.0122 61 153 204 232
chair 0.0068 64 218 151 330
chair 0.0061 355 108 467 223
chair 0.0047 31 290 162 375
chair 0.0039 107 201 212 261
chair 0.0030 104 246 224 371
chair 0.0029 302 17 498 218
chair 0.0025 182 44 383 320
chair 0.0016 1 163 16 383
chair 0.0015 444 62 499 217
chair 0.0012 20 76 49 155
chair 0.0010 0 146 28 399
chair 0.0010 369 193 403 253
sofa 0.0066 182 44 383 320
sofa 0.0048 135 77 520 369
sofa 0.0017 61 153 204 232
sofa 0.0013 17 205 187 377
sofa 0.0013 94 2 486 287
diningtable 0.9661 179 223 496 372
diningtable 0.0175 209 222 459 316
diningtable 0.0163 135 77 520 369
diningtable 0.0016 63 166 211 269
diningtable 0.0014 53 209 198 329
