person 0.0011 106 131 316 286
bicycle 0.9958 37 143 307 288
bicycle 0.0038 154 132 302 224
bicycle 0.0036 216 187 292 259
bicycle 0.0015 201 142 307 256
bicycle 0.0010 46 158 182 282
bicycle 0.0010 215 153 290 208
car 0.0013 41 180 265 289
motorbike 0.0087 38 142 272 293
dog 0.0038 39 182 304 287
bottle 0.0132 206 223 220 267
bottle 0.0023 179 224 194 241
bottle 0.0021 118 159 163 181
bottle 0.0015 177 208 213 242
bottle 0.0011 176 222 197 250
chair 0.0044 224 151 297 207
chair 0.0043 219 127 304 240
chair 0.0042 231 189 296 253
chair 0.0037 221 172 287 223
pottedplant 0.4160 205 134 301 200
pottedplant 0.0212 154 132 302 224
pottedplant 0.0048 201 142 307 256
pottedplant 0.0017 231 172 272 202
pottedplant 0.0010 229 154 270 210
