person 0.9944 151 192 274 366
person 0.8960 261 210 485 372
person 0.0427 211 85 218 92
person 0.0167 205 84 211 92
person 0.0165 48 217 514 375
person 0.0136 117 241 360 364
person 0.0097 158 248 500 353
person 0.0082 222 84 228 91
person 0.0067 131 209 340 328
person 0.0058 193 84 199 91
person 0.0020 241 83 249 91
person 0.0016 231 83 238 91
person 0.0015 212 88 218 96
aeroplane 0.9980 161 42 342 118
aeroplane 0.0193 160 61 352 99
aeroplane 0.0020 172 65 273 99
boat 0.0091 48 217 514 375
boat 0.0033 117 241 360 364
boat 0.0017 60 302 506 366
boat 0.0012 131 209 340 328
boat 0.0011 261 185 485 371
chair 0.0061 287 243 493 364
chair 0.0022 491 347 499 365
chair 0.0010 443 263 498 369
