person 0.9951 140 -1 508 191
person 0.0862 0 78 58 189
person 0.0161 12 1 177 121
person 0.0061 60 42 500 325
person 0.0032 -5 -6 123 203
person 0.0032 0 -9 59 166
person 0.0021 434 5 498 144
person 0.0018 -5 64 89 201
person 0.0016 104 -4 183 118
person 0.0010 433 5 447 15
person 0.0010 0 95 56 279
bottle 0.9978 101 16 158 204
bottle 0.9888 164 39 223 192
bottle 0.0169 45 108 109 205
bottle 0.0045 107 -8 175 160
bottle 0.0023 384 164 486 273
bottle 0.0014 466 298 499 357
chair 0.0435 419 30 495 151
chair 0.0394 159 40 500 223
chair 0.0124 132 0 470 160
chair 0.0033 449 49 493 137
chair 0.0028 479 50 499 169
chair 0.0027 436 16 500 243
chair 0.0022 437 -2 497 120
chair 0.0021 218 38 251 109
chair 0.0021 215 104 309 153
chair 0.0019 0 78 58 189
chair 0.0013 431 50 480 133
chair 0.0010 204 93 451 185
sofa 0.0089 78 17 499 260
sofa 0.0086 0 78 58 189
sofa 0.0027 147 0 497 162
diningtable 0.6732 28 75 478 360
diningtable 0.0208 10 214 479 344
diningtable 0.0183 78 17 499 260
diningtable 0.0182 205 148 379 217
diningtable 0.0093 0 152 63 300
diningtable 0.0063 295 168 508 346
diningtable 0.0058 434 5 498 144
diningtable 0.0039 -3 162 120 277
diningtable 0.0019 125 176 372 259
diningtable 0.0014 370 194 494 307
diningtable 0.0012 0 197 116 319
diningtable 0.0011 71 142 365 220
diningtable 0.0010 1 218 63 352
diningtable 0.0010 189 137 472 304
