person 0.9906 33 60 483 363
car 0.0020 32 -14 482 337
bottle 0.0219 477 68 499 105
bottle 0.0127 470 64 498 133
bottle 0.0077 431 109 465 170
bottle 0.0073 438 123 457 162
bottle 0.0058 487 73 498 118
bottle 0.0057 447 114 489 149
bottle 0.0048 468 152 499 211
bottle 0.0047 425 121 448 166
bottle 0.0046 479 68 496 83
bottle 0.0045 492 67 498 85
bottle 0.0040 493 75 498 97
bottle 0.0035 452 92 495 153
bottle 0.0027 443 116 465 155
bottle 0.0027 245 171 325 250
bottle 0.0025 495 81 498 111
bottle 0.0025 487 56 498 98
bottle 0.0019 467 166 499 268
bottle 0.0016 440 56 500 179
bottle 0.0015 290 133 436 245
bottle 0.0013 495 92 499 119
bottle 0.0013 473 165 499 198
bottle 0.0013 494 114 499 134
bottle 0.0012 477 86 500 124
bottle 0.0010 471 95 498 177
chair 0.0770 32 -14 482 337
chair 0.0195 31 153 480 367
chair 0.0037 9 47 41 114
chair 0.0023 354 269 437 319
chair 0.0016 343 257 477 349
chair 0.0012 445 167 499 300
chair 0.0011 468 158 499 234
chair 0.0011 437 284 498 333
sofa 0.0815 31 153 480 367
sofa 0.0052 32 -14 482 337
sofa 0.0013 343 257 477 349
pottedplant 0.0149 470 64 498 133
pottedplant 0.0079 488 81 499 128
pottedplant 0.0014 440 46 500 161
diningtable 0.0136 60 -20 503 344
diningtable 0.0032 247 92 473 287
diningtable 0.0012 445 167 499 300
tvmonitor 0.0148 235 163 354 284
tvmonitor 0.0049 445 167 499 300
tvmonitor 0.0013 302 160 437 271
tvmonitor 0.0011 467 177 498 287
tvmonitor 0.0011 247 207 393 304
