person 0.5293 462 170 474 194
person 0.0753 463 173 485 195
person 0.0753 469 177 483 194
person 0.0431 219 139 236 155
person 0.0264 463 171 474 180
person 0.0145 258 134 269 154
person 0.0135 221 132 244 158
person 0.0127 218 117 239 154
person 0.0120 246 148 261 161
person 0.0111 310 116 330 155
person 0.0111 242 130 265 160
person 0.0096 283 108 317 161
person 0.0086 475 178 489 195
person 0.0082 467 170 478 180
person 0.0071 254 132 271 160
person 0.0069 217 139 250 164
person 0.0064 221 107 256 158
person 0.0061 276 135 285 154
person 0.0052 296 108 331 163
person 0.0049 294 124 310 164
person 0.0046 257 145 268 160
person 0.0045 302 124 324 163
person 0.0041 274 128 290 163
person 0.0041 226 119 263 152
person 0.0041 247 136 262 152
person 0.0039 277 145 288 163
person 0.0038 208 106 242 158
person 0.0035 226 145 241 158
person 0.0034 223 107 244 146
person 0.0032 239 140 269 164
person 0.0032 247 128 260 145
person 0.0028 239 147 252 160
person 0.0028 270 135 281 154
person 0.0024 265 130 284 161
person 0.0022 317 134 330 154
person 0.0021 282 124 302 165
person 0.0018 222 126 233 144
person 0.0014 297 143 308 164
person 0.0014 263 108 298 161
person 0.0014 258 130 267 145
person 0.0014 227 126 240 144
person 0.0014 176 121 194 168
person 0.0014 298 135 308 156
person 0.0014 239 136 253 152
person 0.0012 299 124 307 145
person 0.0010 237 109 273 159
bicycle 0.1161 463 173 485 195
bicycle 0.1092 469 177 483 194
bicycle 0.0432 476 181 488 197
bicycle 0.0307 462 170 474 194
bicycle 0.0057 464 183 472 195
bicycle 0.0032 473 174 491 195
car 0.0021 460 174 489 195
car 0.0020 469 177 483 194
car 0.0014 475 178 489 195
motorbike 0.0542 463 173 485 195
motorbike 0.0169 469 177 483 194
motorbike 0.0154 462 170 474 194
motorbike 0.0049 476 181 488 197
bus 0.9999 55 70 358 273
chair 0.0089 246 148 261 161
chair 0.0028 475 178 489 195
chair 0.0020 463 173 485 195
chair 0.0017 469 177 483 194
chair 0.0014 257 145 268 160
chair 0.0010 239 147 252 160
