person 0.0795 19 25 485 289
person 0.0514 0 -1 84 169
person 0.0115 28 2 487 153
person 0.0056 -1 0 96 304
cat 0.9652 2 93 491 280
cat 0.0017 2 120 124 268
cat 0.0013 7 86 187 292
dog 0.0750 -5 99 462 274
chair 0.3792 19 25 485 289
chair 0.0322 28 2 487 153
chair 0.0035 1 11 85 189
chair 0.0020 -13 147 499 383
chair 0.0015 440 2 499 165
chair 0.0013 -1 0 96 304
sofa 0.5571 -3 89 492 345
sofa 0.1355 38 10 479 215
sofa 0.0154 2 217 487 376
sofa 0.0069 0 -1 84 169
sofa 0.0055 -1 0 96 304
sofa 0.0013 440 2 499 165
sofa 0.0010 176 11 489 153
diningtable 0.0170 2 217 487 376
diningtable 0.0074 -3 89 492 345
