person 0.9998 190 22 435 395
person 0.0857 326 111 504 379
person 0.0017 437 96 498 363
person 0.0015 444 92 498 250
bottle 0.0043 431 148 443 163
bottle 0.0026 154 15 447 333
bottle 0.0014 423 142 447 168
bottle 0.0013 422 141 451 203
chair 0.6310 364 110 503 382
chair 0.0156 377 309 494 393
chair 0.0057 379 300 455 353
chair 0.0055 274 164 469 386
chair 0.0043 373 198 458 375
chair 0.0040 415 132 494 365
chair 0.0034 0 324 32 397
chair 0.0032 394 328 469 393
chair 0.0021 422 157 451 261
chair 0.0021 1 321 32 345
chair 0.0018 441 107 498 271
chair 0.0016 341 218 474 337
chair 0.0013 390 256 468 393
chair 0.0013 395 154 467 340
chair 0.0012 438 216 499 394
chair 0.0012 377 136 499 277
chair 0.0011 369 259 458 314
chair 0.0011 437 333 499 391
chair 0.0011 196 18 510 394
chair 0.0011 451 110 495 194
chair 0.0010 373 278 460 334
sofa 0.0258 362 132 504 392
sofa 0.0016 436 125 499 405
diningtable 0.0095 16 171 264 391
diningtable 0.0010 62 213 205 307
tvmonitor 0.2993 82 73 163 188
tvmonitor 0.2723 0 78 92 229
tvmonitor 0.0417 149 81 268 192
tvmonitor 0.0222 253 126 272 183
tvmonitor 0.0092 3 65 175 252
tvmonitor 0.0046 72 79 151 150
tvmonitor 0.0013 8 95 79 169
