person 0.0391 0 262 54 325
person 0.0257 0 169 53 347
person 0.0235 -1 176 89 423
person 0.0050 0 244 56 390
person 0.0027 85 149 375 507
person 0.0021 317 191 372 239
person 0.0010 0 156 21 249
bird 0.0035 180 429 220 499
cat 0.0030 9 399 84 470
cat 0.0015 262 82 298 140
bottle 0.1850 261 97 279 143
bottle 0.1289 183 100 200 138
bottle 0.0976 232 102 246 136
bottle 0.0614 186 100 197 126
bottle 0.0481 222 90 236 129
bottle 0.0223 213 101 230 137
bottle 0.0159 261 88 294 146
bottle 0.0150 212 132 230 179
bottle 0.0146 243 99 261 134
bottle 0.0122 213 69 246 141
bottle 0.0112 250 99 264 137
bottle 0.0109 221 81 247 162
bottle 0.0104 215 108 225 131
bottle 0.0092 180 429 220 499
bottle 0.0073 224 99 235 123
bottle 0.0072 207 82 233 165
bottle 0.0067 210 115 230 165
bottle 0.0059 224 105 233 130
bottle 0.0043 233 102 241 122
bottle 0.0035 218 101 227 122
bottle 0.0033 204 112 220 146
bottle 0.0031 230 132 252 166
bottle 0.0028 209 112 219 129
bottle 0.0027 198 122 209 143
bottle 0.0024 224 113 251 172
bottle 0.0023 206 120 216 140
bottle 0.0022 214 120 225 137
bottle 0.0016 175 117 208 143
bottle 0.0015 183 90 208 151
bottle 0.0014 193 97 209 143
bottle 0.0014 253 106 263 132
bottle 0.0013 222 103 235 156
bottle 0.0012 205 58 242 120
bottle 0.0012 246 99 258 118
bottle 0.0012 225 90 236 111
bottle 0.0010 134 89 312 175
chair 0.9736 4 163 117 483
chair 0.0180 149 79 210 130
chair 0.0178 100 211 366 503
chair 0.0133 0 163 84 358
chair 0.0112 0 156 21 249
chair 0.0066 0 154 47 328
chair 0.0043 120 81 161 145
chair 0.0030 1 387 119 499
chair 0.0025 -4 228 86 442
chair 0.0023 2 161 31 280
chair 0.0020 34 491 117 499
chair 0.0017 1 161 19 214
chair 0.0013 207 56 248 122
chair 0.0013 107 134 165 182
chair 0.0010 116 80 204 140
sofa 0.2260 143 162 371 498
sofa 0.0060 0 156 101 434
sofa 0.0037 168 138 347 355
sofa 0.0029 175 173 297 309
pottedplant 0.0011 262 82 298 140
diningtable 0.0162 13 102 367 486
diningtable 0.0158 43 115 325 312
diningtable 0.0074 73 126 292 201
diningtable 0.0036 70 148 224 424
diningtable 0.0032 6 132 127 388
diningtable 0.0028 91 93 284 182
diningtable 0.0011 -1 188 100 518
diningtable 0.0010 68 57 306 216
