person 0.9982 178 83 257 317
person 0.9659 100 89 176 315
person 0.0493 95 98 161 233
person 0.0399 -1 217 20 383
person 0.0213 25 158 178 432
person 0.0142 5 221 36 340
person 0.0124 144 237 177 325
person 0.0038 -6 195 31 371
person 0.0022 15 237 38 272
person 0.0017 130 174 178 345
person 0.0014 2 207 35 277
person 0.0011 112 200 172 435
person 0.0011 7 234 31 272
bicycle 0.0056 4 236 34 362
bicycle 0.0020 4 215 36 308
bicycle 0.0019 -1 217 20 383
bicycle 0.0010 0 178 41 351
car 0.0090 230 193 376 485
car 0.0032 0 207 37 388
motorbike 0.9974 24 180 173 492
motorbike 0.9694 230 193 376 485
motorbike 0.4607 0 207 37 388
motorbike 0.1142 -1 217 20 383
motorbike 0.0110 4 215 36 308
motorbike 0.0107 5 281 33 385
motorbike 0.0092 144 237 177 325
motorbike 0.0028 128 192 180 361
motorbike 0.0027 107 142 174 374
motorbike 0.0023 15 255 37 292
motorbike 0.0017 15 272 37 314
motorbike 0.0011 17 289 40 337
motorbike 0.0011 9 200 65 395
bottle 0.0041 212 164 222 175
bottle 0.0016 205 166 222 181
chair 0.0020 178 104 257 321
chair 0.0012 4 215 36 308
pottedplant 0.0071 0 24 41 107
pottedplant 0.0019 0 12 47 154
pottedplant 0.0011 0 62 40 140
