person 0.0044 376 211 388 253
person 0.0015 393 216 405 231
person 0.0014 216 211 258 261
horse 0.9701 216 212 277 261
horse 0.0944 245 217 282 259
horse 0.0689 215 218 237 258
horse 0.0292 222 217 246 258
horse 0.0088 261 222 283 258
horse 0.0077 376 211 388 253
horse 0.0071 268 241 284 258
horse 0.0035 231 217 256 257
horse 0.0021 236 238 273 259
horse 0.0020 211 222 228 258
horse 0.0017 236 243 252 257
horse 0.0016 246 241 263 258
horse 0.0010 393 216 405 231
horse 0.0010 211 242 222 258
cow 0.0028 216 212 277 261
