person 0.9991 -7 81 247 366
person 0.9990 216 53 502 375
person 0.0064 3 178 10 223
person 0.0057 1 146 8 220
person 0.0044 42 86 464 351
person 0.0038 4 183 8 219
person 0.0032 0 128 8 198
person 0.0022 -1 119 14 236
person 0.0021 58 156 68 172
person 0.0020 1 180 7 262
person 0.0014 1 200 5 221
person 0.0013 1 154 3 190
person 0.0012 0 139 6 166
person 0.0010 -10 92 122 357
train 0.0126 -6 66 225 325
train 0.0033 2 42 130 179
train 0.0016 3 12 121 277
train 0.0010 -2 -8 185 224
bottle 0.0216 4 183 8 219
bottle 0.0183 3 178 10 223
bottle 0.0066 1 200 5 221
bottle 0.0061 164 38 506 365
bottle 0.0043 4 177 8 209
bottle 0.0041 432 173 439 193
bottle 0.0038 425 175 432 193
bottle 0.0022 7 187 13 215
bottle 0.0018 1 146 8 220
bottle 0.0013 1 178 8 244
bottle 0.0012 4 182 16 219
chair 0.0010 0 210 16 377
sofa 0.0023 -4 132 247 370
