person 0.0018 17 66 438 254
car 0.0199 28 51 470 234
motorbike 0.0040 28 51 470 234
aeroplane 0.9899 27 71 479 247
aeroplane 0.0305 3 196 92 230
aeroplane 0.0260 2 214 24 227
aeroplane 0.0049 8 203 79 221
aeroplane 0.0038 -3 207 71 225
aeroplane 0.0036 0 192 24 230
aeroplane 0.0033 35 180 231 242
aeroplane 0.0032 1 213 9 227
aeroplane 0.0027 467 221 487 229
aeroplane 0.0021 33 199 90 223
aeroplane 0.0016 70 108 436 211
aeroplane 0.0016 1 200 13 236
aeroplane 0.0011 456 219 496 234
train 0.0015 28 51 470 234
boat 0.0397 2 214 24 227
boat 0.0164 3 196 92 230
boat 0.0081 28 51 470 234
boat 0.0058 5 207 80 224
boat 0.0038 1 213 9 227
boat 0.0036 65 211 116 224
boat 0.0024 0 192 24 230
boat 0.0021 190 231 205 240
boat 0.0015 1 200 13 236
boat 0.0013 2 218 9 231
boat 0.0012 153 234 162 242
boat 0.0012 180 232 192 241
boat 0.0011 14 215 29 225
boat 0.0010 46 199 164 230
boat 0.0010 65 197 117 224
boat 0.0010 33 199 90 223
horse 0.0018 28 51 470 234
sheep 0.0028 81 76 474 246
cow 0.0023 17 66 438 254
chair 0.0013 28 51 470 234
sofa 0.0084 17 66 438 254
diningtable 0.0057 25 95 482 288
