person 0.8980 242 39 496 290
person 0.0119 201 72 384 293
person 0.0083 270 234 352 294
person 0.0031 36 64 466 301
person 0.0022 79 160 133 286
person 0.0012 295 85 368 239
car 0.0076 37 51 469 274
car 0.0031 226 45 367 86
car 0.0015 244 42 301 66
car 0.0011 258 33 374 71
dog 0.9803 87 173 245 294
dog 0.0162 61 151 345 295
dog 0.0068 88 171 165 299
dog 0.0048 299 32 500 298
dog 0.0040 103 224 185 293
dog 0.0033 86 159 123 237
dog 0.0029 79 160 133 286
dog 0.0022 166 170 323 293
dog 0.0014 88 146 257 240
chair 0.1148 229 223 323 295
chair 0.0884 9 204 75 300
chair 0.0271 66 88 294 285
chair 0.0100 288 78 349 214
chair 0.0084 237 59 505 294
chair 0.0058 260 233 341 295
chair 0.0033 229 177 351 295
chair 0.0024 12 100 78 300
chair 0.0021 201 72 384 293
chair 0.0012 293 109 331 215
chair 0.0012 280 110 352 285
chair 0.0010 82 172 214 294
sofa 0.5252 61 75 353 253
sofa 0.0275 201 72 384 293
sofa 0.0234 229 223 323 295
sofa 0.0216 57 60 513 299
sofa 0.0122 61 151 345 295
sofa 0.0079 88 205 239 300
sofa 0.0073 10 193 76 295
sofa 0.0067 80 98 272 217
sofa 0.0050 215 90 363 213
sofa 0.0049 229 177 351 295
sofa 0.0021 287 89 348 231
sofa 0.0017 125 172 274 287
sofa 0.0015 260 233 341 295
sofa 0.0014 88 146 257 240
sofa 0.0012 29 87 258 291
sofa 0.0011 232 118 356 265
