bird 0.0011 186 110 380 252
dog 0.0015 193 112 367 245
dog 0.0012 441 111 499 231
horse 0.0400 439 107 498 219
horse 0.0383 350 106 448 207
horse 0.0338 186 110 380 252
sheep 0.9806 350 109 436 193
sheep 0.9748 441 111 499 231
sheep 0.9657 13 138 208 270
sheep 0.9546 199 118 366 258
sheep 0.0054 495 117 498 144
sheep 0.0049 98 145 231 257
sheep 0.0043 149 130 219 264
sheep 0.0026 491 101 499 163
sheep 0.0025 440 108 500 165
sheep 0.0024 377 110 492 213
sheep 0.0020 460 87 506 257
sheep 0.0018 482 97 501 216
sheep 0.0017 496 109 499 136
sheep 0.0015 9 150 126 260
sheep 0.0011 483 136 501 250
sheep 0.0011 497 109 499 170
sheep 0.0011 495 129 499 249
cow 0.3462 25 140 217 269
cow 0.0265 199 118 366 258
cow 0.0155 350 106 448 207
cow 0.0043 439 107 498 219
