person 0.9788 460 174 486 242
person 0.9508 363 176 387 246
person 0.0799 0 197 8 240
person 0.0582 0 203 7 234
person 0.0294 119 100 158 128
person 0.0213 0 169 6 235
person 0.0210 387 139 397 153
person 0.0128 332 143 349 170
person 0.0123 387 141 397 161
person 0.0117 352 156 369 171
person 0.0099 464 199 483 241
person 0.0098 314 142 348 168
person 0.0090 1 221 7 237
person 0.0087 0 196 6 283
person 0.0086 334 152 345 171
person 0.0079 334 146 347 163
person 0.0054 0 179 2 226
person 0.0050 15 24 361 301
person 0.0048 384 138 398 169
person 0.0046 465 174 483 214
person 0.0042 461 178 477 229
person 0.0040 334 148 369 173
person 0.0033 96 96 158 140
person 0.0030 346 154 359 171
person 0.0025 497 177 499 207
person 0.0023 364 144 376 161
person 0.0022 358 140 379 168
person 0.0020 344 139 377 171
person 0.0020 480 194 487 210
person 0.0020 360 156 374 170
person 0.0017 324 146 358 174
person 0.0016 362 139 376 152
person 0.0015 1 217 3 261
person 0.0014 315 145 329 155
person 0.0014 498 197 499 243
person 0.0013 316 141 329 151
person 0.0012 0 165 1 221
person 0.0011 -1 145 14 247
person 0.0011 369 175 386 210
person 0.0011 333 140 346 151
person 0.0010 494 188 499 213
person 0.0010 474 153 481 159
person 0.0010 497 193 499 228
person 0.0010 353 139 369 151
person 0.0010 370 138 387 169
car 0.0035 33 38 446 309
car 0.0020 301 116 449 241
car 0.0014 1 221 7 237
car 0.0010 494 188 499 213
motorbike 0.0013 0 196 6 283
bus 0.0936 311 118 463 236
bus 0.0029 459 168 487 241
bus 0.0029 473 140 499 220
bus 0.0023 436 155 499 206
bus 0.0013 29 38 339 304
