person 0.6789 366 119 387 143
person 0.4581 204 137 214 152
person 0.3359 258 133 268 146
person 0.3265 220 130 233 150
person 0.2812 232 140 243 152
person 0.2115 236 140 247 153
person 0.2002 172 136 184 152
person 0.1084 252 133 262 145
person 0.0678 181 138 189 152
person 0.0547 277 133 286 148
person 0.0486 270 135 279 146
person 0.0424 194 137 202 152
person 0.0417 306 123 323 154
person 0.0409 115 146 124 152
person 0.0364 267 137 280 152
person 0.0344 370 128 387 142
person 0.0330 308 127 319 148
person 0.0220 208 135 218 148
person 0.0188 298 138 308 153
person 0.0186 250 138 262 153
person 0.0174 157 141 165 150
person 0.0154 289 136 300 153
person 0.0151 163 140 171 151
person 0.0149 227 134 239 148
person 0.0141 124 145 130 152
person 0.0123 313 128 324 148
person 0.0117 107 145 115 151
person 0.0112 297 131 306 147
person 0.0105 290 133 299 147
person 0.0097 238 136 248 146
person 0.0084 313 138 326 154
person 0.0080 116 149 124 159
person 0.0070 306 138 317 154
person 0.0060 169 130 186 152
person 0.0058 209 127 241 153
person 0.0056 108 149 113 159
person 0.0053 368 127 378 142
person 0.0045 133 98 393 207
person 0.0045 309 122 318 140
person 0.0039 255 133 272 154
person 0.0038 294 123 311 154
person 0.0038 58 142 68 150
person 0.0036 22 151 42 162
person 0.0035 97 145 104 149
person 0.0032 309 132 328 156
person 0.0032 52 152 72 160
person 0.0030 66 142 138 173
person 0.0025 65 141 74 149
person 0.0024 206 129 227 152
person 0.0023 285 126 303 154
person 0.0022 14 150 34 163
person 0.0022 327 141 338 154
person 0.0020 314 122 322 140
person 0.0020 1 150 7 164
person 0.0020 263 134 283 153
person 0.0019 247 128 265 152
person 0.0019 34 151 52 160
person 0.0019 89 145 94 150
person 0.0019 154 134 163 148
person 0.0018 248 135 281 154
person 0.0018 39 151 64 160
person 0.0018 30 146 37 152
person 0.0016 165 134 174 148
person 0.0016 274 127 291 153
person 0.0015 12 141 18 150
person 0.0011 224 134 244 156
person 0.0011 9 152 21 163
person 0.0011 199 134 217 155
person 0.0011 368 117 406 144
person 0.0010 37 145 47 152
person 0.0010 323 121 342 153
car 0.9471 71 145 135 172
car 0.8158 14 150 34 163
car 0.2565 33 149 74 161
car 0.1863 22 151 42 162
car 0.1740 39 151 64 160
car 0.1121 34 151 52 160
car 0.0631 52 152 72 160
car 0.0476 9 152 21 163
car 0.0442 39 138 82 160
car 0.0293 1 150 7 164
car 0.0209 64 152 78 161
car 0.0124 43 142 62 152
car 0.0065 37 145 47 152
car 0.0049 12 141 18 150
car 0.0043 2 148 31 167
car 0.0041 2 157 7 171
car 0.0039 72 151 88 159
car 0.0029 18 146 27 152
car 0.0028 36 143 143 168
car 0.0025 92 144 142 168
car 0.0023 2 137 5 158
car 0.0018 58 142 68 150
car 0.0015 7 160 20 167
car 0.0014 30 146 37 152
car 0.0013 65 141 74 149
car 0.0011 0 138 13 175
car 0.0010 87 141 132 158
bus 0.9996 132 88 422 224
bus 0.4887 39 138 82 160
bus 0.0407 66 142 138 173
bus 0.0056 33 149 74 161
bus 0.0050 17 135 70 159
bus 0.0033 33 131 72 151
bus 0.0032 43 142 62 152
bus 0.0030 50 134 57 143
bus 0.0024 41 136 63 160
bus 0.0020 65 141 74 149
bus 0.0012 38 134 46 144
bus 0.0010 1 119 10 177
