person 0.0121 387 316 501 397
person 0.0106 394 140 500 402
person 0.0068 455 333 500 396
person 0.0028 401 349 494 398
person 0.0022 444 279 499 402
person 0.0021 443 93 498 399
person 0.0020 132 93 494 395
person 0.0010 386 254 500 386
person 0.0010 488 91 499 362
person 0.0010 474 62 498 390
car 0.0088 18 -6 482 237
boat 0.0010 18 -6 482 237
dog 0.9643 153 114 421 375
dog 0.0115 69 21 500 389
dog 0.0048 332 53 485 343
dog 0.0027 337 134 473 266
dog 0.0017 106 218 379 390
bottle 0.0014 396 351 470 396
chair 0.0039 14 -16 482 186
chair 0.0031 54 78 461 403
chair 0.0014 402 341 497 395
sofa 0.0204 54 78 461 403
sofa 0.0030 18 -6 482 237
diningtable 0.0914 14 -16 482 186
tvmonitor 0.0013 18 -6 482 237
