car 0.0051 63 75 416 183
car 0.0041 406 186 429 196
car 0.0036 468 190 481 197
car 0.0017 479 190 490 197
car 0.0014 419 185 437 195
car 0.0012 467 193 481 198
car 0.0012 495 187 500 197
car 0.0012 460 190 476 197
car 0.0012 411 194 501 203
car 0.0012 437 187 455 194
car 0.0011 457 194 475 199
car 0.0011 446 194 467 198
car 0.0011 426 184 445 193
aeroplane 0.9946 51 61 424 205
aeroplane 0.0020 12 132 424 205
boat 0.0036 405 178 499 208
boat 0.0014 -7 75 452 223
bird 0.0031 123 57 431 207
sheep 0.0025 123 57 431 207
cow 0.0014 22 53 448 216
sofa 0.0034 -7 75 452 223
