person 0.9974 101 181 199 373
person 0.9942 13 232 48 317
person 0.9847 192 220 223 332
person 0.9428 240 232 278 313
person 0.9342 215 223 239 328
person 0.5945 82 222 114 299
person 0.4095 37 239 56 304
person 0.1085 -1 246 7 303
person 0.1045 89 222 116 268
person 0.0642 0 246 15 301
person 0.0444 38 238 55 272
person 0.0410 227 238 264 318
person 0.0396 212 220 228 252
person 0.0322 219 229 237 262
person 0.0200 214 224 225 244
person 0.0197 83 213 132 342
person 0.0174 0 242 27 314
person 0.0168 223 235 234 253
person 0.0150 0 250 6 279
person 0.0134 191 217 251 337
person 0.0127 -5 156 208 338
person 0.0089 219 227 279 329
person 0.0088 39 237 50 252
person 0.0082 35 235 46 250
person 0.0070 74 161 253 358
person 0.0060 88 206 238 312
person 0.0060 221 237 238 308
person 0.0059 -1 259 5 286
person 0.0046 80 227 137 286
person 0.0045 181 226 205 330
person 0.0043 260 243 279 285
person 0.0034 33 240 49 291
person 0.0034 218 256 245 331
person 0.0032 33 231 43 246
person 0.0029 213 221 224 236
person 0.0029 80 246 111 345
person 0.0028 48 250 216 419
person 0.0027 101 228 111 240
person 0.0025 210 224 219 242
person 0.0024 215 232 231 276
person 0.0022 192 216 221 276
person 0.0021 41 245 52 265
person 0.0020 209 222 217 235
person 0.0020 225 232 232 243
person 0.0019 0 249 5 265
person 0.0019 0 275 18 307
person 0.0018 206 220 223 252
person 0.0018 212 217 239 274
person 0.0018 18 235 39 273
person 0.0017 189 256 201 311
person 0.0017 259 229 278 264
person 0.0016 107 238 119 252
person 0.0015 189 282 202 326
person 0.0014 24 231 36 245
person 0.0014 0 228 62 326
person 0.0014 219 237 226 251
person 0.0013 31 231 47 261
person 0.0012 272 256 279 269
person 0.0011 0 265 3 299
person 0.0010 262 236 274 254
person 0.0010 217 249 228 317
person 0.0010 -4 255 22 329
bicycle 0.9582 62 266 198 418
bicycle 0.0062 228 262 261 323
bicycle 0.0045 238 261 278 325
bicycle 0.0030 105 190 197 393
bicycle 0.0028 193 260 222 331
bicycle 0.0028 189 266 261 327
bicycle 0.0020 218 256 245 331
bicycle 0.0016 231 271 253 318
bicycle 0.0011 0 260 16 305
car 0.0097 99 207 228 356
car 0.0037 241 227 277 306
car 0.0025 189 282 202 326
car 0.0018 191 277 208 329
car 0.0014 227 238 264 318
motorbike 0.1073 228 262 261 323
motorbike 0.0634 238 261 278 325
motorbike 0.0135 231 271 253 318
motorbike 0.0097 218 256 245 331
motorbike 0.0079 193 260 222 331
motorbike 0.0075 233 284 268 317
motorbike 0.0069 218 244 282 312
motorbike 0.0069 189 266 261 327
motorbike 0.0055 247 271 269 315
motorbike 0.0025 62 266 198 418
motorbike 0.0025 0 260 16 305
motorbike 0.0019 233 291 245 314
motorbike 0.0015 262 262 279 304
motorbike 0.0012 215 223 239 328
motorbike 0.0010 234 265 268 302
bus 0.0611 -5 156 208 338
bus 0.0015 6 189 139 304
train 0.0031 -5 156 208 338
