person 0.2145 53 6 464 374
person 0.0304 76 -2 267 165
person 0.0020 96 50 235 164
car 0.0088 132 45 501 381
motorbike 0.0052 48 54 463 380
boat 0.0079 132 45 501 381
cat 0.0012 310 166 497 372
dog 0.9447 128 -4 500 389
dog 0.0071 310 166 497 372
dog 0.0031 175 162 475 368
dog 0.0011 157 41 487 258
horse 0.0075 25 2 408 380
cow 0.1033 48 54 463 380
chair 0.0367 25 2 408 380
chair 0.0023 75 138 504 381
chair 0.0020 62 -15 511 243
chair 0.0016 199 -6 514 390
chair 0.0015 125 143 298 367
chair 0.0013 -7 80 263 365
sofa 0.4702 85 -6 502 327
sofa 0.0108 75 138 504 381
sofa 0.0030 16 4 335 378
sofa 0.0019 125 143 298 367
sofa 0.0014 82 26 266 349
sofa 0.0010 80 3 211 133
diningtable 0.0048 25 2 408 380
tvmonitor 0.0019 120 -4 509 328
