person 0.0010 4 86 20 93
car 0.0098 4 86 20 93
car 0.0024 104 87 119 92
car 0.0020 3 88 7 94
car 0.0020 249 75 256 80
bird 0.5130 324 142 332 149
bird 0.0072 37 89 44 92
bird 0.0041 321 141 331 148
bird 0.0028 165 123 187 152
bird 0.0020 4 85 20 92
bird 0.0013 38 86 44 91
bird 0.0012 320 143 331 152
bird 0.0011 3 88 7 94
dog 0.0017 324 142 332 149
dog 0.0010 165 123 187 152
horse 0.0029 4 86 20 93
horse 0.0028 225 150 297 186
horse 0.0012 104 87 119 92
sheep 0.9416 225 150 297 186
sheep 0.9117 165 121 188 148
sheep 0.5273 225 162 267 191
sheep 0.3668 268 143 300 180
sheep 0.1408 4 86 20 93
sheep 0.0937 37 89 44 92
sheep 0.0673 224 151 243 164
sheep 0.0398 228 147 282 175
sheep 0.0359 105 86 119 92
sheep 0.0305 3 88 7 94
sheep 0.0243 324 142 332 149
sheep 0.0208 224 146 266 164
sheep 0.0205 232 144 296 164
sheep 0.0149 240 169 285 189
sheep 0.0132 224 154 234 164
sheep 0.0095 169 124 185 142
sheep 0.0075 38 86 44 91
sheep 0.0074 255 176 275 188
sheep 0.0067 223 149 245 172
sheep 0.0055 224 158 246 187
sheep 0.0054 279 150 300 184
sheep 0.0045 2 83 8 91
sheep 0.0039 270 145 295 156
sheep 0.0035 29 90 42 94
sheep 0.0030 249 174 263 186
sheep 0.0030 261 178 282 189
sheep 0.0022 232 149 254 159
sheep 0.0019 0 86 48 96
sheep 0.0018 233 152 253 164
sheep 0.0014 111 87 121 92
sheep 0.0013 271 142 296 167
sheep 0.0012 110 85 122 91
sheep 0.0011 266 145 285 155
sheep 0.0011 227 163 241 181
sheep 0.0010 321 141 331 148
sheep 0.0010 0 96 2 113
sheep 0.0010 288 158 298 179
cow 0.0655 225 150 297 186
cow 0.0101 4 85 20 92
cow 0.0093 228 164 278 191
cow 0.0071 105 86 119 92
cow 0.0044 268 143 300 180
cow 0.0024 3 88 7 94
cow 0.0015 165 121 188 148
cow 0.0013 37 89 44 92
