person 0.0365 0 8 6 84
person 0.0358 0 6 19 112
person 0.0208 0 -4 9 59
person 0.0142 0 23 3 51
person 0.0044 3 74 77 198
person 0.0036 1 0 6 32
person 0.0033 0 5 3 49
person 0.0030 0 30 2 79
person 0.0029 0 33 6 115
person 0.0022 1 0 11 19
person 0.0018 42 33 82 81
person 0.0014 -1 50 22 148
person 0.0011 0 -7 13 28
person 0.0010 43 52 81 74
car 0.8336 0 84 64 189
car 0.5645 41 6 171 71
car 0.1016 79 -4 494 327
car 0.0101 0 -4 9 59
car 0.0061 0 23 3 51
car 0.0049 114 8 400 225
car 0.0039 250 12 491 259
car 0.0037 14 163 84 220
car 0.0035 -1 50 22 148
car 0.0023 1 0 11 19
car 0.0023 226 17 243 28
car 0.0021 0 8 6 84
car 0.0020 0 5 3 49
car 0.0019 0 77 61 128
car 0.0014 1 0 6 32
car 0.0013 119 120 294 217
car 0.0012 0 92 25 181
car 0.0012 35 7 107 69
car 0.0011 1 96 8 187
car 0.0011 0 -7 13 28
car 0.0011 0 98 22 128
car 0.0010 1 88 45 117
car 0.0010 5 1 18 12
motorbike 0.0029 46 6 193 72
motorbike 0.0027 0 70 64 178
bus 0.1388 251 2 495 329
bus 0.0741 104 6 473 262
bus 0.0326 46 6 193 72
bus 0.0046 109 4 327 187
bus 0.0012 119 120 294 217
train 0.0214 251 2 495 329
pottedplant 0.0027 29 139 107 215
diningtable 0.0140 79 -4 494 327
