person 0.0532 275 10 286 23
person 0.0220 280 11 289 23
person 0.0061 274 15 283 25
person 0.0052 300 10 311 22
person 0.0019 359 23 371 40
person 0.0013 280 15 291 25
person 0.0010 142 7 150 16
car 0.0637 166 8 182 14
car 0.0283 144 6 183 16
car 0.0218 149 7 175 14
car 0.0207 146 7 161 15
car 0.0165 275 10 286 23
car 0.0079 300 10 311 22
car 0.0055 280 11 289 23
car 0.0055 150 4 173 11
car 0.0043 142 7 150 16
car 0.0040 147 4 163 11
car 0.0038 165 6 181 11
car 0.0022 274 15 283 25
car 0.0017 140 3 150 11
car 0.0013 280 15 291 25
bird 0.0324 80 76 167 181
bird 0.0029 75 142 221 387
dog 0.2619 215 87 322 214
dog 0.0258 80 76 167 181
dog 0.0115 78 187 216 439
dog 0.0030 127 130 241 272
horse 0.0352 80 76 167 181
horse 0.0205 212 84 313 218
horse 0.0071 75 142 221 387
horse 0.0033 127 130 241 272
horse 0.0017 359 23 371 40
sheep 0.9916 210 85 322 233
sheep 0.9877 84 75 166 184
sheep 0.9843 153 126 244 283
sheep 0.9400 81 172 214 400
sheep 0.0055 117 103 165 182
sheep 0.0010 256 101 320 226
cow 0.0535 214 79 319 224
cow 0.0288 81 172 214 400
cow 0.0096 80 76 167 181
cow 0.0016 127 130 241 272
cow 0.0014 359 23 371 40
