person 0.0022 50 64 387 496
bicycle 0.0201 50 64 387 496
bicycle 0.0100 242 -10 373 526
car 0.0019 290 117 358 167
car 0.0012 24 4 346 427
motorbike 0.0020 50 64 387 496
cat 0.9819 38 76 317 484
cat 0.0023 195 18 356 497
dog 0.0600 24 74 296 483
chair 0.2273 239 13 371 535
chair 0.1576 50 64 387 496
chair 0.0010 243 4 377 102
sofa 0.0027 34 78 324 449
sofa 0.0010 242 -10 373 526
pottedplant 0.0087 53 42 389 477
pottedplant 0.0020 -5 74 257 487
diningtable 0.0326 239 13 371 535
diningtable 0.0033 53 42 389 477
