person 0.0212 38 27 429 409
person 0.0025 50 1 405 90
car 0.0019 38 27 429 409
motorbike 0.0023 38 27 429 409
boat 0.0019 38 27 429 409
cat 0.0035 59 59 454 456
dog 0.9940 47 53 411 460
dog 0.0018 95 147 357 417
chair 0.0734 38 27 429 409
chair 0.0134 121 0 430 90
chair 0.0046 108 0 445 177
chair 0.0012 235 114 463 305
chair 0.0011 247 1 432 67
chair 0.0010 -1 121 65 242
sofa 0.1267 51 92 462 463
sofa 0.0013 235 114 463 305
sofa 0.0012 -1 -19 468 290
diningtable 0.0085 38 27 429 409
tvmonitor 0.0018 121 0 430 90
