person 0.9968 217 141 489 333
person 0.6733 19 0 81 115
person 0.0694 235 87 253 122
person 0.0172 227 87 245 123
person 0.0156 25 -9 103 174
person 0.0117 180 97 193 112
person 0.0111 19 3 153 119
person 0.0080 0 83 22 113
person 0.0077 123 92 157 119
person 0.0062 240 94 251 117
person 0.0050 431 70 440 85
person 0.0045 1 39 24 124
person 0.0041 127 82 166 112
person 0.0040 234 145 423 270
person 0.0038 420 81 430 94
person 0.0035 150 229 496 336
person 0.0033 398 115 417 156
person 0.0032 222 78 253 129
person 0.0028 184 100 205 132
person 0.0027 228 94 240 120
person 0.0026 158 101 179 114
person 0.0024 156 97 197 116
person 0.0024 170 100 187 113
person 0.0020 0 74 24 166
person 0.0019 0 58 11 116
person 0.0019 396 90 429 154
person 0.0019 14 28 79 211
person 0.0018 179 96 198 134
person 0.0017 153 101 202 136
person 0.0015 489 69 498 87
person 0.0015 5 74 82 280
person 0.0015 147 80 165 112
person 0.0013 419 83 433 130
person 0.0012 220 89 237 124
person 0.0011 0 39 7 116
person 0.0011 472 68 500 137
person 0.0010 40 20 82 100
person 0.0010 150 82 164 96
person 0.0010 496 99 499 130
bicycle 0.0018 146 159 448 336
car 0.0311 123 98 201 137
car 0.0061 151 107 202 139
motorbike 0.9224 147 198 491 342
motorbike 0.0092 226 132 480 312
motorbike 0.0035 133 150 375 336
motorbike 0.0028 167 282 470 337
motorbike 0.0011 123 85 526 338
motorbike 0.0011 313 242 494 333
boat 0.0113 102 98 193 137
chair 0.0014 5 61 125 287
