person 0.8122 37 155 44 171
person 0.6439 31 155 37 170
person 0.1905 24 155 30 175
person 0.1744 49 158 55 169
person 0.1580 380 148 397 196
person 0.1520 68 162 74 180
person 0.1094 174 165 185 176
person 0.0860 231 176 241 184
person 0.0778 45 160 58 179
person 0.0621 78 161 86 177
person 0.0455 75 156 87 173
person 0.0367 239 175 249 184
person 0.0319 62 162 69 179
person 0.0291 60 157 66 171
person 0.0288 277 163 284 183
person 0.0240 70 158 76 171
person 0.0184 23 162 28 177
person 0.0133 173 160 185 172
person 0.0125 84 164 90 177
person 0.0118 178 165 190 175
person 0.0095 38 153 44 160
person 0.0081 273 165 280 181
person 0.0064 180 161 192 171
person 0.0059 32 152 37 160
person 0.0051 230 171 241 180
person 0.0051 239 170 251 178
person 0.0050 191 161 200 171
person 0.0049 224 173 232 186
person 0.0047 192 166 201 174
person 0.0046 85 159 91 170
person 0.0038 44 150 61 178
person 0.0037 51 151 60 161
person 0.0037 211 164 222 178
person 0.0036 41 163 47 175
person 0.0034 249 167 259 177
person 0.0028 203 166 211 176
person 0.0027 220 168 230 177
person 0.0027 104 136 199 209
person 0.0026 249 175 258 185
person 0.0019 136 164 146 179
person 0.0019 208 160 273 212
person 0.0017 276 147 290 183
person 0.0016 104 184 110 198
person 0.0016 20 148 31 180
person 0.0015 151 166 165 176
person 0.0013 33 152 50 176
person 0.0013 488 196 499 211
person 0.0012 259 167 266 180
person 0.0011 73 155 88 185
person 0.0010 290 167 312 180
bicycle 0.0027 23 162 28 177
car 0.9974 209 167 272 216
car 0.4952 290 167 312 180
car 0.1623 75 156 87 173
car 0.0433 72 151 89 175
car 0.0242 78 161 86 177
car 0.0066 49 158 55 169
car 0.0064 70 158 76 171
car 0.0061 303 167 314 178
car 0.0056 277 165 311 182
car 0.0052 51 151 60 161
car 0.0051 211 164 222 178
car 0.0049 249 167 259 177
car 0.0048 85 159 91 170
car 0.0036 212 160 221 167
car 0.0035 207 163 225 205
car 0.0034 54 151 64 159
car 0.0030 54 150 91 175
car 0.0027 60 157 66 171
car 0.0027 221 157 230 165
car 0.0025 102 132 210 215
car 0.0017 84 164 90 177
car 0.0010 37 155 44 171
car 0.0010 104 184 110 198
bus 0.9971 95 132 208 214
bus 0.0933 72 151 89 175
bus 0.0462 75 156 87 173
bus 0.0065 54 150 91 175
bus 0.0014 54 151 64 159
bus 0.0012 213 153 259 171
bus 0.0010 51 151 60 161
bus 0.0010 208 160 273 212
train 0.0019 101 125 215 208
bird 0.0054 118 29 134 34
bird 0.0018 144 117 149 119
bird 0.0012 122 31 132 36
bird 0.0012 80 67 96 83
pottedplant 0.0779 488 196 499 211
pottedplant 0.0174 445 174 453 185
pottedplant 0.0086 421 171 456 196
pottedplant 0.0072 444 170 452 181
pottedplant 0.0061 487 186 500 215
pottedplant 0.0044 425 178 462 201
pottedplant 0.0030 45 160 58 179
pottedplant 0.0026 404 171 436 194
pottedplant 0.0026 448 175 456 186
pottedplant 0.0022 422 166 434 177
pottedplant 0.0020 482 196 496 211
pottedplant 0.0016 427 176 448 187
pottedplant 0.0016 422 176 435 189
pottedplant 0.0015 491 200 498 214
pottedplant 0.0012 496 173 499 214
