person 0.9987 203 -8 344 361
person 0.1895 194 11 205 28
person 0.0420 458 2 474 31
person 0.0212 181 0 187 14
person 0.0139 459 2 471 22
person 0.0136 211 15 222 29
person 0.0131 99 9 395 364
person 0.0125 440 1 473 31
person 0.0099 195 8 212 30
person 0.0023 176 14 194 27
person 0.0018 196 8 203 16
person 0.0018 200 8 208 16
person 0.0017 158 9 173 28
person 0.0014 173 11 219 29
person 0.0014 193 19 205 29
person 0.0012 450 1 465 15
person 0.0010 199 20 210 30
bicycle 0.0025 194 11 205 28
car 0.0216 176 14 194 27
car 0.0154 399 0 436 22
car 0.0108 170 11 204 29
car 0.0090 404 3 449 32
car 0.0035 406 2 425 13
car 0.0028 194 11 205 28
car 0.0013 166 20 228 36
car 0.0011 392 -4 476 29
car 0.0011 304 9 395 25
motorbike 0.9990 117 108 378 360
motorbike 0.0031 197 11 209 28
motorbike 0.0013 199 2 351 327
bus 0.0012 404 3 449 32
dog 0.0036 199 2 351 327
chair 0.0048 158 9 173 28
chair 0.0032 171 14 189 27
pottedplant 0.0396 211 15 222 29
pottedplant 0.0207 158 9 173 28
pottedplant 0.0124 197 11 209 28
pottedplant 0.0018 154 4 169 30
pottedplant 0.0011 181 0 187 14
