person 0.2785 362 197 367 212
person 0.0821 357 198 361 212
person 0.0292 369 198 373 211
person 0.0189 362 194 368 204
person 0.0064 369 193 373 205
person 0.0037 -11 34 343 450
person 0.0034 356 194 360 205
person 0.0013 13 134 78 192
person 0.0012 88 130 276 207
person 0.0011 49 141 71 173
bicycle 0.0054 148 181 191 211
bicycle 0.0019 145 172 182 203
car 0.0085 362 197 367 212
car 0.0034 369 198 373 211
car 0.0034 -7 16 373 468
car 0.0028 357 198 361 212
car 0.0022 362 194 368 204
car 0.0011 -8 406 376 497
motorbike 0.0043 362 197 367 212
bus 0.9443 -8 14 375 433
bus 0.0029 88 130 276 207
bus 0.0010 36 97 329 339
tvmonitor 0.0020 -8 14 375 433
