person 0.0357 161 110 183 216
person 0.0192 128 111 143 147
person 0.0109 144 108 167 184
person 0.0050 156 116 167 164
person 0.0049 124 113 152 179
person 0.0046 130 110 141 130
person 0.0045 163 111 177 166
person 0.0041 144 102 158 138
person 0.0039 135 111 144 128
person 0.0033 131 113 146 164
person 0.0027 41 103 227 490
person 0.0021 145 101 155 122
person 0.0016 123 124 142 170
person 0.0015 132 104 149 138
person 0.0012 134 114 145 142
bird 0.0041 38 136 230 489
horse 0.0043 41 103 227 490
sheep 0.0010 41 103 227 490
bottle 0.0015 81 99 231 492
diningtable 0.0042 6 80 264 506
