person 0.1566 -5 7 441 370
person 0.0892 306 -3 496 213
person 0.0563 1 4 181 119
person 0.0404 0 6 187 291
person 0.0109 132 0 288 70
person 0.0102 -2 0 273 151
person 0.0055 206 12 448 232
person 0.0018 364 -14 502 313
person 0.0015 194 1 286 39
person 0.0013 69 -7 506 160
person 0.0011 67 8 353 218
person 0.0011 309 34 431 198
person 0.0010 -3 58 132 377
cat 0.0057 -1 41 136 328
cat 0.0018 -5 7 441 370
dog 0.4421 18 3 464 371
dog 0.1151 226 25 427 252
dog 0.0104 313 47 430 231
dog 0.0070 -1 41 136 328
dog 0.0048 318 -1 488 288
dog 0.0035 245 142 400 239
dog 0.0030 134 30 372 241
horse 0.0036 226 25 427 252
horse 0.0027 18 3 464 371
cow 0.0020 18 3 464 371
chair 0.0252 18 3 464 371
chair 0.0197 306 -3 496 213
chair 0.0042 367 -16 501 392
chair 0.0024 206 12 448 232
chair 0.0021 1 24 181 346
sofa 0.3004 18 3 464 371
sofa 0.0298 306 -3 496 213
sofa 0.0124 1 24 181 346
sofa 0.0036 206 12 448 232
sofa 0.0015 367 -16 501 392
diningtable 0.0041 367 -16 501 392
diningtable 0.0036 439 190 500 353
diningtable 0.0014 306 -3 496 213
