person 0.0138 289 245 376 305
person 0.0034 312 244 350 304
person 0.0024 109 225 385 313
person 0.0015 278 348 422 376
person 0.0013 343 254 406 302
train 0.0095 50 196 379 337
train 0.0020 101 261 401 334
bird 0.0020 366 140 499 297
cat 0.9956 183 142 293 200
cat 0.0019 192 134 286 297
dog 0.0046 366 140 499 297
dog 0.0014 180 133 291 200
sheep 0.0039 366 140 499 297
bottle 0.0030 363 193 390 233
chair 0.0086 100 190 328 255
chair 0.0068 301 205 362 230
chair 0.0012 121 344 285 373
sofa 0.0017 50 196 379 337
sofa 0.0016 100 190 328 255
pottedplant 0.0095 367 147 504 359
diningtable 0.0018 31 222 396 363
tvmonitor 0.0012 274 234 395 313
