person 0.0011 199 -7 400 256
boat 0.0013 176 173 370 380
bird 0.0012 123 175 322 381
cat 0.0015 171 161 331 373
dog 0.9947 173 171 330 377
chair 0.0312 117 112 238 235
chair 0.0159 123 175 322 381
chair 0.0012 99 48 251 274
pottedplant 0.9920 232 -4 408 254
pottedplant 0.8928 102 9 249 238
pottedplant 0.5973 117 112 238 235
pottedplant 0.0396 105 4 248 122
pottedplant 0.0171 256 98 388 249
pottedplant 0.0099 225 66 292 175
pottedplant 0.0087 163 1 330 123
pottedplant 0.0071 121 11 376 244
pottedplant 0.0049 111 15 183 116
pottedplant 0.0037 142 21 279 151
pottedplant 0.0035 26 10 164 248
pottedplant 0.0022 190 33 308 149
pottedplant 0.0022 111 83 222 128
pottedplant 0.0017 116 60 209 116
pottedplant 0.0016 274 22 444 310
pottedplant 0.0013 142 69 265 201
pottedplant 0.0012 78 215 140 347
pottedplant 0.0011 229 -7 320 180
pottedplant 0.0011 108 34 179 214
