person 0.9945 414 125 465 245
person 0.9288 443 103 502 359
person 0.0417 477 115 500 156
person 0.0129 470 68 501 331
person 0.0095 3 110 63 168
person 0.0062 484 105 498 289
person 0.0061 417 105 490 321
person 0.0057 488 120 498 184
person 0.0047 493 132 498 154
person 0.0040 493 133 499 211
person 0.0038 492 177 498 190
person 0.0035 475 117 498 192
person 0.0026 493 161 499 261
person 0.0025 451 123 497 190
person 0.0024 496 148 499 176
person 0.0020 433 122 441 131
person 0.0020 495 127 498 141
person 0.0018 496 160 499 187
person 0.0018 444 128 450 136
person 0.0018 2 106 61 252
person 0.0018 495 139 498 168
person 0.0017 5 114 42 153
person 0.0012 453 169 497 197
person 0.0012 484 163 500 343
person 0.0012 29 9 445 412
person 0.0011 250 200 272 301
person 0.0011 492 159 498 225
person 0.0011 427 131 433 138
person 0.0011 491 117 498 134
person 0.0010 494 181 499 200
person 0.0010 187 148 216 209
train 0.9995 7 -9 433 376
train 0.0025 400 95 498 354
train 0.0022 452 111 499 174
bottle 0.0033 451 169 462 176
bottle 0.0010 492 177 498 190
bottle 0.0010 458 175 497 206
