person 0.1011 -5 0 283 377
person 0.0142 -1 0 194 223
person 0.0028 1 6 130 129
person 0.0022 1 0 122 374
person 0.0020 64 7 487 375
bicycle 0.0023 29 46 463 382
car 0.0043 29 46 463 382
motorbike 0.0416 29 46 463 382
boat 0.0364 29 46 463 382
bird 0.0709 34 0 448 386
cat 0.3991 10 7 419 381
dog 0.7947 10 7 419 381
horse 0.0024 6 6 357 378
sheep 0.0015 11 -1 417 319
cow 0.0012 6 6 357 378
chair 0.0092 29 46 463 382
chair 0.0035 -5 0 283 377
sofa 0.0265 11 -1 417 319
pottedplant 0.0039 29 46 463 382
diningtable 0.0027 29 46 463 382
tvmonitor 0.0039 29 46 463 382
