person 0.2817 209 213 227 237
person 0.2607 194 212 211 236
person 0.0469 183 218 193 236
person 0.0329 213 219 224 236
person 0.0232 194 219 203 235
person 0.0172 374 203 386 216
person 0.0157 384 202 396 215
person 0.0126 391 201 403 214
person 0.0096 358 186 378 219
person 0.0092 181 209 196 237
person 0.0067 136 187 146 201
person 0.0062 90 188 98 201
person 0.0051 95 189 104 200
person 0.0045 141 186 151 201
person 0.0040 401 202 411 214
person 0.0039 364 201 376 218
person 0.0034 248 187 259 201
person 0.0033 356 202 367 220
person 0.0026 212 186 224 201
person 0.0021 312 197 328 228
person 0.0021 218 186 229 201
person 0.0021 364 193 375 213
person 0.0020 352 193 370 224
person 0.0020 374 195 385 212
person 0.0018 104 189 113 200
person 0.0018 207 212 229 262
person 0.0015 354 196 387 222
person 0.0013 189 212 222 240
person 0.0012 278 188 289 199
person 0.0011 354 194 367 208
person 0.0010 95 194 103 202
bus 0.9998 74 149 422 273
bird 0.0011 387 55 395 65
pottedplant 0.0058 141 186 151 201
