person 0.2985 17 1 464 380
person 0.0171 243 59 418 315
person 0.0061 0 193 20 315
person 0.0036 277 126 397 249
person 0.0032 0 79 25 390
person 0.0027 280 87 400 197
person 0.0011 -1 0 109 378
person 0.0010 0 239 18 380
cat 0.0258 273 77 397 162
cat 0.0096 289 91 414 193
cat 0.0042 17 1 464 380
dog 0.9692 -9 3 356 380
dog 0.0135 91 63 475 369
dog 0.0065 273 77 397 162
dog 0.0025 296 103 408 171
dog 0.0020 -2 22 273 268
dog 0.0018 243 59 418 315
chair 0.0699 378 57 494 369
chair 0.0650 447 52 499 375
chair 0.0396 11 -2 481 318
chair 0.0126 278 50 450 324
chair 0.0038 226 2 490 372
chair 0.0021 469 82 500 387
chair 0.0018 20 131 455 380
chair 0.0013 0 209 19 373
sofa 0.4667 11 -2 481 318
sofa 0.0034 0 141 439 371
diningtable 0.0016 -13 4 456 310
