person 0.9973 283 140 356 292
person 0.9955 172 26 298 314
person 0.0096 326 55 339 71
person 0.0087 321 159 351 264
person 0.0051 496 80 499 108
person 0.0041 490 58 499 109
person 0.0035 496 63 499 106
person 0.0029 355 96 390 125
person 0.0022 421 85 448 116
person 0.0018 186 44 251 304
person 0.0016 465 54 485 99
person 0.0016 0 169 13 337
person 0.0016 493 56 498 151
person 0.0015 0 315 4 334
person 0.0013 496 57 499 94
person 0.0012 0 269 6 342
person 0.0011 0 300 3 331
person 0.0010 0 67 9 362
car 0.0018 486 52 499 61
car 0.0014 420 83 449 117
car 0.0010 304 136 357 168
bus 0.0013 304 136 357 168
bottle 0.0093 342 323 354 334
bottle 0.0022 238 107 247 116
bottle 0.0020 326 55 339 71
bottle 0.0017 293 163 334 195
bottle 0.0010 332 54 342 70
chair 0.0010 304 136 357 168
pottedplant 0.0860 291 116 337 144
pottedplant 0.0647 355 96 390 125
pottedplant 0.0267 287 115 346 160
pottedplant 0.0246 233 39 294 160
pottedplant 0.0187 301 0 339 18
pottedplant 0.0145 467 118 499 148
pottedplant 0.0082 242 46 284 121
pottedplant 0.0073 16 108 107 177
pottedplant 0.0072 167 31 313 245
pottedplant 0.0050 271 0 335 18
pottedplant 0.0030 259 -3 344 40
pottedplant 0.0029 165 74 187 97
pottedplant 0.0025 224 47 352 143
pottedplant 0.0025 -3 -21 64 219
pottedplant 0.0023 147 99 179 175
pottedplant 0.0023 106 108 179 170
pottedplant 0.0023 263 106 300 138
pottedplant 0.0020 230 135 263 173
pottedplant 0.0018 242 61 306 133
pottedplant 0.0018 272 -1 312 34
pottedplant 0.0014 296 65 337 129
pottedplant 0.0014 239 77 284 156
pottedplant 0.0013 251 106 298 173
pottedplant 0.0013 304 2 340 80
pottedplant 0.0012 154 113 176 153
pottedplant 0.0012 185 43 315 155
pottedplant 0.0012 288 1 338 28
pottedplant 0.0012 253 81 297 153
pottedplant 0.0011 100 107 144 168
pottedplant 0.0010 359 96 380 106
diningtable 0.0014 371 127 484 158
