person 0.1268 -1 0 86 164
person 0.0208 19 -9 478 242
person 0.0172 359 4 497 224
person 0.0091 0 -43 61 280
person 0.0079 9 -3 166 138
person 0.0071 0 -8 103 315
person 0.0026 10 -5 342 152
person 0.0023 7 62 435 381
person 0.0019 7 3 81 77
person 0.0015 1 -27 190 340
person 0.0013 6 -2 117 97
cat 0.9960 0 0 435 320
bottle 0.0038 134 85 184 109
chair 0.0828 23 78 461 375
chair 0.0343 19 -9 478 242
chair 0.0044 0 223 492 373
chair 0.0042 335 0 496 225
sofa 0.3703 23 78 461 375
sofa 0.0401 19 -9 478 242
sofa 0.0175 0 223 492 373
sofa 0.0047 9 281 400 377
sofa 0.0022 359 4 497 224
diningtable 0.0096 23 78 461 375
diningtable 0.0065 9 281 400 377
diningtable 0.0048 0 223 492 373
diningtable 0.0025 326 163 496 379
diningtable 0.0014 19 -9 478 242
