person 0.0063 -2 -29 447 305
person 0.0012 2 11 123 323
car 0.0089 406 6 498 195
car 0.0043 94 -11 477 290
car 0.0012 385 27 501 300
motorbike 0.0054 389 11 502 247
motorbike 0.0012 94 -11 477 290
boat 0.0018 11 49 478 340
dog 0.9533 18 -6 478 337
dog 0.0055 145 9 447 255
dog 0.0022 14 14 254 323
horse 0.0010 -3 -12 370 348
sheep 0.0067 147 -4 486 336
sheep 0.0016 -3 -12 370 348
cow 0.3494 75 -1 487 332
cow 0.0154 389 11 502 247
cow 0.0032 318 17 497 316
cow 0.0014 -4 -12 296 351
chair 0.0016 -2 -29 447 305
sofa 0.0711 11 49 478 340
pottedplant 0.0013 0 233 100 333
