person 0.9949 -1 80 200 374
person 0.9947 140 75 345 367
person 0.9867 311 83 481 363
person 0.0787 71 57 435 388
person 0.0057 154 159 199 189
person 0.0044 42 96 300 358
person 0.0012 150 164 187 194
bottle 0.0027 66 229 93 324
bottle 0.0021 483 273 499 327
bottle 0.0013 398 275 443 365
chair 0.0312 289 259 351 324
chair 0.0230 279 78 477 314
chair 0.0220 306 150 492 366
chair 0.0201 294 241 335 312
chair 0.0105 290 19 497 206
chair 0.0060 285 23 463 115
chair 0.0053 315 64 473 159
chair 0.0048 288 177 348 328
chair 0.0046 296 264 504 366
chair 0.0038 317 220 480 312
chair 0.0036 297 246 367 311
chair 0.0030 0 131 199 371
chair 0.0030 145 74 418 368
chair 0.0028 292 279 338 340
chair 0.0013 293 270 332 305
chair 0.0011 331 280 353 312
chair 0.0010 124 27 461 177
sofa 0.0330 71 57 435 388
sofa 0.0142 11 138 244 368
sofa 0.0135 306 150 492 366
sofa 0.0068 137 149 350 370
sofa 0.0067 -4 223 492 375
sofa 0.0038 305 287 496 368
sofa 0.0026 125 260 369 366
sofa 0.0018 279 78 477 314
sofa 0.0012 317 220 480 312
diningtable 0.7754 305 287 496 368
diningtable 0.0246 292 222 507 362
diningtable 0.0024 105 291 385 371
diningtable 0.0023 385 288 455 369
diningtable 0.0014 -4 223 492 375
