person 0.0083 305 42 315 56
person 0.0016 1 31 11 43
bicycle 0.9831 263 69 408 293
bicycle 0.4491 137 80 384 274
bicycle 0.4011 137 59 267 260
bicycle 0.0538 273 67 387 167
bicycle 0.0170 292 85 379 150
bicycle 0.0072 297 150 407 284
bicycle 0.0065 291 84 417 211
bicycle 0.0050 228 49 292 270
bicycle 0.0043 181 57 332 163
bicycle 0.0040 272 80 366 235
bicycle 0.0038 275 77 362 131
bicycle 0.0038 209 88 276 266
bicycle 0.0030 208 83 368 202
bicycle 0.0029 334 104 413 251
bicycle 0.0026 287 110 385 160
bicycle 0.0026 186 48 259 192
bicycle 0.0021 106 13 460 292
bicycle 0.0014 259 108 276 252
bicycle 0.0014 313 77 395 133
bicycle 0.0011 315 80 359 152
boat 0.0023 259 51 403 271
bird 0.0117 1 31 11 43
bird 0.0035 36 43 43 50
bird 0.0018 285 40 293 52
bottle 0.0429 262 118 279 240
bottle 0.0010 268 146 280 221
