person 0.9991 246 -8 389 342
person 0.0426 452 275 480 361
person 0.0344 164 1 259 41
person 0.0268 104 0 162 14
person 0.0195 90 0 184 40
person 0.0191 316 294 443 361
person 0.0189 418 13 479 61
person 0.0123 370 1 478 87
person 0.0084 113 2 236 39
person 0.0069 463 0 479 118
person 0.0066 427 263 481 364
person 0.0064 211 0 275 43
person 0.0062 422 5 478 113
person 0.0053 380 2 480 47
person 0.0053 469 11 479 62
person 0.0037 123 0 164 35
person 0.0035 0 -1 21 12
person 0.0034 174 1 221 35
person 0.0034 423 306 477 358
person 0.0032 207 1 243 14
person 0.0028 0 -14 22 61
person 0.0027 123 19 165 39
person 0.0026 172 1 221 14
person 0.0024 338 281 495 356
person 0.0024 473 17 479 93
person 0.0023 458 20 479 53
person 0.0021 2 -1 12 13
person 0.0019 0 -1 23 37
person 0.0018 471 50 479 115
person 0.0017 475 18 478 56
person 0.0015 -2 -4 61 45
person 0.0015 457 -12 478 64
person 0.0014 235 0 272 15
person 0.0013 -1 0 47 16
person 0.0012 207 1 247 36
person 0.0012 87 0 228 22
person 0.0011 449 215 480 383
person 0.0011 476 27 479 63
person 0.0010 10 1 157 36
person 0.0010 461 207 479 356
bird 0.0020 66 127 356 336
bird 0.0014 2 25 104 113
cat 0.0136 37 148 320 343
cat 0.0016 452 275 480 361
dog 0.0489 452 275 480 361
dog 0.0265 66 127 356 336
dog 0.0070 432 241 481 361
dog 0.0033 316 294 443 361
dog 0.0026 461 207 479 356
dog 0.0013 338 281 495 356
dog 0.0011 423 306 477 358
dog 0.0011 2 25 104 113
dog 0.0010 452 165 479 397
sheep 0.9836 90 129 365 354
sheep 0.0571 241 69 385 351
sheep 0.0077 70 303 398 359
bottle 0.2464 458 57 474 109
bottle 0.0937 471 50 479 115
bottle 0.0483 432 53 468 110
bottle 0.0223 460 41 478 119
bottle 0.0096 392 59 413 88
bottle 0.0081 476 57 479 108
bottle 0.0076 473 20 479 109
bottle 0.0053 435 63 458 102
bottle 0.0045 473 91 479 114
bottle 0.0042 371 58 392 90
bottle 0.0036 472 74 479 125
bottle 0.0018 476 45 479 83
chair 0.0015 370 1 478 87
diningtable 0.0086 23 305 315 358
