person 0.3321 303 123 324 153
person 0.0314 309 117 329 151
person 0.0203 308 131 320 150
person 0.0164 314 130 324 150
person 0.0117 307 125 320 143
person 0.0107 151 132 164 147
person 0.0064 373 146 385 160
person 0.0062 333 123 350 160
person 0.0058 314 125 325 143
person 0.0057 397 135 414 169
person 0.0051 46 56 511 259
person 0.0050 203 133 214 152
person 0.0049 299 111 331 154
person 0.0046 372 149 386 166
person 0.0045 149 126 169 151
person 0.0040 287 116 323 152
person 0.0039 287 115 303 152
person 0.0030 336 133 347 149
person 0.0029 275 113 289 153
person 0.0028 204 141 213 153
person 0.0027 312 123 350 157
person 0.0027 207 132 218 151
person 0.0026 202 125 217 154
person 0.0025 302 108 323 143
person 0.0023 154 198 164 213
person 0.0022 292 124 311 153
person 0.0020 290 131 301 152
person 0.0020 69 134 79 151
person 0.0019 321 122 340 158
person 0.0018 209 127 217 141
person 0.0018 371 136 390 165
person 0.0017 221 143 231 154
person 0.0016 400 143 411 161
person 0.0014 148 132 157 148
person 0.0014 396 133 406 149
person 0.0014 336 124 347 142
person 0.0013 296 132 306 150
person 0.0013 248 143 261 154
person 0.0013 297 123 306 141
person 0.0012 345 134 356 149
person 0.0012 161 133 172 148
person 0.0012 208 142 219 153
person 0.0011 113 133 127 148
person 0.0010 205 127 213 141
person 0.0010 227 124 242 155
bus 0.9995 28 68 454 254
diningtable 0.0017 14 72 461 287
