person 0.0032 52 158 313 369
person 0.0013 59 44 86 88
person 0.0010 54 39 89 121
cat 0.9809 92 156 341 371
cat 0.0210 55 108 453 353
cat 0.0091 100 176 404 268
cat 0.0050 98 291 180 373
cat 0.0010 145 198 354 324
dog 0.0010 70 126 359 340
bottle 0.8426 369 107 415 208
bottle 0.7073 423 108 466 213
bottle 0.2066 452 114 503 251
bottle 0.0127 346 140 367 191
bottle 0.0086 336 129 373 193
bottle 0.0070 333 122 411 199
bottle 0.0062 470 111 498 211
bottle 0.0048 481 33 498 169
bottle 0.0033 494 44 499 127
bottle 0.0022 493 78 499 154
bottle 0.0019 376 20 447 184
bottle 0.0017 495 102 499 129
bottle 0.0014 398 24 441 103
bottle 0.0011 318 131 355 186
bottle 0.0010 472 -25 496 266
bottle 0.0010 491 108 499 178
chair 0.0496 52 158 313 369
chair 0.0085 131 182 187 239
chair 0.0071 64 237 196 368
chair 0.0048 23 237 101 378
chair 0.0018 16 169 191 369
chair 0.0014 101 182 181 365
chair 0.0011 129 179 191 290
diningtable 0.0011 72 142 514 380
