person 0.1370 39 282 131 336
person 0.0847 1 242 130 334
person 0.0372 0 243 26 333
person 0.0113 4 253 45 332
person 0.0045 7 276 93 337
person 0.0034 0 233 58 341
person 0.0033 192 74 287 121
person 0.0030 171 72 314 178
person 0.0026 484 123 500 163
person 0.0025 182 276 215 335
person 0.0020 452 210 473 246
person 0.0019 238 75 289 96
person 0.0019 184 296 205 333
person 0.0017 0 273 10 339
person 0.0017 1 212 28 295
person 0.0015 484 97 500 260
person 0.0011 1 315 10 334
person 0.0010 97 125 117 178
bus 0.0043 60 -37 465 313
bus 0.0011 484 97 500 260
train 0.9985 84 6 480 333
train 0.0026 127 48 386 286
bottle 0.0157 67 189 80 233
bottle 0.0114 52 189 69 233
bottle 0.0010 53 169 84 232
chair 0.0104 41 231 84 288
chair 0.0046 1 242 130 334
chair 0.0016 0 243 26 333
chair 0.0013 39 282 131 336
