person 0.0125 39 84 293 261
person 0.0063 136 105 267 220
person 0.0052 24 13 472 261
person 0.0028 86 4 265 87
person 0.0018 256 -1 487 86
person 0.0015 182 74 473 257
cat 0.0852 17 45 478 276
cat 0.0013 39 84 293 261
cat 0.0010 256 12 349 70
dog 0.0295 17 45 478 276
dog 0.0019 256 12 349 70
horse 0.0100 17 45 478 276
sheep 0.0061 17 45 478 276
sheep 0.0032 256 12 349 70
cow 0.0275 24 13 472 261
chair 0.0028 24 13 472 261
chair 0.0017 305 -2 494 86
sofa 0.0250 17 45 478 276
pottedplant 0.0023 17 45 478 276
diningtable 0.0011 24 13 472 261
