person 0.9872 224 138 253 204
person 0.2888 131 170 146 215
person 0.2709 134 169 143 177
person 0.2380 125 168 135 177
person 0.1109 328 156 341 167
person 0.0954 141 168 154 176
person 0.0346 31 183 42 195
person 0.0233 123 170 139 213
person 0.0147 101 166 116 175
person 0.0132 115 167 125 175
person 0.0124 137 172 155 215
person 0.0118 103 173 117 213
person 0.0073 209 140 245 206
person 0.0068 84 184 95 196
person 0.0064 284 168 296 179
person 0.0054 223 152 231 172
person 0.0051 108 182 117 203
person 0.0044 109 166 146 217
person 0.0040 134 173 144 189
person 0.0037 97 165 110 177
person 0.0037 2 181 8 199
person 0.0036 6 182 20 196
person 0.0034 95 172 111 212
person 0.0032 134 182 144 202
person 0.0032 122 166 159 218
person 0.0032 127 170 136 191
person 0.0031 224 136 246 175
person 0.0027 200 154 281 201
person 0.0024 303 157 315 170
person 0.0024 200 171 213 212
person 0.0024 99 164 118 203
person 0.0021 201 173 210 194
person 0.0020 68 183 91 195
person 0.0019 113 182 123 201
person 0.0019 110 176 128 211
person 0.0018 303 165 315 178
person 0.0018 113 178 164 207
person 0.0018 300 165 310 178
person 0.0016 259 165 270 178
person 0.0016 64 167 153 210
person 0.0016 104 164 112 170
person 0.0015 3 178 22 192
person 0.0014 151 169 159 177
person 0.0013 258 155 270 174
person 0.0013 127 178 134 203
person 0.0013 27 181 43 192
person 0.0012 107 186 117 212
person 0.0011 15 183 30 195
person 0.0010 255 151 273 179
person 0.0010 98 164 162 179
car 0.3816 67 163 151 205
car 0.0575 98 169 185 214
car 0.0513 62 180 96 198
car 0.0338 274 182 348 208
car 0.0248 64 182 84 195
car 0.0228 1 175 66 192
car 0.0134 98 164 162 179
car 0.0098 0 175 33 194
car 0.0076 61 170 122 196
car 0.0076 186 151 316 234
car 0.0073 -1 180 48 199
car 0.0071 2 174 8 194
car 0.0068 31 183 42 195
car 0.0065 229 134 352 212
car 0.0062 3 178 22 192
car 0.0061 65 178 115 203
car 0.0059 167 171 206 195
car 0.0048 2 181 8 199
car 0.0045 123 179 171 209
car 0.0042 0 178 22 202
car 0.0029 27 181 43 192
car 0.0025 253 173 341 213
car 0.0024 6 182 20 196
car 0.0021 42 173 138 208
car 0.0021 31 181 70 198
car 0.0020 108 177 153 208
car 0.0015 83 165 137 182
car 0.0015 102 168 158 195
car 0.0015 156 139 239 180
car 0.0014 0 176 65 212
car 0.0013 170 176 206 207
car 0.0013 1 164 12 203
car 0.0011 60 186 100 212
car 0.0011 51 159 210 218
car 0.0010 101 166 116 175
car 0.0010 54 175 95 194
motorbike 0.0037 274 182 348 208
bus 0.4686 229 134 352 212
bus 0.0980 186 151 316 234
bus 0.0070 72 166 177 211
bus 0.0029 156 139 239 180
bus 0.0016 110 130 328 194
train 0.0033 243 140 353 206
train 0.0014 186 151 316 234
boat 0.0027 229 134 352 212
boat 0.0018 186 151 316 234
dog 0.0080 194 163 294 258
horse 0.9983 195 167 280 250
horse 0.0526 186 151 316 234
horse 0.0121 253 173 341 213
horse 0.0057 277 187 345 210
horse 0.0038 215 170 301 225
horse 0.0027 72 166 177 211
horse 0.0014 229 134 352 212
