person 0.0387 56 226 61 235
person 0.0190 50 227 59 236
person 0.0116 36 225 48 235
person 0.0098 32 224 40 233
person 0.0090 339 272 347 286
person 0.0079 198 235 203 246
person 0.0072 93 237 101 244
person 0.0069 366 248 374 264
person 0.0057 87 238 99 246
person 0.0036 346 251 357 264
person 0.0033 249 226 257 234
person 0.0029 61 241 75 252
person 0.0024 365 261 372 275
person 0.0023 259 214 266 221
person 0.0022 350 250 366 265
person 0.0020 119 223 135 232
person 0.0019 470 198 475 205
person 0.0018 81 240 98 250
person 0.0017 327 253 335 265
person 0.0016 73 244 95 255
person 0.0016 93 240 101 248
person 0.0012 112 221 131 232
person 0.0011 337 274 346 290
person 0.0011 151 281 165 328
person 0.0010 352 245 365 257
person 0.0010 325 259 334 272
car 0.4216 57 240 73 252
car 0.2225 66 249 94 260
car 0.1469 81 240 98 250
car 0.1118 73 244 95 255
car 0.0680 112 221 131 232
car 0.0664 36 231 53 241
car 0.0439 64 242 98 258
car 0.0428 87 238 99 246
car 0.0385 198 236 215 247
car 0.0236 119 223 135 232
car 0.0211 228 266 243 275
car 0.0151 56 236 71 245
car 0.0134 464 300 499 332
car 0.0122 43 230 60 240
car 0.0085 36 225 48 235
car 0.0081 197 230 239 249
car 0.0060 345 246 370 271
car 0.0053 67 251 83 261
car 0.0053 93 237 101 244
car 0.0038 50 227 59 236
car 0.0033 13 146 483 278
car 0.0033 215 233 238 246
car 0.0025 226 233 241 244
car 0.0025 173 271 185 278
car 0.0024 34 229 71 243
car 0.0023 175 270 194 278
car 0.0022 0 191 25 202
car 0.0020 93 240 101 248
car 0.0020 20 279 45 288
car 0.0019 213 238 238 250
car 0.0017 32 224 40 233
car 0.0014 63 237 74 245
car 0.0013 331 252 370 279
car 0.0012 207 239 223 250
car 0.0010 463 317 484 332
aeroplane 0.9912 57 149 448 275
aeroplane 0.1041 0 179 33 202
aeroplane 0.0491 269 183 299 191
aeroplane 0.0173 1 169 41 196
aeroplane 0.0148 252 182 297 193
aeroplane 0.0095 271 180 296 188
aeroplane 0.0089 0 191 25 202
aeroplane 0.0075 50 174 94 192
aeroplane 0.0074 50 184 77 191
aeroplane 0.0073 3 180 61 200
aeroplane 0.0067 224 189 250 193
aeroplane 0.0066 48 182 97 195
aeroplane 0.0056 0 151 32 208
aeroplane 0.0056 1 184 26 198
aeroplane 0.0054 263 176 300 191
aeroplane 0.0045 103 178 155 189
aeroplane 0.0045 102 183 155 193
aeroplane 0.0035 26 184 79 197
aeroplane 0.0035 4 175 25 188
aeroplane 0.0033 0 183 9 198
aeroplane 0.0032 233 188 252 193
aeroplane 0.0031 269 182 315 193
aeroplane 0.0030 1 193 8 202
aeroplane 0.0029 52 179 77 189
aeroplane 0.0028 199 161 321 194
aeroplane 0.0027 100 180 122 187
aeroplane 0.0024 -1 160 62 204
aeroplane 0.0024 0 188 44 204
aeroplane 0.0024 74 184 147 195
aeroplane 0.0019 124 179 151 187
aeroplane 0.0019 32 188 53 196
aeroplane 0.0018 -4 174 101 208
aeroplane 0.0018 105 187 134 193
aeroplane 0.0017 31 193 52 200
aeroplane 0.0017 116 180 144 186
aeroplane 0.0016 217 189 236 193
aeroplane 0.0016 99 185 124 193
aeroplane 0.0014 0 173 6 191
aeroplane 0.0014 25 175 79 190
aeroplane 0.0014 115 187 145 192
aeroplane 0.0013 0 173 14 206
aeroplane 0.0012 266 180 285 186
aeroplane 0.0011 45 193 101 204
aeroplane 0.0011 70 177 130 189
aeroplane 0.0011 151 186 171 194
aeroplane 0.0011 178 186 199 191
aeroplane 0.0011 61 175 81 188
aeroplane 0.0011 185 186 205 191
aeroplane 0.0010 217 168 339 210
aeroplane 0.0010 24 186 42 196
bus 0.0051 66 249 94 260
bus 0.0040 112 221 131 232
bus 0.0037 81 240 98 250
bus 0.0028 197 230 239 249
bus 0.0026 57 240 73 252
bus 0.0025 36 231 53 241
bus 0.0020 64 242 98 258
train 0.0026 415 207 497 261
