person 0.0025 142 164 303 279
person 0.0014 235 224 255 257
car 0.0039 75 160 497 367
car 0.0023 143 117 343 290
motorbike 0.9568 162 150 327 286
motorbike 0.1515 87 169 420 358
motorbike 0.0242 160 210 248 270
motorbike 0.0043 188 245 244 271
motorbike 0.0042 44 129 316 320
motorbike 0.0030 234 234 254 263
motorbike 0.0016 239 240 250 258
motorbike 0.0012 203 233 246 269
motorbike 0.0011 89 178 271 273
motorbike 0.0011 61 19 510 369
aeroplane 0.0012 77 214 503 376
boat 0.0011 77 214 503 376
dog 0.0079 162 150 327 286
cow 0.0014 162 150 327 286
