person 0.9105 352 189 368 237
person 0.5683 304 188 317 211
person 0.4678 289 191 312 234
person 0.3718 311 203 334 237
person 0.3682 321 202 344 236
person 0.3052 240 92 245 101
person 0.2482 152 90 162 102
person 0.2190 302 189 319 232
person 0.0569 163 110 173 121
person 0.0441 143 118 153 128
person 0.0411 154 95 164 110
person 0.0404 170 110 180 121
person 0.0385 460 92 470 102
person 0.0385 147 89 158 104
person 0.0298 135 118 145 128
person 0.0297 159 116 172 127
person 0.0283 142 121 158 167
person 0.0242 70 95 75 98
person 0.0239 443 97 453 106
person 0.0234 306 189 316 200
person 0.0230 316 192 330 209
person 0.0222 155 118 165 127
person 0.0222 449 98 462 106
person 0.0212 305 198 340 228
person 0.0206 293 190 314 215
person 0.0197 324 204 339 218
person 0.0195 297 192 309 209
person 0.0192 315 204 329 217
person 0.0192 170 116 185 127
person 0.0151 442 93 453 102
person 0.0146 155 109 165 121
person 0.0140 160 99 168 110
person 0.0132 38 94 44 97
person 0.0118 459 97 470 106
person 0.0113 310 191 332 212
person 0.0104 161 94 167 103
person 0.0100 433 98 443 106
person 0.0095 448 93 465 101
person 0.0095 139 119 156 148
person 0.0090 324 194 335 207
person 0.0089 299 189 334 235
person 0.0085 142 122 154 141
person 0.0082 142 88 159 118
person 0.0080 149 91 165 118
person 0.0074 112 87 121 97
person 0.0074 113 86 120 93
person 0.0072 144 112 153 121
person 0.0071 307 202 318 217
person 0.0069 471 92 479 100
person 0.0057 282 193 348 238
person 0.0057 109 92 116 100
person 0.0053 296 190 329 213
person 0.0051 341 221 353 235
person 0.0050 343 190 363 236
person 0.0049 286 137 321 167
person 0.0046 146 93 157 112
person 0.0045 180 118 190 128
person 0.0044 327 196 350 232
person 0.0044 289 191 301 210
person 0.0044 84 202 98 221
person 0.0042 135 122 146 141
person 0.0039 31 94 40 97
person 0.0036 322 91 335 101
person 0.0032 335 213 348 230
person 0.0031 183 110 191 122
person 0.0031 325 211 339 229
person 0.0031 136 112 145 121
person 0.0030 339 204 359 235
person 0.0030 356 95 362 101
person 0.0029 175 104 181 110
person 0.0026 287 189 305 217
person 0.0026 157 102 176 127
person 0.0026 300 190 309 199
person 0.0026 429 94 443 102
person 0.0025 315 212 330 228
person 0.0025 133 93 140 103
person 0.0025 325 83 338 91
person 0.0024 358 188 373 236
person 0.0024 387 93 394 98
person 0.0022 421 94 438 103
person 0.0021 132 96 141 110
person 0.0019 320 191 340 214
person 0.0018 305 210 318 229
person 0.0018 89 149 108 174
person 0.0017 312 191 353 236
person 0.0017 315 94 330 102
person 0.0016 181 137 194 150
person 0.0016 318 190 328 199
person 0.0016 145 137 155 165
person 0.0016 88 150 100 171
person 0.0016 130 93 136 103
person 0.0016 451 86 462 93
person 0.0015 151 124 163 141
person 0.0013 167 112 187 135
person 0.0013 157 111 177 136
person 0.0013 357 194 365 210
person 0.0012 343 215 355 228
person 0.0012 105 98 114 108
person 0.0011 132 119 151 144
person 0.0011 192 110 200 121
car 0.0159 421 94 438 103
car 0.0054 448 93 465 101
car 0.0042 449 98 462 106
car 0.0025 433 98 443 106
car 0.0022 460 92 470 102
car 0.0015 443 97 453 106
car 0.0012 459 97 470 106
car 0.0011 442 93 453 102
car 0.0011 445 88 488 103
car 0.0010 429 94 443 102
motorbike 0.0089 305 204 341 235
motorbike 0.0045 282 193 348 238
aeroplane 0.0305 48 60 318 242
aeroplane 0.0047 62 99 297 196
aeroplane 0.0045 247 1 254 4
aeroplane 0.0039 55 101 209 177
boat 0.9611 48 60 318 242
boat 0.2200 62 99 297 196
boat 0.1066 70 95 75 98
boat 0.0472 38 94 44 97
boat 0.0301 290 88 293 90
boat 0.0239 31 94 40 97
boat 0.0235 315 94 330 102
boat 0.0224 55 101 209 177
boat 0.0199 325 83 338 91
boat 0.0119 421 94 438 103
boat 0.0082 448 93 465 101
boat 0.0080 64 73 282 163
boat 0.0070 120 117 207 168
boat 0.0061 216 96 222 100
boat 0.0052 315 98 330 103
boat 0.0047 290 90 295 93
boat 0.0041 57 95 68 98
boat 0.0036 240 92 245 101
boat 0.0035 48 95 58 98
boat 0.0026 18 95 31 98
boat 0.0019 4 95 7 99
boat 0.0019 439 89 475 105
boat 0.0018 449 98 462 106
boat 0.0017 197 81 203 83
boat 0.0016 52 82 195 119
boat 0.0015 220 95 226 100
boat 0.0015 9 95 15 98
boat 0.0013 275 82 279 85
boat 0.0012 460 92 470 102
boat 0.0012 312 86 351 103
boat 0.0011 200 81 207 84
boat 0.0010 113 86 120 93
bird 0.1347 247 1 254 4
bird 0.0427 325 83 338 91
bird 0.0244 246 1 251 4
bird 0.0102 248 2 254 6
bird 0.0066 290 88 293 90
bird 0.0039 476 254 490 265
bird 0.0033 166 18 173 23
bird 0.0028 240 92 245 101
bird 0.0027 246 3 251 6
dog 0.0054 341 221 353 235
dog 0.0050 321 203 356 235
dog 0.0037 352 193 367 240
dog 0.0010 315 222 330 235
horse 0.0044 352 193 367 240
horse 0.0010 449 98 462 106
chair 0.0836 421 97 437 104
chair 0.0310 305 204 341 235
chair 0.0270 433 98 443 106
chair 0.0186 449 98 462 106
chair 0.0177 459 97 470 106
chair 0.0153 443 97 453 106
chair 0.0151 448 93 465 101
chair 0.0110 460 92 470 102
chair 0.0088 321 202 344 236
chair 0.0074 288 197 312 236
chair 0.0040 442 93 453 102
chair 0.0038 471 92 479 100
chair 0.0035 282 193 348 238
chair 0.0034 315 222 330 235
chair 0.0032 472 98 480 105
chair 0.0028 303 200 324 236
chair 0.0025 367 102 375 108
chair 0.0019 387 93 394 98
chair 0.0017 439 94 473 108
chair 0.0017 429 94 443 102
chair 0.0014 384 101 395 106
chair 0.0014 305 210 318 229
chair 0.0012 306 220 320 234
chair 0.0012 481 100 489 106
chair 0.0012 372 101 387 107
chair 0.0012 325 211 339 229
chair 0.0011 415 102 422 106
chair 0.0011 315 212 330 228
chair 0.0011 312 215 333 238
diningtable 0.0052 421 97 437 104
diningtable 0.0043 448 93 465 101
diningtable 0.0027 449 98 462 106
diningtable 0.0016 433 98 443 106
diningtable 0.0014 460 92 470 102
diningtable 0.0012 443 97 453 106
