person 0.0016 81 21 473 343
bicycle 0.0020 42 0 441 322
car 0.0039 42 0 441 322
motorbike 0.0017 40 78 441 351
cat 0.9372 59 67 376 297
cat 0.0025 169 112 420 320
chair 0.3568 42 0 441 322
chair 0.0028 336 -9 480 369
chair 0.0026 168 88 411 297
chair 0.0018 268 30 458 336
chair 0.0013 379 304 406 371
sofa 0.0989 -7 22 376 335
pottedplant 0.0084 -8 -12 376 323
diningtable 0.2836 40 78 441 351
diningtable 0.0117 9 226 339 375
diningtable 0.0062 336 -9 480 369
diningtable 0.0060 47 297 378 372
diningtable 0.0025 -6 -4 122 233
diningtable 0.0018 268 30 458 336
diningtable 0.0014 -18 9 306 354
tvmonitor 0.0011 -8 -12 376 323
