person 0.2327 29 283 35 300
person 0.0140 19 287 30 302
person 0.0093 3 285 21 303
person 0.0085 430 266 439 276
person 0.0078 37 293 47 303
person 0.0036 2 286 11 303
person 0.0031 422 265 435 276
person 0.0019 49 283 55 293
person 0.0019 48 292 62 304
person 0.0017 353 277 361 287
person 0.0016 350 280 358 288
person 0.0015 493 259 499 279
person 0.0012 25 283 40 305
person 0.0012 403 265 430 278
person 0.0010 495 271 499 281
car 0.0638 403 265 430 278
car 0.0497 30 99 441 305
car 0.0163 1 285 45 303
car 0.0126 403 266 418 277
car 0.0043 3 285 21 303
car 0.0037 2 286 11 303
car 0.0030 48 292 62 304
car 0.0019 404 261 447 278
car 0.0019 493 247 498 270
car 0.0018 493 259 499 279
car 0.0017 422 265 435 276
car 0.0017 37 293 47 303
car 0.0013 374 272 384 277
car 0.0011 488 239 499 280
motorbike 0.0114 30 99 441 305
aeroplane 0.9986 10 118 429 311
aeroplane 0.0125 0 241 90 297
aeroplane 0.0081 396 239 500 276
aeroplane 0.0067 3 196 84 307
aeroplane 0.0024 457 221 500 243
aeroplane 0.0024 473 187 497 286
aeroplane 0.0021 456 177 500 253
aeroplane 0.0018 13 218 176 305
aeroplane 0.0016 3 217 44 295
aeroplane 0.0013 1 280 63 302
aeroplane 0.0013 463 227 501 250
aeroplane 0.0011 393 221 503 258
bus 0.0128 404 261 447 278
bus 0.0093 403 265 430 278
bus 0.0010 396 239 500 276
sheep 0.0017 22 127 417 309
