person 0.2954 482 102 500 251
person 0.2151 1 133 22 174
person 0.1200 0 132 6 151
person 0.0508 350 112 367 128
person 0.0344 489 117 499 205
person 0.0305 5 135 17 149
person 0.0295 345 109 376 132
person 0.0266 1 135 5 167
person 0.0199 26 133 39 151
person 0.0184 486 117 499 167
person 0.0162 470 76 502 274
person 0.0137 18 136 34 151
person 0.0132 0 128 5 140
person 0.0132 454 113 466 132
person 0.0109 0 127 11 160
person 0.0108 344 111 361 128
person 0.0081 28 130 37 141
person 0.0074 10 77 292 301
person 0.0068 492 130 498 230
person 0.0066 3 130 21 157
person 0.0060 8 141 20 159
person 0.0057 489 121 499 142
person 0.0051 0 142 15 179
person 0.0044 259 112 273 129
person 0.0041 35 136 44 148
person 0.0038 491 113 498 133
person 0.0030 21 132 42 154
person 0.0030 486 104 499 144
person 0.0026 20 130 31 141
person 0.0022 264 112 277 128
person 0.0019 392 116 405 130
person 0.0018 1 147 7 178
person 0.0017 335 104 368 127
person 0.0016 482 55 498 184
person 0.0013 7 130 16 141
person 0.0013 323 110 361 131
person 0.0013 480 127 493 141
person 0.0012 18 142 30 158
person 0.0011 478 115 499 149
person 0.0010 283 111 320 130
bicycle 0.1711 0 140 22 180
bicycle 0.0382 1 147 7 178
bicycle 0.0301 4 129 41 181
bicycle 0.0274 26 133 39 151
bicycle 0.0177 21 132 42 154
bicycle 0.0130 0 149 14 187
bicycle 0.0112 18 142 30 158
bicycle 0.0085 14 136 34 166
bicycle 0.0077 18 136 34 151
bicycle 0.0062 35 136 44 148
bicycle 0.0058 11 141 31 178
bicycle 0.0047 0 136 32 170
bicycle 0.0044 1 132 12 175
bicycle 0.0032 6 151 19 172
bicycle 0.0021 24 140 38 156
bicycle 0.0017 1 135 5 167
car 0.9579 232 99 444 227
car 0.2893 348 105 479 211
car 0.0541 367 109 490 164
car 0.0319 5 76 323 300
car 0.0294 486 114 500 151
car 0.0176 487 113 499 192
car 0.0149 483 90 499 227
car 0.0144 489 121 499 142
car 0.0132 241 97 485 166
car 0.0090 491 113 498 133
car 0.0085 479 129 498 172
car 0.0058 490 130 498 151
car 0.0057 0 128 5 140
car 0.0055 0 132 6 151
car 0.0054 362 104 470 141
car 0.0030 491 120 499 221
car 0.0027 1 132 12 175
car 0.0026 480 133 493 147
car 0.0022 480 127 493 141
car 0.0021 494 104 499 126
car 0.0020 489 84 499 143
car 0.0011 1 135 5 167
car 0.0010 462 130 494 219
motorbike 0.2785 0 140 22 180
motorbike 0.0717 4 129 41 181
motorbike 0.0350 1 132 12 175
motorbike 0.0211 0 136 32 170
motorbike 0.0195 1 147 7 178
motorbike 0.0141 26 133 39 151
motorbike 0.0130 21 132 42 154
motorbike 0.0099 14 136 34 166
motorbike 0.0083 18 142 30 158
motorbike 0.0066 18 136 34 151
motorbike 0.0059 1 135 5 167
motorbike 0.0050 0 132 6 151
motorbike 0.0042 0 149 14 187
motorbike 0.0027 35 136 44 148
motorbike 0.0024 11 141 31 178
motorbike 0.0022 481 110 500 270
motorbike 0.0020 6 151 19 172
motorbike 0.0018 0 131 32 155
motorbike 0.0015 5 135 17 149
motorbike 0.0010 0 127 11 160
bus 0.0033 368 105 486 201
bus 0.0026 10 77 292 301
bus 0.0017 482 102 500 251
train 0.0015 10 77 292 301
boat 0.0128 368 105 486 201
horse 0.0017 368 105 486 201
sofa 0.0010 10 77 292 301
