person 0.1727 319 185 492 282
person 0.0972 298 131 500 332
person 0.0068 289 212 474 370
person 0.0038 173 68 182 80
person 0.0032 220 118 231 130
person 0.0025 219 69 234 89
person 0.0023 181 68 189 80
person 0.0018 346 224 451 279
person 0.0015 5 193 96 327
person 0.0013 174 117 186 135
person 0.0011 317 154 499 245
bicycle 0.0036 12 200 114 347
bottle 0.0090 496 215 499 245
bottle 0.0062 476 194 497 279
bottle 0.0058 478 238 498 268
bottle 0.0052 492 205 499 275
bottle 0.0026 497 225 499 253
bottle 0.0021 493 190 499 252
bottle 0.0016 497 202 499 243
bottle 0.0012 371 210 380 225
bottle 0.0010 494 243 499 273
chair 0.9898 0 209 120 345
chair 0.3949 308 233 478 367
chair 0.0217 318 210 486 313
chair 0.0118 1 216 60 336
chair 0.0025 160 210 286 309
chair 0.0024 10 222 86 289
chair 0.0017 368 187 499 281
chair 0.0017 3 183 118 281
chair 0.0013 313 282 443 370
chair 0.0010 2 221 50 287
sofa 0.8605 301 213 489 368
sofa 0.0235 0 216 118 356
sofa 0.0141 314 279 472 374
sofa 0.0104 319 185 492 282
sofa 0.0062 382 210 499 305
sofa 0.0029 298 131 500 332
pottedplant 0.0041 476 194 497 279
pottedplant 0.0035 492 205 499 275
pottedplant 0.0024 486 233 498 270
pottedplant 0.0014 208 215 244 230
pottedplant 0.0010 0 201 3 219
diningtable 0.2022 160 210 286 309
diningtable 0.0410 156 216 284 247
diningtable 0.0082 434 255 499 321
diningtable 0.0028 436 246 496 374
diningtable 0.0018 0 216 118 356
diningtable 0.0015 190 219 243 242
diningtable 0.0011 275 241 369 276
tvmonitor 0.9974 75 158 135 219
tvmonitor 0.0055 162 170 248 227
tvmonitor 0.0021 73 161 105 219
tvmonitor 0.0012 476 194 497 279
