person 0.0113 3 258 131 367
person 0.0026 425 176 499 377
chair 0.9947 277 131 342 209
chair 0.9911 373 154 456 234
chair 0.1869 416 197 500 381
chair 0.0421 81 157 281 284
chair 0.0288 3 258 131 367
chair 0.0274 0 164 92 299
chair 0.0245 1 206 24 302
chair 0.0096 481 115 499 244
chair 0.0065 0 219 7 300
chair 0.0059 2 193 62 309
chair 0.0057 491 166 499 238
chair 0.0046 206 140 367 210
chair 0.0021 480 157 498 271
chair 0.0021 0 225 5 329
chair 0.0019 0 242 2 296
chair 0.0019 494 179 499 281
chair 0.0017 0 161 22 276
chair 0.0016 100 136 378 297
chair 0.0016 5 213 85 286
chair 0.0011 496 184 499 218
chair 0.0010 493 183 500 198
sofa 0.9685 74 144 321 287
sofa 0.9348 415 181 501 372
sofa 0.4552 3 258 131 367
sofa 0.0192 364 146 458 242
sofa 0.0159 272 139 339 193
sofa 0.0116 480 136 498 257
sofa 0.0090 160 142 328 224
sofa 0.0048 435 147 497 327
sofa 0.0031 491 166 499 238
sofa 0.0020 206 140 367 210
sofa 0.0018 482 166 498 343
sofa 0.0018 435 179 498 250
sofa 0.0017 0 164 92 299
sofa 0.0012 78 177 211 289
sofa 0.0012 481 113 501 206
sofa 0.0011 -5 321 140 371
sofa 0.0010 1 206 24 302
pottedplant 0.8898 4 160 83 225
pottedplant 0.3623 0 164 92 299
pottedplant 0.0128 0 192 15 230
pottedplant 0.0075 0 176 22 299
pottedplant 0.0071 0 193 10 214
pottedplant 0.0066 412 75 449 159
pottedplant 0.0059 48 204 86 273
pottedplant 0.0046 1 198 9 220
pottedplant 0.0041 0 153 23 244
pottedplant 0.0039 9 208 88 270
pottedplant 0.0039 0 194 32 225
pottedplant 0.0030 481 89 500 193
pottedplant 0.0027 60 136 314 272
pottedplant 0.0027 2 193 62 309
pottedplant 0.0027 3 258 131 367
pottedplant 0.0016 487 130 499 194
pottedplant 0.0014 0 188 23 218
pottedplant 0.0013 45 163 84 228
pottedplant 0.0011 343 56 468 163
diningtable 0.0971 236 207 395 309
diningtable 0.0337 4 283 132 369
diningtable 0.0026 0 164 92 299
diningtable 0.0022 491 166 499 238
diningtable 0.0018 1 206 24 302
diningtable 0.0015 493 183 500 198
diningtable 0.0010 494 176 500 192
