bird 0.0053 181 90 237 120
bird 0.0011 154 107 224 149
bird 0.0010 182 101 233 129
cat 0.0019 122 151 180 241
cat 0.0013 199 135 322 287
dog 0.0474 123 147 179 244
dog 0.0064 199 135 322 287
dog 0.0014 10 96 100 153
dog 0.0011 154 107 224 149
dog 0.0010 182 87 234 113
horse 0.0058 122 151 180 241
horse 0.0014 154 107 224 149
sheep 0.9916 18 97 100 155
sheep 0.9916 223 139 320 281
sheep 0.9300 175 160 234 262
sheep 0.9017 125 149 186 242
sheep 0.8645 154 112 224 154
sheep 0.6209 182 87 234 113
sheep 0.0917 172 89 239 126
sheep 0.0454 190 101 239 129
sheep 0.0117 180 93 248 141
sheep 0.0110 156 120 202 148
sheep 0.0056 179 108 230 139
sheep 0.0040 468 0 499 23
sheep 0.0034 178 91 219 118
sheep 0.0025 141 6 152 17
sheep 0.0023 212 18 222 28
sheep 0.0021 149 141 254 259
sheep 0.0017 136 160 229 236
sheep 0.0014 165 154 230 207
cow 0.0756 122 151 180 241
cow 0.0434 199 135 322 287
cow 0.0133 175 160 234 262
cow 0.0096 10 96 100 153
cow 0.0055 154 107 224 149
cow 0.0019 182 87 234 113
chair 0.0021 220 124 326 284
