person 0.9168 21 69 481 366
person 0.3980 30 6 474 223
person 0.0414 322 6 500 207
person 0.0133 348 112 467 209
person 0.0130 30 70 311 286
person 0.0046 372 7 500 83
person 0.0043 366 18 503 347
person 0.0043 195 149 374 234
person 0.0035 295 139 445 227
person 0.0035 91 94 261 193
person 0.0031 307 110 430 203
person 0.0020 146 169 353 276
person 0.0019 -26 9 294 363
person 0.0018 131 131 296 239
person 0.0014 174 98 309 196
person 0.0014 208 -10 523 382
person 0.0012 110 131 389 317
person 0.0010 268 65 481 305
bird 0.0010 348 130 466 222
cat 0.0307 21 69 481 366
cat 0.0146 178 142 326 239
cat 0.0063 79 86 343 279
cat 0.0054 146 97 288 192
cat 0.0043 348 130 466 222
cat 0.0014 146 169 353 276
dog 0.0104 21 69 481 366
dog 0.0021 178 142 326 239
chair 0.0207 40 7 507 363
chair 0.0079 366 18 503 347
sofa 0.5264 53 -9 500 327
sofa 0.0190 119 0 443 200
sofa 0.0186 366 18 503 347
sofa 0.0023 19 141 481 370
sofa 0.0017 -26 9 294 363
sofa 0.0015 34 46 310 261
sofa 0.0011 320 3 501 167
diningtable 0.0025 366 18 503 347
diningtable 0.0014 378 254 496 369
