person 0.0127 5 59 448 363
person 0.0040 42 57 84 116
person 0.0028 45 61 65 92
person 0.0015 129 8 512 312
bicycle 0.9978 26 20 484 351
bicycle 0.0592 12 68 81 126
bicycle 0.0481 35 89 74 123
bicycle 0.0194 37 59 95 114
bicycle 0.0049 1 42 29 127
bicycle 0.0046 4 58 130 163
bicycle 0.0037 38 69 126 125
bicycle 0.0031 43 63 65 107
bicycle 0.0024 50 93 73 120
bicycle 0.0023 45 92 96 119
bicycle 0.0016 -5 105 71 126
bicycle 0.0013 43 82 98 111
bicycle 0.0010 0 52 64 124
car 0.0016 17 12 433 310
motorbike 0.0070 37 59 95 114
motorbike 0.0055 12 68 81 126
bus 0.0059 17 12 433 310
train 0.0106 17 12 433 310
boat 0.0087 41 13 470 315
bird 0.0025 37 59 95 114
horse 0.0014 37 59 95 114
horse 0.0010 34 62 482 361
bottle 0.0109 185 109 216 174
bottle 0.0033 167 112 202 172
bottle 0.0012 151 128 213 183
chair 0.0253 52 15 505 308
chair 0.0032 37 59 95 114
sofa 0.0034 106 22 528 335
diningtable 0.0030 52 15 505 308
