person 0.0085 454 57 499 261
person 0.0018 11 -1 357 367
person 0.0012 473 -54 498 255
aeroplane 0.0012 72 -7 401 331
bird 0.9989 81 8 357 356
bird 0.2217 455 100 499 258
bird 0.0052 467 9 499 271
bird 0.0022 475 73 498 247
bird 0.0013 469 156 499 268
cat 0.0441 455 100 499 258
dog 0.0943 455 100 499 258
dog 0.0035 467 79 499 351
dog 0.0012 75 34 365 387
horse 0.0164 455 100 499 258
horse 0.0020 467 9 499 271
sheep 0.0043 455 100 499 258
cow 0.0307 455 100 499 258
cow 0.0010 467 79 499 351
chair 0.0011 11 -1 357 367
pottedplant 0.0015 11 -1 357 367
diningtable 0.0020 9 -10 354 333
