person 0.9786 155 107 352 365
person 0.7338 3 165 245 375
person 0.0338 43 92 451 372
person 0.0202 0 103 6 186
person 0.0101 0 87 16 195
person 0.0045 0 78 11 275
person 0.0042 476 219 499 330
person 0.0036 32 206 374 378
person 0.0033 443 242 498 376
person 0.0032 0 132 5 212
person 0.0029 470 296 499 370
person 0.0025 38 232 216 359
person 0.0019 0 105 2 144
person 0.0019 0 79 6 152
person 0.0019 1 24 27 98
person 0.0018 0 111 2 159
person 0.0017 482 149 498 321
person 0.0016 469 139 499 409
person 0.0014 1 126 3 181
person 0.0013 1 20 11 76
person 0.0013 190 97 327 210
person 0.0012 1 44 22 424
person 0.0012 103 4 143 81
person 0.0012 0 95 5 114
person 0.0012 0 0 9 57
person 0.0012 454 287 493 371
person 0.0011 316 236 435 359
person 0.0011 212 116 431 349
person 0.0010 16 196 180 338
person 0.0010 1 89 9 105
person 0.0010 1 122 10 387
bicycle 0.0026 443 242 498 376
car 0.0013 43 92 451 372
car 0.0010 412 57 497 218
motorbike 0.0030 43 92 451 372
aeroplane 0.0011 43 92 451 372
train 0.0024 43 92 451 372
boat 0.0025 43 92 451 372
dog 0.0012 146 133 356 370
bottle 0.0041 0 113 6 193
bottle 0.0010 1 126 3 181
chair 0.4603 412 57 497 218
chair 0.2634 66 116 357 348
chair 0.0162 26 126 42 143
chair 0.0127 7 124 44 185
chair 0.0119 46 126 73 141
chair 0.0117 41 117 226 345
chair 0.0085 12 127 79 182
chair 0.0077 4 127 27 159
chair 0.0068 25 125 45 166
chair 0.0048 1 65 33 91
chair 0.0040 7 129 23 143
chair 0.0040 1 95 15 221
chair 0.0039 0 103 6 186
chair 0.0038 83 45 100 89
chair 0.0036 19 123 49 146
chair 0.0028 106 178 172 330
chair 0.0027 416 127 496 188
chair 0.0023 92 131 167 302
chair 0.0021 5 121 42 150
chair 0.0021 110 250 146 334
chair 0.0019 412 100 501 291
chair 0.0018 5 114 61 173
chair 0.0018 40 147 62 176
chair 0.0017 6 134 24 149
chair 0.0017 1 30 12 83
chair 0.0016 416 5 498 163
chair 0.0016 1 89 9 105
chair 0.0015 420 173 495 218
chair 0.0014 442 212 499 376
chair 0.0013 39 145 87 178
chair 0.0013 1 24 27 98
chair 0.0012 415 150 498 206
chair 0.0012 420 59 494 134
chair 0.0011 4 145 39 182
chair 0.0010 31 129 75 158
chair 0.0010 0 73 5 95
chair 0.0010 31 132 52 175
sofa 0.4846 66 116 357 348
sofa 0.1855 412 57 497 218
sofa 0.0297 41 117 226 345
sofa 0.0021 172 169 326 283
sofa 0.0020 3 204 417 380
sofa 0.0019 71 152 206 304
sofa 0.0016 416 127 496 188
sofa 0.0013 432 92 498 262
sofa 0.0013 -1 192 219 380
sofa 0.0012 405 33 498 329
sofa 0.0012 442 212 499 376
sofa 0.0012 106 178 172 330
pottedplant 0.0027 443 242 498 376
pottedplant 0.0013 310 3 373 72
pottedplant 0.0010 416 4 489 56
diningtable 0.0047 18 117 117 164
diningtable 0.0028 412 57 497 218
diningtable 0.0019 12 127 79 182
diningtable 0.0019 20 104 173 187
diningtable 0.0011 0 101 137 145
tvmonitor 0.0080 46 126 73 141
tvmonitor 0.0043 0 103 6 186
tvmonitor 0.0021 16 92 33 105
tvmonitor 0.0017 133 81 184 105
tvmonitor 0.0012 14 90 52 109
tvmonitor 0.0011 3 95 44 113
