person 0.9264 119 67 127 82
person 0.3055 103 69 110 82
person 0.1704 122 69 129 82
person 0.1563 100 68 108 83
person 0.0560 153 75 158 81
person 0.0211 186 74 190 79
person 0.0013 122 65 129 78
person 0.0013 149 76 155 82
bicycle 0.0289 103 69 110 82
bicycle 0.0197 100 68 108 83
bicycle 0.0145 119 67 127 82
bicycle 0.0036 122 69 129 82
car 0.0019 103 69 110 82
car 0.0011 122 69 129 82
motorbike 0.0055 119 67 127 82
motorbike 0.0015 122 69 129 82
motorbike 0.0011 103 69 110 82
bird 0.0065 176 203 269 244
bird 0.0065 374 24 378 28
bird 0.0034 251 231 312 262
bird 0.0032 186 74 190 79
bird 0.0023 119 121 137 130
bird 0.0020 153 75 158 81
bird 0.0016 235 208 262 239
cat 0.0188 246 229 317 268
cat 0.0020 176 203 269 244
dog 0.1435 246 229 317 268
dog 0.0052 176 207 270 252
dog 0.0041 235 208 262 239
dog 0.0031 103 69 110 82
dog 0.0015 175 212 313 286
horse 0.0112 246 229 317 268
horse 0.0108 119 67 127 82
horse 0.0096 103 69 110 82
horse 0.0054 122 69 129 82
horse 0.0037 176 207 270 252
horse 0.0022 100 68 108 83
sheep 0.8674 176 207 270 252
sheep 0.6880 246 229 317 268
sheep 0.1103 233 207 263 240
sheep 0.0181 178 197 305 272
sheep 0.0039 187 212 245 232
sheep 0.0017 210 212 308 255
cow 0.0221 246 229 317 268
cow 0.0184 176 207 270 252
cow 0.0114 178 197 305 272
chair 0.0027 103 69 110 82
chair 0.0019 100 68 108 83
