person 0.0025 0 68 54 288
person 0.0015 464 348 500 376
person 0.0015 0 143 87 299
person 0.0014 0 66 16 251
person 0.0010 0 20 28 299
bicycle 0.0108 222 1 322 70
bicycle 0.0010 221 22 244 53
bottle 0.0014 450 155 464 176
bottle 0.0011 222 136 230 147
chair 0.9995 293 195 390 352
chair 0.9986 113 191 222 353
chair 0.9959 401 176 504 320
chair 0.9928 0 158 91 321
chair 0.7083 162 156 213 200
chair 0.3249 273 151 335 205
chair 0.1556 224 153 289 209
chair 0.1047 231 205 434 365
chair 0.0994 326 187 379 199
chair 0.0987 374 194 457 236
chair 0.0702 277 183 326 204
chair 0.0671 0 152 60 284
chair 0.0556 2 196 60 344
chair 0.0389 327 187 393 211
chair 0.0219 225 199 373 231
chair 0.0181 283 198 428 231
chair 0.0165 0 181 17 365
chair 0.0164 158 160 181 190
chair 0.0143 280 158 326 192
chair 0.0106 471 165 498 234
chair 0.0105 464 348 500 376
chair 0.0099 272 192 319 207
chair 0.0095 0 152 31 360
chair 0.0093 125 187 172 198
chair 0.0089 111 190 393 267
chair 0.0085 72 189 273 252
chair 0.0085 269 175 338 216
chair 0.0081 374 194 426 208
chair 0.0073 276 168 316 197
chair 0.0069 385 199 453 223
chair 0.0063 409 182 491 247
chair 0.0063 224 192 427 254
chair 0.0062 439 170 498 232
chair 0.0046 483 163 501 309
chair 0.0037 -4 213 90 366
chair 0.0037 273 168 290 196
chair 0.0036 276 186 360 325
chair 0.0034 0 150 24 243
chair 0.0033 262 177 334 301
chair 0.0032 467 293 500 373
chair 0.0030 176 186 213 202
chair 0.0029 314 188 430 220
chair 0.0028 295 185 384 219
chair 0.0026 311 189 327 199
chair 0.0026 312 179 394 292
chair 0.0026 372 203 459 258
chair 0.0025 214 167 238 196
chair 0.0025 30 194 214 235
chair 0.0023 0 167 59 231
chair 0.0022 180 164 217 225
chair 0.0021 210 213 387 249
chair 0.0021 197 167 217 196
chair 0.0019 185 198 323 322
chair 0.0019 356 193 396 276
chair 0.0019 381 179 479 227
chair 0.0018 203 171 281 301
chair 0.0018 142 177 227 215
chair 0.0017 385 195 450 213
chair 0.0016 43 198 126 237
chair 0.0016 341 188 378 194
chair 0.0015 189 139 329 180
chair 0.0014 46 200 116 221
chair 0.0014 326 195 375 225
chair 0.0013 173 148 267 203
chair 0.0013 268 166 285 200
chair 0.0013 5 238 82 311
chair 0.0013 334 184 374 249
chair 0.0013 451 139 488 221
chair 0.0012 445 189 501 391
chair 0.0012 176 197 309 236
chair 0.0012 487 178 500 365
chair 0.0012 420 175 440 205
chair 0.0012 492 155 499 248
chair 0.0011 120 188 179 211
chair 0.0011 0 211 4 385
chair 0.0011 145 166 216 306
chair 0.0010 171 149 339 222
chair 0.0010 33 190 180 264
chair 0.0010 276 192 317 280
chair 0.0010 195 175 294 217
sofa 0.0298 0 172 102 306
sofa 0.0042 391 172 494 306
sofa 0.0020 464 322 500 376
sofa 0.0018 0 217 18 368
sofa 0.0015 114 180 219 340
sofa 0.0014 286 208 413 363
sofa 0.0010 2 196 60 344
pottedplant 0.1901 457 137 480 166
pottedplant 0.1373 306 104 342 147
pottedplant 0.1205 224 153 289 209
pottedplant 0.0125 463 137 480 156
pottedplant 0.0056 162 158 212 199
pottedplant 0.0026 451 139 488 221
pottedplant 0.0024 453 117 488 169
pottedplant 0.0018 462 145 476 160
pottedplant 0.0017 420 175 440 205
pottedplant 0.0015 171 149 339 222
pottedplant 0.0011 0 143 87 299
pottedplant 0.0011 314 123 334 149
pottedplant 0.0010 219 154 294 281
diningtable 0.6653 240 187 424 350
diningtable 0.5813 82 185 259 354
diningtable 0.2070 22 188 482 346
diningtable 0.0712 72 189 273 252
diningtable 0.0656 185 198 323 322
diningtable 0.0580 374 194 457 236
diningtable 0.0360 30 194 214 235
diningtable 0.0349 224 192 427 254
diningtable 0.0336 307 195 439 234
diningtable 0.0227 111 190 393 267
diningtable 0.0156 225 199 373 231
diningtable 0.0127 385 199 453 223
diningtable 0.0126 61 173 290 232
diningtable 0.0091 464 322 500 376
diningtable 0.0082 43 198 126 237
diningtable 0.0070 195 194 325 232
diningtable 0.0069 33 190 180 264
diningtable 0.0060 86 200 236 231
diningtable 0.0043 392 186 496 316
diningtable 0.0042 303 207 444 252
diningtable 0.0038 195 172 454 227
diningtable 0.0036 210 213 387 249
diningtable 0.0035 372 203 459 258
diningtable 0.0033 324 197 483 313
diningtable 0.0019 71 165 346 301
diningtable 0.0017 -1 181 105 322
diningtable 0.0016 318 188 384 210
diningtable 0.0015 44 189 200 218
diningtable 0.0013 46 210 122 251
diningtable 0.0012 376 195 438 210
diningtable 0.0012 171 149 339 222
diningtable 0.0011 0 181 17 365
diningtable 0.0011 326 223 413 236
diningtable 0.0011 396 209 456 229
diningtable 0.0011 307 188 391 330
diningtable 0.0010 46 200 116 221
