person 0.0017 72 104 96 136
bottle 0.0542 98 52 104 65
bottle 0.0290 97 57 105 70
bottle 0.0123 88 52 95 63
bottle 0.0080 77 51 84 62
bottle 0.0071 85 59 96 72
bottle 0.0063 70 51 77 62
bottle 0.0047 78 60 88 73
bottle 0.0042 95 51 108 84
bottle 0.0039 98 71 107 85
bottle 0.0038 68 61 79 75
bottle 0.0027 119 62 124 76
bottle 0.0023 79 32 85 47
bottle 0.0023 105 59 110 72
bottle 0.0019 69 80 78 88
bottle 0.0014 77 43 83 54
bottle 0.0012 103 51 109 64
bottle 0.0012 104 69 110 84
bottle 0.0012 77 117 88 130
bottle 0.0010 98 44 104 53
bottle 0.0010 86 29 97 45
chair 0.6147 90 98 161 146
chair 0.4308 126 86 159 105
chair 0.2579 26 134 192 271
chair 0.1867 168 95 209 154
chair 0.1763 141 94 178 150
chair 0.1400 174 91 204 113
chair 0.1371 127 90 167 149
chair 0.1345 126 87 166 119
chair 0.0970 70 102 95 132
chair 0.0888 111 93 132 105
chair 0.0788 104 108 153 142
chair 0.0466 94 105 129 140
chair 0.0452 68 94 105 143
chair 0.0276 104 110 179 154
chair 0.0192 93 105 112 139
chair 0.0134 122 100 176 127
chair 0.0127 90 92 131 116
chair 0.0123 97 101 141 130
chair 0.0118 372 231 497 327
chair 0.0117 96 98 120 133
chair 0.0095 115 115 163 148
chair 0.0092 148 105 171 144
chair 0.0091 99 90 188 125
chair 0.0087 122 107 174 141
chair 0.0080 148 104 169 127
chair 0.0063 110 92 132 115
chair 0.0055 146 119 184 149
chair 0.0047 65 98 82 131
chair 0.0046 76 107 90 119
chair 0.0045 469 224 499 253
chair 0.0036 69 115 152 153
chair 0.0033 152 107 166 123
chair 0.0031 110 88 152 106
chair 0.0029 104 93 155 115
chair 0.0025 107 97 116 107
chair 0.0023 130 107 197 157
chair 0.0023 118 108 142 140
chair 0.0021 199 104 214 149
chair 0.0021 109 97 131 131
chair 0.0017 140 129 180 155
chair 0.0017 69 102 77 124
chair 0.0017 91 97 111 109
chair 0.0016 137 117 160 151
chair 0.0014 77 117 88 130
chair 0.0014 63 92 97 120
chair 0.0013 128 93 152 133
chair 0.0013 127 106 150 144
chair 0.0012 146 102 186 126
chair 0.0011 82 109 95 121
chair 0.0011 105 92 117 104
chair 0.0011 96 112 105 135
chair 0.0011 117 99 140 130
chair 0.0010 172 139 183 147
chair 0.0010 90 85 113 110
sofa 0.7904 26 134 192 271
sofa 0.2220 372 231 497 327
sofa 0.0198 255 228 491 332
sofa 0.0016 173 105 214 160
sofa 0.0013 90 98 161 146
sofa 0.0013 126 86 159 105
sofa 0.0011 164 177 482 337
pottedplant 0.6258 168 105 210 158
pottedplant 0.1931 178 128 201 156
pottedplant 0.0036 187 137 199 153
pottedplant 0.0034 182 106 207 149
pottedplant 0.0034 308 9 342 33
pottedplant 0.0033 72 104 96 136
pottedplant 0.0010 176 117 216 195
pottedplant 0.0010 269 27 285 36
diningtable 0.1705 105 97 180 146
diningtable 0.0608 92 110 161 153
diningtable 0.0191 76 97 142 144
diningtable 0.0140 122 100 176 127
diningtable 0.0116 66 88 208 156
diningtable 0.0101 155 99 213 151
diningtable 0.0090 130 107 197 157
diningtable 0.0086 113 108 163 142
diningtable 0.0081 17 131 225 281
diningtable 0.0078 99 90 188 125
diningtable 0.0074 128 185 266 286
diningtable 0.0062 97 101 141 130
diningtable 0.0048 139 110 180 139
diningtable 0.0036 126 86 159 105
diningtable 0.0033 126 87 166 119
diningtable 0.0030 372 231 497 327
diningtable 0.0030 146 102 186 126
diningtable 0.0027 146 119 184 149
diningtable 0.0020 61 93 116 140
diningtable 0.0020 174 91 204 113
diningtable 0.0018 141 94 178 150
diningtable 0.0018 183 148 217 205
diningtable 0.0016 104 93 155 115
diningtable 0.0016 125 117 171 149
diningtable 0.0014 112 96 131 106
diningtable 0.0013 28 126 181 229
diningtable 0.0012 70 102 95 132
diningtable 0.0012 56 82 121 124
diningtable 0.0011 94 105 129 140
tvmonitor 0.9814 287 106 355 165
tvmonitor 0.0033 270 79 385 176
