person 0.9986 235 141 277 233
person 0.9926 170 142 210 265
person 0.9718 1 153 20 194
person 0.2356 17 158 24 170
person 0.1604 114 163 120 180
person 0.1124 97 163 102 178
person 0.0810 17 160 25 175
person 0.0719 214 165 221 176
person 0.0417 110 164 117 179
person 0.0399 218 165 226 179
person 0.0357 331 74 347 82
person 0.0320 206 164 210 175
person 0.0246 81 167 85 176
person 0.0216 0 175 3 187
person 0.0208 69 166 73 176
person 0.0197 0 161 3 183
person 0.0165 91 163 96 176
person 0.0163 146 161 151 173
person 0.0095 215 171 221 183
person 0.0067 0 181 3 195
person 0.0053 14 159 19 168
person 0.0049 0 169 4 289
person 0.0041 296 15 483 292
person 0.0041 275 167 293 179
person 0.0041 316 182 326 201
person 0.0038 50 168 56 178
person 0.0034 233 184 243 201
person 0.0033 202 169 207 188
person 0.0030 15 155 27 184
person 0.0029 97 160 101 169
person 0.0029 0 142 271 196
person 0.0026 -2 143 23 205
person 0.0025 92 158 96 168
person 0.0025 235 176 242 188
person 0.0025 57 169 65 176
person 0.0024 44 151 48 159
person 0.0023 282 168 300 178
person 0.0022 2 155 5 171
person 0.0021 125 165 130 177
person 0.0021 265 185 270 196
person 0.0021 0 149 14 279
person 0.0020 204 161 210 168
person 0.0018 211 161 222 168
person 0.0018 43 152 48 165
person 0.0018 230 152 261 224
person 0.0017 220 160 230 168
person 0.0016 0 134 6 243
person 0.0016 389 58 407 72
person 0.0016 115 160 119 169
person 0.0015 13 166 19 175
person 0.0014 0 187 1 252
person 0.0013 237 186 245 199
person 0.0013 40 128 386 189
person 0.0012 219 170 224 183
person 0.0012 115 172 122 182
person 0.0012 0 117 3 282
person 0.0012 30 168 39 175
person 0.0011 389 41 428 72
person 0.0010 231 176 245 206
person 0.0010 -11 157 20 187
person 0.0010 344 71 358 80
bicycle 0.0053 0 175 3 187
bicycle 0.0022 17 160 25 175
car 0.0070 273 165 310 180
car 0.0042 275 167 293 179
car 0.0032 0 175 3 187
car 0.0030 282 168 300 178
car 0.0013 257 15 485 291
car 0.0010 214 165 221 176
aeroplane 0.9795 256 15 489 251
aeroplane 0.0122 203 151 244 173
aeroplane 0.0071 132 83 353 183
aeroplane 0.0063 40 128 386 189
aeroplane 0.0048 211 137 306 177
aeroplane 0.0042 273 165 310 180
aeroplane 0.0037 207 158 242 181
aeroplane 0.0036 149 143 253 172
aeroplane 0.0035 11 37 477 228
aeroplane 0.0014 201 112 280 169
aeroplane 0.0014 274 65 466 187
aeroplane 0.0013 220 160 230 168
aeroplane 0.0010 211 161 222 168
aeroplane 0.0010 246 105 275 173
bus 0.0010 257 15 485 291
boat 0.0067 288 16 489 249
bird 0.0020 288 16 489 249
cow 0.0022 288 16 489 249
bottle 0.0016 237 186 245 199
bottle 0.0012 233 188 244 206
