person 0.9996 324 65 401 166
person 0.9992 82 65 175 318
person 0.9955 198 61 260 139
person 0.9954 259 51 332 182
person 0.9887 305 147 407 368
person 0.9724 159 65 203 138
person 0.9645 76 53 124 305
person 0.6884 125 339 280 374
person 0.1779 75 47 129 152
person 0.1027 82 291 158 367
person 0.0238 223 62 352 152
person 0.0112 86 305 277 370
person 0.0071 16 288 173 371
person 0.0036 76 77 259 306
person 0.0027 0 261 115 367
person 0.0026 46 69 460 317
person 0.0024 294 167 422 287
person 0.0022 60 271 208 361
person 0.0015 412 149 425 164
person 0.0011 171 92 405 289
person 0.0010 433 131 472 178
person 0.0010 81 51 165 190
bottle 0.0287 323 351 344 375
bottle 0.0017 293 353 351 376
bottle 0.0012 328 152 340 169
bottle 0.0011 312 142 318 149
chair 0.0176 410 185 487 251
chair 0.0103 412 125 489 265
chair 0.0081 450 184 494 251
chair 0.0080 492 189 499 254
chair 0.0063 407 183 450 250
chair 0.0054 2 208 93 267
chair 0.0049 403 211 439 252
chair 0.0045 484 175 499 289
chair 0.0028 0 261 115 367
chair 0.0023 493 192 499 287
chair 0.0023 475 193 498 248
chair 0.0022 387 139 432 179
chair 0.0018 429 130 469 180
chair 0.0017 456 211 495 247
chair 0.0017 497 183 499 260
chair 0.0016 436 213 476 243
chair 0.0015 401 204 468 259
chair 0.0014 0 312 9 378
chair 0.0012 437 153 500 279
chair 0.0011 20 251 70 285
diningtable 0.0128 376 177 495 268
diningtable 0.0081 410 185 487 251
diningtable 0.0052 398 179 497 210
diningtable 0.0050 132 130 366 325
diningtable 0.0031 0 261 115 367
diningtable 0.0019 64 90 444 357
tvmonitor 0.9295 377 134 445 183
tvmonitor 0.4790 429 130 469 180
tvmonitor 0.1092 390 139 431 175
tvmonitor 0.0059 214 152 309 198
tvmonitor 0.0056 277 219 318 279
tvmonitor 0.0051 5 295 84 360
tvmonitor 0.0037 135 135 438 320
tvmonitor 0.0019 433 130 498 184
tvmonitor 0.0011 492 193 499 266
