bottle 0.9852 233 146 281 245
bottle 0.0058 356 138 452 230
bottle 0.0022 250 201 319 270
bottle 0.0017 107 120 167 221
bottle 0.0014 260 240 342 300
chair 0.9202 8 -5 139 153
chair 0.6660 414 204 498 380
chair 0.0232 352 2 463 56
chair 0.0125 173 1 236 56
chair 0.0124 343 -1 364 43
chair 0.0092 394 75 497 375
chair 0.0077 192 19 241 51
chair 0.0046 410 331 499 372
chair 0.0036 417 292 496 376
chair 0.0036 419 148 492 327
chair 0.0032 430 1 464 22
chair 0.0028 400 178 474 336
chair 0.0024 295 0 372 40
chair 0.0022 175 -1 234 23
chair 0.0021 449 0 464 22
chair 0.0014 292 38 420 83
chair 0.0014 0 35 454 344
chair 0.0013 14 38 168 341
chair 0.0013 185 4 302 49
sofa 0.0084 0 -5 165 162
pottedplant 0.0011 356 138 452 230
diningtable 0.9981 6 34 491 341
diningtable 0.0043 375 35 503 339
diningtable 0.0035 111 213 169 309
diningtable 0.0012 39 74 297 310
tvmonitor 0.0349 373 18 498 148
tvmonitor 0.0024 352 2 463 56
tvmonitor 0.0013 415 11 495 123
