person 0.9989 12 85 404 495
person 0.1677 0 368 180 501
person 0.0211 15 292 408 504
person 0.0092 2 372 61 497
person 0.0084 6 237 175 506
person 0.0048 222 301 410 498
person 0.0029 19 387 321 499
person 0.0028 188 103 383 471
bicycle 0.0237 341 325 415 388
bicycle 0.0035 331 272 416 402
bicycle 0.0023 8 82 404 440
bicycle 0.0020 332 311 412 366
bicycle 0.0011 337 266 414 301
car 0.0262 8 82 404 440
car 0.0016 308 288 412 389
motorbike 0.0025 8 82 404 440
motorbike 0.0016 308 288 412 389
boat 0.0025 8 82 404 440
bird 0.7708 208 93 368 312
bird 0.1312 62 80 415 448
bird 0.0308 272 179 332 309
bird 0.0066 221 189 345 316
bird 0.0048 208 173 241 231
bird 0.0030 188 103 383 471
cat 0.0020 208 93 368 312
dog 0.0044 8 82 404 440
horse 0.0019 8 82 404 440
cow 0.0030 8 82 404 440
chair 0.0392 280 196 337 313
chair 0.0232 -9 124 372 514
chair 0.0033 0 366 137 501
chair 0.0027 341 325 415 388
chair 0.0017 308 300 411 412
chair 0.0014 299 190 332 299
chair 0.0012 222 301 410 498
chair 0.0011 2 372 61 497
sofa 0.0026 0 366 137 501
sofa 0.0026 -9 124 372 514
sofa 0.0013 2 372 61 497
sofa 0.0013 -5 358 267 502
diningtable 0.0014 -9 124 372 514
