person 0.0146 374 132 382 141
person 0.0057 1 145 11 161
person 0.0030 375 135 381 144
person 0.0030 9 139 18 146
person 0.0025 53 148 314 270
person 0.0022 102 158 138 188
person 0.0021 21 138 28 144
person 0.0019 130 156 166 183
person 0.0015 66 128 77 140
person 0.0015 175 127 187 137
person 0.0015 0 139 7 148
person 0.0015 496 116 499 135
person 0.0013 103 165 120 180
person 0.0011 148 161 164 178
person 0.0011 314 154 331 169
person 0.0010 143 163 158 178
car 0.9996 208 137 474 245
car 0.9990 44 147 319 257
car 0.1831 70 129 94 143
car 0.0740 175 126 191 138
car 0.0227 0 139 7 148
car 0.0145 54 126 93 144
car 0.0139 1 145 11 161
car 0.0103 49 137 70 145
car 0.0097 84 131 94 140
car 0.0062 9 139 18 146
car 0.0027 72 133 91 145
car 0.0026 0 125 13 163
car 0.0025 374 132 382 141
car 0.0023 440 129 456 137
car 0.0022 21 138 28 144
car 0.0021 0 127 3 142
car 0.0020 48 130 56 138
car 0.0018 179 124 189 132
car 0.0017 54 131 69 141
car 0.0015 67 127 112 143
car 0.0015 105 130 118 143
car 0.0013 447 129 461 137
car 0.0012 175 124 185 132
car 0.0012 30 135 75 146
car 0.0011 91 137 110 145
car 0.0010 66 128 77 140
car 0.0010 26 139 36 144
motorbike 0.0040 64 158 332 257
aeroplane 0.0025 101 55 122 59
bird 0.0160 229 267 279 288
dog 0.0012 229 267 279 288
pottedplant 0.0010 1 145 11 161
