person 0.0726 236 154 249 164
person 0.0436 229 147 243 163
person 0.0386 375 149 386 162
person 0.0192 232 153 244 164
person 0.0145 190 146 206 161
person 0.0120 187 141 209 164
person 0.0063 197 146 209 159
person 0.0051 276 145 287 165
person 0.0035 272 140 289 167
person 0.0031 271 144 281 163
person 0.0024 281 155 289 165
person 0.0020 222 143 252 165
person 0.0015 224 147 234 162
person 0.0012 421 155 432 168
person 0.0011 78 162 85 184
person 0.0011 78 154 86 167
person 0.0011 491 182 500 199
person 0.0010 494 184 499 214
car 0.0012 486 177 499 188
train 0.9163 62 122 445 199
train 0.0100 329 129 481 204
train 0.0076 83 114 346 177
train 0.0055 24 131 260 197
train 0.0039 101 135 266 170
train 0.0015 -23 22 520 62
train 0.0011 18 -3 471 53
bottle 0.0010 396 193 404 207
chair 0.5415 366 179 397 210
chair 0.1164 423 178 447 208
chair 0.0310 394 178 443 209
chair 0.0142 367 178 429 209
chair 0.0111 423 178 445 191
chair 0.0066 400 179 421 188
chair 0.0046 369 179 390 190
chair 0.0031 485 173 499 211
chair 0.0028 486 177 499 188
chair 0.0028 399 178 422 205
chair 0.0026 369 184 391 195
chair 0.0024 494 184 499 214
chair 0.0019 491 182 500 199
sofa 0.0017 367 178 411 210
sofa 0.0011 394 178 443 209
diningtable 0.0170 486 177 499 188
diningtable 0.0049 363 182 435 212
diningtable 0.0044 485 173 499 211
diningtable 0.0041 491 182 500 199
diningtable 0.0035 394 178 443 209
diningtable 0.0010 366 182 398 212
