person 0.9987 72 39 336 362
person 0.0011 224 4 496 65
bicycle 0.0035 83 12 397 379
bicycle 0.0014 235 -3 498 369
bird 0.0013 13 147 93 195
bottle 0.0032 14 158 55 189
bottle 0.0012 13 147 93 195
chair 0.6667 235 -3 498 369
chair 0.4074 83 12 397 379
chair 0.1134 40 2 144 87
chair 0.1128 236 23 356 363
chair 0.0501 60 5 140 55
chair 0.0444 217 -1 456 223
chair 0.0121 100 30 315 260
chair 0.0082 286 32 347 360
chair 0.0081 36 4 69 81
chair 0.0055 164 77 337 362
chair 0.0043 75 161 341 372
chair 0.0033 -2 180 91 370
chair 0.0031 287 260 350 372
chair 0.0021 79 285 335 369
chair 0.0021 126 5 192 56
chair 0.0013 104 2 241 73
chair 0.0010 0 5 66 75
sofa 0.0049 -2 163 93 348
sofa 0.0031 31 59 339 364
sofa 0.0016 1 170 106 269
diningtable 0.4955 223 0 499 225
diningtable 0.0818 224 4 496 65
diningtable 0.0109 163 -9 501 375
diningtable 0.0090 228 12 495 117
diningtable 0.0054 -2 180 91 370
diningtable 0.0040 37 -8 384 322
diningtable 0.0033 251 91 492 339
diningtable 0.0024 255 24 385 355
diningtable 0.0015 154 -10 434 170
diningtable 0.0010 155 21 342 367
diningtable 0.0010 40 2 144 87
