car 0.0033 9 189 142 410
car 0.0019 8 85 291 485
bird 0.0038 9 205 132 417
cat 0.9859 80 8 282 430
cat 0.0029 9 205 132 417
cat 0.0024 224 27 369 170
cat 0.0018 147 17 307 340
bottle 0.8019 17 221 116 401
bottle 0.0106 11 194 45 249
bottle 0.0078 47 148 83 207
bottle 0.0047 49 75 276 412
bottle 0.0041 2 180 198 407
bottle 0.0039 22 191 54 245
bottle 0.0026 0 195 54 323
bottle 0.0024 9 190 142 320
bottle 0.0012 217 4 279 137
bottle 0.0011 4 201 44 281
diningtable 0.0051 8 85 291 485
tvmonitor 0.0013 17 37 290 446
