person 0.9333 146 114 276 220
person 0.5611 152 89 348 185
person 0.0595 229 38 347 157
person 0.0100 197 110 371 208
person 0.0034 186 27 377 214
person 0.0029 295 34 339 115
person 0.0029 295 3 326 82
aeroplane 0.0010 156 27 349 178
cat 0.0015 280 124 348 178
dog 0.0024 280 124 348 178
bottle 0.0450 222 80 242 105
bottle 0.0010 321 147 341 172
chair 0.3722 142 111 350 218
chair 0.1453 142 142 289 247
chair 0.0046 140 149 161 191
chair 0.0036 133 187 228 247
chair 0.0019 134 135 199 251
chair 0.0013 170 32 345 162
chair 0.0012 330 117 354 149
chair 0.0010 139 125 178 190
sofa 0.4147 142 111 350 218
sofa 0.0079 142 142 289 247
sofa 0.0012 167 108 269 168
diningtable 0.0131 136 146 352 239
diningtable 0.0019 159 159 323 194
diningtable 0.0011 219 172 340 210
