person 0.9931 188 24 389 396
person 0.9705 88 44 229 356
person 0.9481 4 68 39 161
person 0.9436 198 66 231 107
person 0.0764 422 101 431 113
person 0.0645 451 111 459 123
person 0.0332 422 102 433 124
person 0.0257 435 111 444 123
person 0.0241 43 61 398 335
person 0.0222 439 111 448 124
person 0.0207 484 125 500 162
person 0.0184 435 113 445 133
person 0.0167 449 111 458 132
person 0.0151 495 117 499 134
person 0.0109 416 102 426 112
person 0.0100 418 105 434 139
person 0.0098 421 116 431 135
person 0.0096 420 124 429 139
person 0.0066 236 354 273 376
person 0.0066 437 110 453 139
person 0.0064 1 92 14 138
person 0.0061 415 115 425 137
person 0.0060 431 109 447 138
person 0.0060 410 107 428 139
person 0.0055 401 115 411 136
person 0.0055 447 108 460 140
person 0.0053 396 116 406 136
person 0.0031 494 120 498 145
person 0.0031 398 109 416 138
person 0.0030 491 94 499 156
person 0.0027 416 124 425 139
person 0.0025 392 107 408 139
person 0.0025 497 98 499 133
person 0.0021 414 105 426 122
person 0.0020 397 107 436 138
person 0.0020 0 67 10 126
person 0.0017 1 101 8 123
person 0.0017 2 97 11 119
person 0.0016 2 73 25 119
person 0.0016 180 90 469 145
person 0.0015 389 113 396 131
person 0.0015 196 78 247 239
person 0.0014 491 127 497 162
person 0.0014 201 102 235 182
person 0.0014 392 106 405 123
person 0.0013 257 353 273 372
person 0.0012 402 124 411 138
person 0.0012 190 63 248 111
person 0.0011 84 99 119 151
person 0.0010 1 72 3 120
person 0.0010 395 102 406 112
person 0.0010 1 107 5 143
bicycle 0.9929 26 242 411 375
bicycle 0.5009 11 93 75 144
bicycle 0.0957 39 97 79 137
bicycle 0.0401 75 107 107 140
bicycle 0.0220 24 100 66 131
bicycle 0.0139 207 226 236 318
bicycle 0.0084 168 255 398 363
bicycle 0.0066 210 157 238 240
bicycle 0.0066 1 106 22 142
bicycle 0.0063 0 100 12 147
bicycle 0.0048 209 182 238 291
bicycle 0.0045 4 68 39 161
bicycle 0.0045 194 212 244 380
bicycle 0.0042 396 102 438 130
bicycle 0.0041 -2 108 70 157
bicycle 0.0038 9 288 188 371
bicycle 0.0036 372 100 455 140
bicycle 0.0032 49 108 74 138
bicycle 0.0031 1 107 5 143
bicycle 0.0029 44 261 232 364
bicycle 0.0029 201 142 242 330
bicycle 0.0023 79 53 220 370
bicycle 0.0020 361 351 397 374
bicycle 0.0019 212 223 236 258
bicycle 0.0019 315 252 427 341
bicycle 0.0014 391 108 430 138
bicycle 0.0013 214 177 235 227
bicycle 0.0011 31 82 69 134
bicycle 0.0011 0 116 4 149
bicycle 0.0011 105 204 226 338
bicycle 0.0011 3 106 42 141
bicycle 0.0010 8 329 130 373
bicycle 0.0010 84 42 417 382
car 0.0038 -1 92 70 146
car 0.0019 484 125 500 162
motorbike 0.0202 -1 92 70 146
motorbike 0.0012 31 98 75 136
boat 0.0031 484 125 500 162
bottle 0.0121 265 349 275 362
bottle 0.0094 236 354 273 376
bottle 0.0083 257 353 273 372
bottle 0.0039 200 326 248 344
bottle 0.0034 260 351 273 365
bottle 0.0033 281 323 316 376
bottle 0.0033 263 340 284 372
bottle 0.0031 196 340 235 376
bottle 0.0030 263 351 277 373
bottle 0.0023 398 294 415 340
bottle 0.0020 255 343 275 371
bottle 0.0017 265 325 336 375
bottle 0.0015 290 338 311 374
bottle 0.0012 230 286 256 368
bottle 0.0010 203 289 235 370
chair 0.0012 75 107 107 140
pottedplant 0.0058 75 107 107 140
