person 0.9989 68 10 501 383
person 0.1873 8 63 338 373
person 0.0087 483 247 500 378
person 0.0042 206 36 450 349
car 0.0055 47 150 520 389
motorbike 0.0013 -20 61 455 366
cat 0.8532 21 74 258 326
cat 0.0021 -3 3 349 384
dog 0.2286 17 80 257 353
dog 0.0031 -1 5 441 385
sheep 0.0029 21 74 258 326
chair 0.1614 377 182 497 339
chair 0.1289 7 -2 236 154
chair 0.0646 47 150 520 389
chair 0.0176 0 73 32 172
chair 0.0110 482 279 500 380
chair 0.0089 -1 5 441 385
chair 0.0084 0 -16 31 183
chair 0.0048 26 74 295 362
chair 0.0033 486 294 499 359
chair 0.0020 -3 324 91 376
chair 0.0016 120 220 461 375
chair 0.0011 64 11 275 125
chair 0.0011 483 180 498 369
sofa 0.2791 47 150 520 389
sofa 0.0623 -1 5 441 385
sofa 0.0509 377 182 497 339
sofa 0.0177 7 -2 236 154
sofa 0.0168 -4 151 268 361
sofa 0.0062 120 220 461 375
sofa 0.0035 483 247 500 378
sofa 0.0015 3 188 89 363
sofa 0.0015 -3 324 91 376
