person 0.9457 -6 8 351 442
person 0.0504 99 16 340 231
person 0.0451 90 18 476 387
person 0.0100 139 5 447 171
person 0.0089 158 117 335 207
person 0.0056 113 135 407 280
person 0.0033 167 71 320 181
person 0.0032 4 9 261 239
person 0.0021 88 155 273 237
person 0.0017 176 6 463 93
person 0.0017 306 10 491 89
person 0.0015 144 71 430 251
person 0.0015 314 35 479 179
person 0.0013 14 153 482 456
person 0.0011 0 5 67 294
cat 0.1714 159 153 406 257
cat 0.0278 308 29 487 139
cat 0.0273 223 176 421 281
cat 0.0217 206 114 372 208
cat 0.0113 261 78 391 183
cat 0.0077 283 102 383 170
cat 0.0070 456 15 502 83
cat 0.0041 106 154 323 231
cat 0.0030 247 152 343 197
cat 0.0029 1 21 425 438
cat 0.0026 191 114 444 287
cat 0.0025 298 153 421 260
cat 0.0017 291 53 439 173
cat 0.0016 466 36 501 77
cat 0.0011 260 25 478 194
cat 0.0011 131 111 310 217
cat 0.0011 149 55 499 418
cat 0.0010 410 26 498 83
dog 0.8827 130 162 439 286
dog 0.8495 308 29 487 139
dog 0.0822 1 21 425 438
dog 0.0481 149 55 499 418
dog 0.0451 467 18 499 81
dog 0.0395 158 117 335 207
dog 0.0320 106 154 323 231
dog 0.0223 261 78 391 183
dog 0.0202 260 25 478 194
dog 0.0172 306 10 491 89
dog 0.0111 291 53 439 173
dog 0.0093 112 65 380 251
dog 0.0056 437 7 498 71
dog 0.0045 410 26 498 83
dog 0.0031 298 153 421 260
dog 0.0022 283 102 383 170
dog 0.0016 189 15 456 134
dog 0.0015 299 24 496 384
dog 0.0014 247 152 343 197
dog 0.0011 250 84 473 316
dog 0.0011 290 105 420 203
dog 0.0010 122 174 206 238
chair 0.0154 25 27 476 440
chair 0.0027 219 51 503 426
chair 0.0018 -1 -5 270 457
chair 0.0018 306 10 491 89
chair 0.0011 176 6 463 93
sofa 0.5208 25 27 476 440
sofa 0.0825 219 51 503 426
sofa 0.0804 -3 -7 278 416
sofa 0.0457 28 14 478 234
sofa 0.0287 176 6 463 93
sofa 0.0134 306 10 491 89
sofa 0.0081 139 5 447 171
sofa 0.0073 -4 21 215 289
sofa 0.0071 296 21 494 168
sofa 0.0025 93 162 428 286
sofa 0.0018 0 5 67 294
sofa 0.0011 383 47 494 424
sofa 0.0011 -4 29 113 429
