person 0.0012 1 8 27 110
person 0.0011 481 215 500 329
person 0.0010 0 75 8 133
person 0.0010 0 63 22 176
car 0.0127 42 77 473 350
car 0.0014 0 84 23 190
car 0.0014 3 113 128 227
bottle 0.9998 167 87 226 306
bottle 0.0639 265 154 299 275
bottle 0.0139 220 134 276 325
bottle 0.0043 288 134 357 283
bottle 0.0042 224 199 232 258
bottle 0.0039 280 150 303 275
bottle 0.0021 215 137 236 286
bottle 0.0021 166 100 187 289
bottle 0.0019 194 118 248 307
bottle 0.0014 224 219 233 274
chair 0.0036 0 103 25 210
chair 0.0016 0 63 22 176
chair 0.0016 387 135 454 296
chair 0.0016 476 298 500 333
chair 0.0011 0 149 31 237
chair 0.0011 479 244 499 336
sofa 0.0017 32 153 488 325
pottedplant 0.0366 439 141 497 290
pottedplant 0.0205 0 179 127 316
pottedplant 0.0145 3 113 128 227
pottedplant 0.0064 438 225 496 282
pottedplant 0.0038 480 198 500 308
pottedplant 0.0027 0 84 23 190
pottedplant 0.0027 86 181 163 281
pottedplant 0.0027 29 150 147 260
pottedplant 0.0024 1 8 27 110
pottedplant 0.0023 481 140 499 288
pottedplant 0.0020 387 135 454 296
pottedplant 0.0017 46 170 132 292
pottedplant 0.0016 489 219 499 276
pottedplant 0.0012 439 208 497 333
pottedplant 0.0012 0 187 59 319
pottedplant 0.0012 -1 54 135 282
pottedplant 0.0010 376 180 500 300
pottedplant 0.0010 9 19 177 230
diningtable 0.4255 22 259 499 329
diningtable 0.1316 42 77 473 350
diningtable 0.0100 107 148 400 327
diningtable 0.0030 335 196 484 290
diningtable 0.0018 239 249 492 319
diningtable 0.0010 42 264 305 324
