person 0.0153 87 182 93 191
person 0.0111 403 180 417 198
person 0.0105 410 187 421 204
person 0.0093 410 183 424 197
person 0.0080 0 185 3 212
person 0.0068 251 176 260 186
person 0.0060 0 200 3 213
person 0.0058 408 179 427 203
person 0.0053 71 175 78 186
person 0.0043 378 177 419 206
person 0.0040 0 167 2 213
person 0.0039 461 171 469 186
person 0.0037 96 181 101 192
person 0.0024 76 176 83 186
person 0.0023 241 176 251 186
person 0.0018 80 181 87 190
person 0.0015 0 164 5 215
person 0.0013 29 171 40 210
person 0.0013 404 176 414 185
person 0.0011 365 174 372 184
person 0.0010 30 191 37 207
bicycle 0.0011 0 200 3 213
car 0.0121 361 182 381 218
car 0.0022 0 200 3 213
car 0.0016 0 185 3 212
car 0.0010 376 176 386 185
train 0.9982 63 147 375 252
train 0.0607 435 160 500 204
train 0.0207 457 168 498 192
train 0.0154 369 145 452 187
train 0.0153 410 147 495 192
train 0.0069 455 151 495 213
train 0.0054 369 129 500 198
train 0.0030 466 137 500 200
train 0.0023 459 157 496 185
train 0.0019 143 127 507 176
train 0.0016 371 162 495 199
train 0.0015 409 181 499 216
train 0.0015 395 141 435 195
train 0.0013 153 85 493 150
train 0.0010 301 147 452 179
bird 0.0075 104 52 124 70
pottedplant 0.8626 376 177 418 215
pottedplant 0.0137 410 187 421 204
pottedplant 0.0066 401 177 420 203
pottedplant 0.0049 404 190 416 203
pottedplant 0.0045 378 178 401 204
pottedplant 0.0045 378 194 416 216
pottedplant 0.0033 410 183 424 197
pottedplant 0.0028 387 176 410 204
pottedplant 0.0022 392 181 405 194
pottedplant 0.0016 381 181 397 196
pottedplant 0.0015 392 193 405 203
pottedplant 0.0014 368 160 450 207
pottedplant 0.0012 377 190 384 208
pottedplant 0.0012 408 182 425 209
pottedplant 0.0011 392 157 429 214
pottedplant 0.0011 370 178 386 215
