person 0.0056 231 176 251 203
person 0.0041 206 136 297 215
person 0.0041 229 170 246 197
person 0.0014 227 157 244 193
person 0.0012 228 156 239 170
person 0.0010 245 164 263 199
bicycle 0.0011 190 117 300 215
car 0.7767 190 135 300 220
motorbike 0.0183 202 131 290 228
aeroplane 0.0010 202 131 290 228
bus 0.0045 200 137 293 218
train 0.0386 200 137 293 218
boat 0.0157 206 136 297 215
bird 0.0194 38 255 63 282
bird 0.0026 70 204 98 302
bird 0.0015 71 263 106 294
bird 0.0013 232 176 245 194
bird 0.0010 206 136 297 215
dog 0.0027 206 136 297 215
horse 0.0289 206 136 297 215
sheep 0.0028 190 117 300 215
cow 0.0210 206 136 297 215
tvmonitor 0.0012 190 135 300 220
