person 0.1374 142 18 488 334
person 0.0051 -18 0 451 271
bicycle 0.0018 35 -13 462 284
car 0.0454 35 -13 462 284
motorbike 0.0033 90 -17 473 290
bus 0.0011 35 -13 462 284
boat 0.1172 35 -13 462 284
cat 0.0015 143 30 488 353
dog 0.9838 136 33 431 309
dog 0.0053 -3 1 363 336
dog 0.0041 45 117 450 351
dog 0.0030 154 37 358 129
dog 0.0013 194 125 380 225
dog 0.0011 211 151 368 265
bottle 0.3781 220 146 292 243
bottle 0.0021 221 143 260 208
bottle 0.0018 299 179 339 218
bottle 0.0016 226 176 332 241
bottle 0.0012 232 160 333 306
chair 0.9132 -11 8 446 337
chair 0.2196 153 83 421 319
chair 0.0640 26 -2 251 333
chair 0.0189 137 32 435 235
chair 0.0066 227 156 413 331
chair 0.0024 45 162 388 322
chair 0.0020 255 232 406 330
chair 0.0010 211 151 368 265
sofa 0.0189 35 -13 462 284
sofa 0.0049 45 117 450 351
diningtable 0.0029 35 -13 462 284
tvmonitor 0.0011 147 3 215 80
