person 0.7862 25 166 41 204
person 0.6496 21 165 34 205
person 0.4894 34 171 45 206
person 0.4795 48 168 61 203
person 0.4128 55 170 66 207
person 0.3406 65 171 79 207
person 0.2768 305 127 315 144
person 0.1720 56 172 64 193
person 0.1283 66 171 75 180
person 0.1081 28 166 37 180
person 0.0582 37 173 45 193
person 0.0537 32 181 40 200
person 0.0459 50 171 59 196
person 0.0357 29 174 39 192
person 0.0290 36 169 45 181
person 0.0273 67 170 78 189
person 0.0262 48 178 57 200
person 0.0148 1 166 6 182
person 0.0135 73 172 86 206
person 0.0134 208 147 242 177
person 0.0131 301 125 311 145
person 0.0129 23 167 32 181
person 0.0126 64 77 450 247
person 0.0117 1 174 8 192
person 0.0106 227 153 262 174
person 0.0100 22 172 31 191
person 0.0091 58 170 66 181
person 0.0090 74 173 83 191
person 0.0081 76 180 85 204
person 0.0074 0 174 15 207
person 0.0072 12 148 17 157
person 0.0069 234 155 253 169
person 0.0068 329 127 338 145
person 0.0044 306 132 314 148
person 0.0042 20 184 29 201
person 0.0042 76 113 104 200
person 0.0040 0 177 9 204
person 0.0040 50 169 59 180
person 0.0037 229 156 243 172
person 0.0033 254 150 290 175
person 0.0025 302 122 319 148
person 0.0025 209 151 222 174
person 0.0024 295 119 313 148
person 0.0024 395 139 407 189
person 0.0024 226 151 246 175
person 0.0023 318 127 327 145
person 0.0020 81 166 96 202
person 0.0019 34 169 70 199
person 0.0019 496 150 499 176
person 0.0018 256 158 275 173
person 0.0016 28 164 34 170
person 0.0014 303 126 316 160
person 0.0014 37 193 44 204
person 0.0013 16 168 50 201
person 0.0012 0 151 10 198
person 0.0012 315 35 326 43
person 0.0011 221 154 233 173
bicycle 0.0011 20 184 29 201
car 0.6987 0 174 15 207
car 0.1275 -1 177 28 205
car 0.1103 0 177 9 204
car 0.0173 1 174 8 192
car 0.0094 5 185 20 202
car 0.0047 0 185 22 212
car 0.0034 20 184 29 201
car 0.0032 3 188 7 209
car 0.0020 13 180 53 202
car 0.0020 -2 164 65 203
car 0.0016 19 168 33 209
car 0.0012 450 116 498 130
train 0.9996 78 86 494 265
train 0.0037 106 33 462 111
train 0.0036 241 76 487 131
train 0.0010 406 77 498 127
chair 0.0015 123 38 137 56
pottedplant 0.0010 94 49 108 60
