person 0.0093 377 188 385 199
person 0.0081 64 233 78 247
person 0.0045 202 175 208 189
person 0.0033 156 185 164 194
person 0.0031 0 136 9 188
person 0.0029 5 11 492 265
person 0.0026 193 177 201 187
person 0.0020 8 142 23 183
person 0.0020 181 177 193 187
person 0.0019 13 144 30 181
person 0.0018 382 187 389 199
person 0.0016 284 178 298 189
person 0.0016 183 182 191 201
person 0.0015 34 145 54 179
person 0.0015 496 171 499 193
person 0.0015 61 215 78 248
person 0.0014 0 138 2 187
person 0.0013 235 168 239 176
person 0.0012 34 204 52 238
person 0.0012 430 91 469 151
person 0.0011 237 111 496 209
car 0.6033 161 174 211 202
car 0.3670 168 171 244 201
car 0.2277 258 171 310 191
car 0.1349 207 173 240 198
car 0.0092 381 174 489 212
car 0.0056 156 185 164 194
car 0.0052 230 175 242 188
car 0.0051 245 176 262 186
car 0.0031 170 177 187 187
car 0.0030 259 178 270 186
car 0.0025 238 165 395 189
car 0.0024 239 176 251 186
car 0.0018 263 152 476 219
car 0.0013 158 184 176 197
car 0.0011 -18 -31 473 197
car 0.0011 1 124 97 268
car 0.0011 108 195 124 206
car 0.0011 153 180 186 202
car 0.0011 160 179 176 191
car 0.0011 234 171 273 188
aeroplane 0.9977 6 -26 488 195
bus 0.0646 258 171 310 191
bus 0.0584 1 124 97 268
bus 0.0053 233 165 323 194
bus 0.0012 6 179 92 249
train 0.0054 1 124 97 268
boat 0.0011 257 164 308 189
cow 0.0022 -25 -13 478 223
