person 0.9958 63 183 240 408
person 0.0552 143 270 242 442
person 0.0048 127 303 159 365
person 0.0044 139 332 167 420
person 0.0024 89 277 240 391
person 0.0018 54 234 209 347
person 0.0017 34 270 63 322
person 0.0011 151 391 193 430
person 0.0010 163 404 199 430
boat 0.0021 41 185 240 454
bottle 0.0016 68 331 101 392
bottle 0.0015 78 338 108 404
bottle 0.0012 76 338 98 381
chair 0.0167 143 270 242 442
chair 0.0133 141 357 169 428
chair 0.0055 28 407 238 491
chair 0.0026 143 379 159 420
chair 0.0023 139 363 151 375
chair 0.0021 37 269 61 322
chair 0.0019 143 361 156 375
chair 0.0017 39 265 126 327
chair 0.0014 151 389 173 430
sofa 0.0027 20 257 244 477
sofa 0.0014 39 265 126 327
sofa 0.0010 106 289 243 428
diningtable 0.1944 21 317 157 421
diningtable 0.0713 20 257 244 477
diningtable 0.0081 28 407 238 491
diningtable 0.0078 143 270 242 442
diningtable 0.0066 28 348 217 461
diningtable 0.0059 25 275 155 380
diningtable 0.0028 41 373 120 415
diningtable 0.0013 89 277 240 391
diningtable 0.0013 37 392 153 432
diningtable 0.0012 34 242 156 344
