person 0.9991 135 54 392 327
person 0.9987 0 3 135 344
person 0.9092 121 -8 193 210
person 0.1206 188 1 223 92
person 0.0541 126 0 190 121
person 0.0193 332 121 406 242
person 0.0103 165 5 194 85
person 0.0047 196 2 232 54
person 0.0047 190 6 209 47
person 0.0031 128 121 164 192
person 0.0024 87 50 201 199
person 0.0023 143 9 188 81
person 0.0022 206 10 231 45
person 0.0016 128 96 194 214
person 0.0014 142 116 184 200
person 0.0012 198 15 231 99
person 0.0011 189 11 204 83
bicycle 0.0031 72 226 148 330
bicycle 0.0021 484 105 499 141
bicycle 0.0013 3 17 161 327
car 0.0420 3 17 161 327
car 0.0325 484 105 499 141
car 0.0121 226 2 501 116
car 0.0042 0 109 19 245
car 0.0034 84 20 430 322
car 0.0033 490 114 499 137
car 0.0020 10 0 489 172
car 0.0011 478 77 499 153
car 0.0011 4 2 128 109
motorbike 0.0060 487 88 499 144
motorbike 0.0015 479 106 500 140
motorbike 0.0011 102 52 415 338
aeroplane 0.4348 216 -3 506 137
aeroplane 0.0102 10 0 489 172
aeroplane 0.0087 84 20 430 322
aeroplane 0.0015 -3 6 136 263
bus 0.0901 -3 6 136 263
bus 0.0501 168 -4 496 160
bus 0.0025 59 -6 217 202
bus 0.0021 84 20 430 322
bus 0.0019 -10 -3 449 191
bus 0.0014 2 24 129 152
train 0.0343 3 17 161 327
train 0.0059 84 20 430 322
train 0.0015 226 2 501 116
boat 0.0717 217 -1 502 157
boat 0.0385 3 17 161 327
boat 0.0287 84 20 430 322
boat 0.0171 0 -6 506 132
boat 0.0016 4 2 128 109
boat 0.0013 16 0 240 97
boat 0.0012 94 0 324 190
bird 0.0020 368 122 388 149
chair 0.0087 196 2 232 91
chair 0.0058 206 10 231 45
chair 0.0051 120 191 198 307
chair 0.0033 107 201 191 269
chair 0.0013 178 170 201 207
chair 0.0010 165 120 195 202
