person 0.9987 177 8 494 372
person 0.9671 12 30 326 391
person 0.9021 0 145 83 252
person 0.8177 42 98 87 173
person 0.4613 1 92 32 148
person 0.1882 0 112 28 204
person 0.1489 3 117 39 150
person 0.0602 52 98 87 129
person 0.0573 40 126 53 142
person 0.0499 1 134 24 261
person 0.0475 -1 104 43 170
person 0.0391 0 92 5 117
person 0.0309 0 83 10 127
person 0.0269 0 174 67 335
person 0.0262 0 186 26 282
person 0.0217 2 144 65 212
person 0.0206 0 113 9 176
person 0.0195 0 93 9 153
person 0.0164 -1 85 24 128
person 0.0144 12 131 77 187
person 0.0140 57 85 88 111
person 0.0117 0 99 53 220
person 0.0104 44 134 76 173
person 0.0099 172 47 222 63
person 0.0095 -1 133 98 387
person 0.0094 0 131 7 214
person 0.0093 -1 122 34 162
person 0.0088 36 122 54 147
person 0.0088 -3 238 84 353
person 0.0080 0 96 3 132
person 0.0075 0 116 31 318
person 0.0065 0 119 3 150
person 0.0055 43 128 57 140
person 0.0054 35 144 73 182
person 0.0052 0 158 6 246
person 0.0052 13 89 86 193
person 0.0038 34 98 72 150
person 0.0038 0 229 26 314
person 0.0035 10 114 36 139
person 0.0035 0 243 81 303
person 0.0033 14 118 35 132
person 0.0031 0 102 3 147
person 0.0029 225 22 294 95
person 0.0029 11 128 52 154
person 0.0029 1 192 11 250
person 0.0025 61 87 85 102
person 0.0023 59 98 87 112
person 0.0023 61 92 86 119
person 0.0020 0 214 22 245
person 0.0019 423 106 502 212
person 0.0018 14 126 34 142
person 0.0017 40 135 82 210
person 0.0017 -4 60 199 324
person 0.0017 2 214 12 264
person 0.0017 36 127 72 162
person 0.0014 0 172 3 212
person 0.0012 0 126 23 179
person 0.0012 0 157 2 208
person 0.0012 25 122 60 149
person 0.0012 0 137 2 189
person 0.0012 33 107 93 244
person 0.0011 0 74 42 137
person 0.0010 0 137 44 169
person 0.0010 0 182 3 221
person 0.0010 0 44 6 129
person 0.0010 41 109 63 141
bottle 0.0090 -3 25 435 375
bottle 0.0020 154 4 500 317
chair 0.3619 0 245 71 302
chair 0.1348 0 249 65 367
chair 0.0175 -4 246 72 271
chair 0.0152 1 236 81 281
chair 0.0147 1 259 24 365
chair 0.0119 423 106 502 212
chair 0.0113 -1 215 86 335
chair 0.0082 0 254 51 329
chair 0.0080 0 256 46 282
chair 0.0078 0 229 26 314
chair 0.0066 1 245 34 272
chair 0.0053 61 58 509 374
chair 0.0049 0 281 5 372
chair 0.0030 0 242 45 262
chair 0.0022 0 229 6 308
chair 0.0017 -1 133 98 387
chair 0.0015 0 224 22 253
chair 0.0012 0 292 1 361
chair 0.0012 0 232 24 267
chair 0.0012 0 282 43 374
chair 0.0011 1 217 10 282
chair 0.0011 -7 155 101 270
chair 0.0010 0 246 3 290
chair 0.0010 3 244 80 261
chair 0.0010 0 262 35 292
sofa 0.0075 61 58 509 374
sofa 0.0023 -2 246 86 373
diningtable 0.0128 0 186 26 282
diningtable 0.0116 0 214 22 245
diningtable 0.0083 230 195 274 226
diningtable 0.0065 235 186 271 215
diningtable 0.0063 1 238 34 263
diningtable 0.0063 1 229 9 249
diningtable 0.0048 2 214 12 264
diningtable 0.0047 227 208 266 230
diningtable 0.0029 -2 246 86 373
diningtable 0.0027 1 230 20 246
diningtable 0.0026 1 234 4 265
diningtable 0.0021 211 194 272 236
diningtable 0.0019 1 192 11 250
diningtable 0.0017 2 225 20 238
diningtable 0.0014 -1 236 71 284
diningtable 0.0012 0 227 29 253
diningtable 0.0012 1 221 7 240
diningtable 0.0011 1 259 24 365
tvmonitor 0.9629 47 15 119 80
tvmonitor 0.0011 67 32 111 66
