person 0.9994 406 78 486 214
person 0.9961 180 85 259 203
person 0.9837 24 79 82 188
person 0.0864 17 76 103 240
person 0.0042 179 90 219 192
person 0.0012 182 128 256 190
person 0.0011 0 155 3 190
person 0.0010 498 176 499 227
horse 0.9988 189 127 252 273
horse 0.9974 1 107 103 253
horse 0.9407 415 137 479 304
horse 0.0382 405 78 473 274
horse 0.0041 1 139 8 207
horse 0.0036 0 155 3 190
horse 0.0031 0 106 18 212
horse 0.0023 0 116 7 192
horse 0.0023 0 147 3 180
horse 0.0022 414 163 448 274
horse 0.0021 196 160 239 258
horse 0.0021 163 103 274 209
horse 0.0018 415 144 483 212
horse 0.0013 387 96 494 214
horse 0.0013 0 136 3 172
horse 0.0012 430 161 471 277
cow 0.0010 415 150 478 307
