person 0.9982 47 20 233 388
person 0.9809 378 231 452 407
person 0.9638 446 280 499 365
person 0.4977 471 231 499 307
person 0.3520 443 331 490 396
person 0.3511 221 186 259 236
person 0.3393 353 250 402 397
person 0.1149 457 235 492 304
person 0.0939 361 222 424 396
person 0.0894 439 338 480 373
person 0.0773 475 235 500 271
person 0.0694 200 37 504 390
person 0.0589 378 226 413 302
person 0.0389 477 302 499 385
person 0.0346 456 233 480 272
person 0.0327 435 245 473 321
person 0.0226 487 322 499 373
person 0.0204 371 335 408 396
person 0.0202 430 288 464 360
person 0.0197 489 222 498 319
person 0.0193 476 257 499 351
person 0.0179 372 264 400 383
person 0.0170 440 321 497 374
person 0.0158 389 222 427 280
person 0.0143 363 259 395 354
person 0.0129 376 240 406 326
person 0.0128 187 191 261 262
person 0.0104 486 227 498 276
person 0.0100 437 244 474 278
person 0.0094 464 243 484 274
person 0.0087 422 268 490 383
person 0.0082 439 231 500 341
person 0.0082 478 331 499 365
person 0.0080 491 258 499 321
person 0.0078 437 315 470 369
person 0.0074 16 99 188 369
person 0.0072 487 339 498 394
person 0.0072 388 228 408 275
person 0.0064 490 205 499 259
person 0.0063 230 186 253 223
person 0.0060 382 224 416 259
person 0.0060 421 237 484 294
person 0.0056 476 189 500 273
person 0.0048 489 283 498 355
person 0.0048 493 348 499 366
person 0.0046 382 230 444 298
person 0.0045 434 312 455 350
person 0.0042 31 141 523 391
person 0.0042 496 223 499 261
person 0.0040 440 356 501 398
person 0.0039 495 334 499 364
person 0.0038 478 348 499 386
person 0.0037 379 227 399 277
person 0.0037 380 215 492 343
person 0.0035 385 257 398 304
person 0.0032 374 333 398 377
person 0.0032 328 219 489 394
person 0.0031 396 223 467 276
person 0.0028 421 259 453 350
person 0.0027 374 258 390 303
person 0.0025 490 187 499 239
person 0.0025 453 251 476 288
person 0.0025 461 234 472 246
person 0.0023 477 265 497 313
person 0.0023 493 192 498 216
person 0.0023 467 251 481 270
person 0.0022 464 250 485 289
person 0.0022 498 259 499 320
person 0.0021 386 189 497 294
person 0.0021 438 224 498 274
person 0.0021 495 196 498 227
person 0.0020 460 272 495 307
person 0.0019 415 246 450 321
person 0.0019 379 305 499 392
person 0.0019 209 188 248 220
person 0.0018 395 232 418 270
person 0.0018 496 292 499 327
person 0.0017 332 221 393 391
person 0.0017 496 202 498 243
person 0.0016 437 308 503 409
person 0.0016 373 329 452 395
person 0.0016 448 255 467 304
person 0.0016 438 355 494 376
person 0.0016 459 251 475 271
person 0.0015 438 285 457 316
person 0.0015 390 244 402 299
person 0.0015 219 199 230 211
person 0.0014 496 242 498 279
person 0.0014 217 204 230 219
person 0.0014 465 243 500 409
person 0.0013 475 213 498 253
person 0.0012 399 235 433 269
person 0.0012 431 317 448 356
person 0.0012 217 189 238 219
person 0.0012 437 224 473 259
person 0.0011 381 221 414 243
person 0.0011 495 319 498 358
person 0.0011 478 243 494 258
person 0.0010 215 198 235 226
person 0.0010 376 262 385 280
dog 0.0086 440 333 498 391
dog 0.0031 442 338 488 373
horse 0.9162 169 63 502 384
horse 0.0139 6 263 124 386
horse 0.0109 19 96 424 358
horse 0.0101 0 231 189 398
horse 0.0040 77 75 242 378
horse 0.0016 11 -12 253 417
horse 0.0011 440 333 498 391
cow 0.0043 79 48 498 374
bottle 0.0011 493 348 499 366
chair 0.1796 371 335 408 396
chair 0.1412 440 333 498 391
chair 0.0720 441 331 485 366
chair 0.0688 374 333 398 377
chair 0.0521 440 277 500 396
chair 0.0421 447 308 496 378
chair 0.0359 478 358 499 396
chair 0.0275 476 323 501 398
chair 0.0180 375 355 401 396
chair 0.0176 434 315 455 357
chair 0.0138 488 329 498 385
chair 0.0136 493 348 499 366
chair 0.0130 437 315 470 369
chair 0.0116 487 308 499 368
chair 0.0108 375 273 452 403
chair 0.0105 477 339 499 375
chair 0.0101 444 371 487 397
chair 0.0095 495 334 499 364
chair 0.0060 479 361 496 370
chair 0.0046 379 302 396 333
chair 0.0043 488 379 499 396
chair 0.0041 385 357 408 397
chair 0.0039 489 359 498 371
chair 0.0035 379 358 397 374
chair 0.0033 478 317 499 361
chair 0.0032 480 354 495 365
chair 0.0031 379 333 395 345
chair 0.0029 372 371 410 397
chair 0.0029 446 361 502 393
chair 0.0025 442 357 454 371
chair 0.0024 495 319 498 358
chair 0.0023 449 339 498 373
chair 0.0022 381 361 490 396
chair 0.0019 384 332 486 393
chair 0.0018 478 367 497 382
chair 0.0016 361 278 421 399
chair 0.0016 493 361 497 391
chair 0.0015 372 264 400 383
chair 0.0014 430 288 464 360
chair 0.0013 496 292 499 327
chair 0.0012 494 310 498 347
chair 0.0011 377 322 396 357
chair 0.0011 489 283 498 355
chair 0.0011 438 355 494 376
chair 0.0011 496 300 499 336
sofa 0.0040 440 277 500 396
sofa 0.0030 440 321 497 374
diningtable 0.0096 489 359 498 371
diningtable 0.0075 479 361 496 370
diningtable 0.0046 478 358 499 396
diningtable 0.0027 487 339 498 394
diningtable 0.0017 493 348 499 366
diningtable 0.0016 440 333 498 391
diningtable 0.0012 441 331 485 366
