person 0.0169 26 250 66 316
person 0.0084 0 206 64 324
person 0.0078 27 259 63 286
person 0.0075 1 238 59 303
person 0.0058 152 101 164 112
person 0.0015 43 258 66 286
person 0.0015 386 169 394 180
person 0.0013 25 261 47 285
person 0.0012 44 232 82 302
person 0.0010 38 230 145 319
person 0.0010 343 250 354 292
car 0.0088 214 259 273 305
car 0.0039 198 251 234 276
car 0.0019 188 256 228 281
car 0.0018 56 198 64 206
car 0.0016 200 205 231 237
car 0.0013 64 186 76 199
car 0.0012 45 187 59 201
motorbike 0.0031 225 260 271 300
bus 0.0025 318 102 348 126
train 0.0150 229 187 360 290
train 0.0052 284 194 350 270
train 0.0052 232 183 293 239
train 0.0037 284 201 321 264
train 0.0031 279 144 356 278
train 0.0029 210 172 373 243
train 0.0024 236 196 309 258
train 0.0021 214 259 273 305
train 0.0016 279 176 357 238
train 0.0012 231 165 322 210
train 0.0011 322 207 356 287
train 0.0011 272 165 362 216
train 0.0010 299 184 365 307
boat 0.0160 214 259 273 305
boat 0.0029 200 205 231 237
boat 0.0010 198 179 237 238
boat 0.0010 282 171 356 287
bird 0.0010 432 77 443 81
dog 0.0016 225 260 271 300
bottle 0.0129 225 239 233 257
bottle 0.0126 225 260 271 300
bottle 0.0050 229 214 234 234
bottle 0.0049 279 137 285 150
bottle 0.0031 226 215 231 230
bottle 0.0025 228 241 236 256
bottle 0.0019 204 216 212 227
bottle 0.0016 209 215 219 227
bottle 0.0013 180 256 192 283
bottle 0.0013 204 243 211 255
bottle 0.0010 202 262 212 276
chair 0.0204 84 293 153 321
chair 0.0102 1 249 62 316
chair 0.0077 200 205 231 237
chair 0.0053 28 282 61 316
chair 0.0050 27 259 63 286
chair 0.0034 38 230 145 319
chair 0.0034 43 258 66 286
chair 0.0019 27 265 44 281
chair 0.0018 25 261 47 285
chair 0.0015 208 311 262 321
chair 0.0013 43 249 80 315
chair 0.0013 33 265 49 281
chair 0.0013 34 262 69 294
chair 0.0012 198 179 237 238
chair 0.0011 44 264 63 278
sofa 0.0026 1 249 62 316
pottedplant 0.0791 150 141 209 268
pottedplant 0.0709 159 144 205 227
pottedplant 0.0095 0 170 60 290
pottedplant 0.0023 153 198 201 258
pottedplant 0.0014 1 181 117 300
pottedplant 0.0013 148 190 210 306
pottedplant 0.0013 3 175 44 246
pottedplant 0.0012 11 179 80 238
pottedplant 0.0011 200 205 231 237
pottedplant 0.0010 38 230 145 319
pottedplant 0.0010 148 178 212 237
diningtable 0.0039 1 249 62 316
diningtable 0.0025 214 259 273 305
tvmonitor 0.0255 318 102 348 126
tvmonitor 0.0155 299 136 314 149
tvmonitor 0.0037 144 94 175 114
tvmonitor 0.0033 265 97 285 105
tvmonitor 0.0023 323 102 344 115
tvmonitor 0.0022 2 77 38 95
tvmonitor 0.0022 296 136 331 154
tvmonitor 0.0020 314 98 346 160
tvmonitor 0.0019 323 107 343 122
tvmonitor 0.0016 200 205 231 237
tvmonitor 0.0010 279 137 285 150
tvmonitor 0.0010 332 103 346 115
