person 0.0134 357 110 368 120
person 0.0124 344 108 354 120
person 0.0071 334 118 344 135
person 0.0044 85 39 98 49
person 0.0040 338 97 348 113
person 0.0028 344 100 353 115
person 0.0026 74 36 87 47
person 0.0014 13 30 149 85
person 0.0013 332 93 353 120
person 0.0012 109 70 125 84
person 0.0011 334 108 351 121
person 0.0010 338 93 346 103
car 0.0450 8 12 137 87
car 0.0208 210 1 257 13
car 0.0034 -2 54 65 97
car 0.0018 0 62 50 90
car 0.0017 48 93 450 198
car 0.0010 327 91 362 121
motorbike 0.0039 8 12 137 87
aeroplane 0.9514 49 72 453 217
aeroplane 0.6652 0 22 146 92
aeroplane 0.0118 6 20 258 108
aeroplane 0.0085 -2 54 65 97
aeroplane 0.0024 91 136 468 220
aeroplane 0.0017 259 156 459 226
bus 0.0039 -1 28 136 85
bus 0.0017 210 1 257 13
train 0.0021 48 93 450 198
boat 0.0050 48 93 450 198
boat 0.0031 0 22 146 92
horse 0.0019 49 72 453 217
sheep 0.0011 8 12 137 87
