person 0.5775 396 155 414 179
person 0.4631 371 163 384 180
person 0.3921 393 159 407 179
person 0.2052 392 153 402 170
person 0.1936 336 165 347 181
person 0.1740 387 152 397 171
person 0.1509 364 164 376 180
person 0.1344 391 149 408 178
person 0.1250 295 158 316 182
person 0.1221 329 144 348 180
person 0.1086 385 157 396 179
person 0.1053 358 166 368 180
person 0.0977 280 161 292 184
person 0.0913 304 161 317 179
person 0.0870 433 152 443 166
person 0.0823 384 149 399 178
person 0.0802 422 145 432 161
person 0.0798 415 151 423 166
person 0.0749 438 144 456 176
person 0.0623 401 153 412 171
person 0.0531 415 146 424 161
person 0.0527 442 144 454 163
person 0.0512 106 144 129 174
person 0.0490 442 149 451 167
person 0.0489 326 164 336 181
person 0.0368 345 171 354 181
person 0.0365 210 155 220 170
person 0.0339 393 147 403 159
person 0.0323 364 170 374 181
person 0.0307 325 136 342 170
person 0.0289 373 170 383 181
person 0.0241 109 135 148 170
person 0.0232 361 159 382 181
person 0.0195 433 147 444 161
person 0.0191 306 153 317 170
person 0.0178 375 156 385 169
person 0.0176 335 150 347 169
person 0.0166 111 152 124 167
person 0.0165 106 150 121 167
person 0.0162 298 154 310 171
person 0.0151 296 170 314 182
person 0.0151 285 170 296 183
person 0.0139 333 144 345 161
person 0.0130 418 146 435 174
person 0.0123 326 142 337 161
person 0.0113 402 147 412 159
person 0.0107 50 87 495 287
person 0.0102 285 161 296 181
person 0.0094 496 166 499 195
person 0.0093 302 147 320 178
person 0.0087 429 147 448 174
person 0.0086 344 146 358 180
person 0.0076 95 132 156 178
person 0.0074 446 143 458 179
person 0.0067 324 153 340 182
person 0.0060 326 147 336 171
person 0.0059 361 146 378 178
person 0.0058 495 161 499 179
person 0.0058 286 150 296 170
person 0.0058 345 150 354 171
person 0.0058 364 153 375 169
person 0.0057 280 140 293 182
person 0.0057 411 146 426 176
person 0.0055 199 155 218 187
person 0.0054 448 148 457 171
person 0.0050 117 142 138 175
person 0.0049 394 170 404 180
person 0.0048 493 179 499 204
person 0.0047 388 148 397 159
person 0.0047 318 161 327 181
person 0.0047 338 142 451 179
person 0.0046 281 151 291 170
person 0.0046 315 143 330 179
person 0.0046 103 137 123 168
person 0.0046 237 167 247 189
person 0.0045 285 142 295 161
person 0.0045 282 133 297 169
person 0.0039 299 140 409 180
person 0.0039 111 145 124 161
person 0.0038 282 141 291 161
person 0.0037 316 151 325 171
person 0.0036 373 155 406 180
person 0.0034 107 125 129 160
person 0.0033 412 159 420 178
person 0.0033 325 156 356 182
person 0.0033 364 145 376 161
person 0.0033 369 149 388 178
person 0.0033 346 145 355 160
person 0.0031 308 145 317 160
person 0.0030 106 146 120 161
person 0.0030 352 145 368 180
person 0.0027 9 176 31 188
person 0.0026 124 131 160 180
person 0.0026 319 143 328 159
person 0.0025 490 184 500 210
person 0.0023 321 134 353 182
person 0.0023 319 172 327 181
person 0.0022 432 160 442 177
person 0.0022 123 154 132 166
person 0.0021 208 145 223 178
car 0.8513 35 175 66 199
car 0.6747 490 184 500 210
car 0.4799 4 177 42 199
car 0.2491 5 175 27 188
car 0.1068 8 167 56 190
car 0.0771 2 172 31 192
car 0.0624 493 179 499 204
car 0.0595 5 179 23 194
car 0.0536 42 175 64 189
car 0.0387 41 180 63 195
car 0.0324 490 155 500 208
car 0.0238 13 181 34 194
car 0.0213 23 184 41 195
car 0.0188 3 180 9 199
car 0.0104 496 166 499 195
car 0.0094 3 185 44 205
car 0.0091 17 162 63 182
car 0.0073 6 166 23 175
car 0.0063 495 161 499 179
car 0.0049 1 172 13 206
car 0.0041 2 186 7 206
car 0.0038 3 172 7 190
car 0.0032 1 172 64 207
car 0.0028 35 182 50 194
car 0.0023 22 178 43 186
car 0.0019 35 177 52 187
car 0.0017 56 173 66 188
car 0.0016 495 155 499 168
car 0.0015 34 182 67 208
car 0.0012 475 159 500 221
car 0.0012 4 163 48 181
car 0.0011 1 182 22 208
car 0.0011 59 180 67 196
car 0.0010 22 180 43 200
motorbike 0.0018 489 170 500 211
bus 0.9998 51 58 479 283
bus 0.0051 490 155 500 208
bus 0.0011 20 153 65 168
bus 0.0011 492 124 499 197
bus 0.0010 17 162 63 182
