person 0.9873 0 239 51 372
person 0.0803 0 237 11 280
person 0.0686 3 255 43 338
person 0.0325 0 238 9 318
person 0.0249 0 244 6 274
person 0.0136 0 253 6 342
person 0.0122 40 241 91 373
person 0.0086 3 246 26 371
person 0.0082 470 -25 498 302
person 0.0078 12 223 83 370
person 0.0074 475 0 497 126
person 0.0066 1 253 6 282
person 0.0058 48 139 480 387
person 0.0050 1 232 21 319
person 0.0031 13 224 51 284
person 0.0029 32 236 50 282
person 0.0029 29 221 58 287
person 0.0025 1 259 4 297
person 0.0019 35 269 63 356
person 0.0018 0 214 12 267
person 0.0015 53 230 83 316
person 0.0015 0 240 3 393
person 0.0014 70 258 98 367
person 0.0014 450 -18 501 372
person 0.0013 0 262 2 314
person 0.0011 0 264 1 331
person 0.0010 26 228 45 271
person 0.0010 4 240 42 276
person 0.0010 34 229 62 317
bicycle 0.0051 92 116 503 356
car 0.0010 92 116 503 356
motorbike 0.0042 92 116 503 356
motorbike 0.0021 255 287 478 375
bird 0.0021 87 184 506 397
cat 0.0598 112 121 516 352
cat 0.0164 334 290 478 376
dog 0.5040 110 146 511 374
dog 0.0223 255 287 478 375
dog 0.0023 358 287 497 373
horse 0.0354 255 287 478 375
horse 0.0138 110 146 511 374
horse 0.0014 358 287 497 373
sheep 0.8619 119 157 473 365
sheep 0.0056 255 287 478 375
sheep 0.0019 220 299 370 373
cow 0.0775 87 184 506 397
cow 0.0111 255 287 478 375
chair 0.0108 92 116 503 356
chair 0.0023 240 317 350 375
sofa 0.0049 87 184 506 397
