person 0.0495 431 194 439 212
person 0.0044 428 185 444 216
person 0.0037 448 203 465 233
person 0.0018 442 204 450 219
person 0.0015 349 223 358 254
person 0.0014 427 193 435 212
person 0.0013 452 206 460 220
person 0.0012 120 144 442 258
person 0.0012 493 195 499 205
person 0.0010 424 200 434 217
car 0.0014 467 197 485 204
car 0.0013 493 195 499 205
car 0.0011 477 194 496 204
aeroplane 0.9995 61 112 463 274
aeroplane 0.0249 477 166 500 197
aeroplane 0.0191 470 163 499 230
aeroplane 0.0170 439 194 499 238
aeroplane 0.0129 436 167 499 226
aeroplane 0.0087 493 195 499 205
aeroplane 0.0066 477 194 496 204
aeroplane 0.0038 453 193 498 208
aeroplane 0.0036 467 197 485 204
aeroplane 0.0035 456 144 497 216
aeroplane 0.0031 69 118 352 215
aeroplane 0.0023 484 169 499 211
aeroplane 0.0022 385 150 496 243
aeroplane 0.0022 476 184 500 215
aeroplane 0.0020 473 119 499 199
aeroplane 0.0019 468 177 500 205
aeroplane 0.0018 440 139 499 254
aeroplane 0.0014 494 179 498 203
bird 0.0013 477 166 500 197
