person 0.0724 44 50 410 463
person 0.0352 240 8 392 259
person 0.0030 237 3 389 111
person 0.0018 248 34 388 152
person 0.0016 280 62 363 107
person 0.0014 2 -14 404 287
person 0.0013 254 70 384 199
person 0.0011 297 77 394 246
car 0.0028 -1 0 395 434
boat 0.0010 -7 151 401 497
cat 0.0011 41 69 414 494
dog 0.9972 -7 71 357 488
dog 0.0025 6 53 144 443
chair 0.0814 -1 0 395 434
chair 0.0021 240 8 392 259
chair 0.0015 233 243 389 494
chair 0.0010 4 15 165 263
sofa 0.7867 -1 0 395 434
sofa 0.0189 -2 228 396 498
sofa 0.0081 240 8 392 259
sofa 0.0034 233 243 389 494
sofa 0.0028 134 66 404 500
sofa 0.0026 7 22 219 319
sofa 0.0022 6 53 144 443
sofa 0.0016 9 -24 400 221
diningtable 0.0151 44 50 410 463
diningtable 0.0049 -2 228 396 498
