person 0.0035 24 382 165 492
person 0.0020 -2 317 315 496
person 0.0019 4 66 302 407
cat 0.5021 258 65 315 124
cat 0.2236 24 382 165 492
cat 0.0157 116 112 202 210
cat 0.0026 246 37 363 136
dog 0.9675 116 112 202 210
dog 0.6801 45 377 174 490
dog 0.6715 257 66 315 134
dog 0.0143 17 45 289 320
dog 0.0043 246 37 363 136
dog 0.0036 173 11 377 207
chair 0.9933 -3 32 311 378
chair 0.9640 166 15 377 252
chair 0.0099 191 22 360 147
chair 0.0061 5 217 324 508
chair 0.0058 -15 326 271 494
chair 0.0012 249 107 385 239
sofa 0.3106 -8 22 370 393
sofa 0.1467 155 33 382 286
sofa 0.0356 5 217 324 508
sofa 0.0098 -15 326 271 494
sofa 0.0022 293 113 389 246
sofa 0.0012 15 52 227 317
sofa 0.0010 73 68 304 346
sofa 0.0010 10 173 299 379
diningtable 0.0069 -11 287 384 503
