person 0.0041 0 265 62 329
train 0.0020 386 114 454 173
chair 0.4973 0 265 62 329
chair 0.3362 167 272 297 331
chair 0.2660 248 235 339 295
chair 0.0830 -1 212 92 325
chair 0.0713 265 178 285 220
chair 0.0651 117 214 219 278
chair 0.0442 2 315 61 334
chair 0.0381 248 181 267 217
chair 0.0240 244 164 283 216
chair 0.0114 244 162 267 201
chair 0.0101 272 172 288 206
chair 0.0086 262 160 283 166
chair 0.0075 276 179 286 200
chair 0.0055 268 179 282 199
chair 0.0049 2 287 59 322
chair 0.0041 274 172 287 186
chair 0.0039 243 160 288 180
chair 0.0034 264 163 287 198
chair 0.0033 55 281 88 307
chair 0.0028 249 170 273 209
chair 0.0027 313 159 371 170
chair 0.0024 250 161 281 166
chair 0.0022 250 182 264 200
chair 0.0019 244 159 288 170
chair 0.0017 268 174 283 188
chair 0.0016 276 159 287 165
chair 0.0016 257 255 334 318
chair 0.0015 354 160 371 167
chair 0.0014 297 158 304 165
chair 0.0012 289 158 301 166
chair 0.0011 126 247 198 287
chair 0.0010 252 153 292 206
sofa 0.8318 6 163 202 266
sofa 0.2994 1 215 93 293
sofa 0.2615 0 265 62 329
sofa 0.0360 116 209 222 270
sofa 0.0221 159 267 297 329
sofa 0.0086 -3 232 90 340
sofa 0.0077 249 232 338 285
sofa 0.0070 243 159 287 197
sofa 0.0041 2 315 61 334
sofa 0.0036 313 159 371 170
sofa 0.0020 2 287 59 322
sofa 0.0014 244 159 288 170
sofa 0.0014 -18 150 148 332
sofa 0.0013 265 178 285 220
sofa 0.0012 249 161 292 180
sofa 0.0011 254 167 290 218
pottedplant 0.2562 169 159 191 182
pottedplant 0.0296 172 165 186 180
pottedplant 0.0049 164 153 199 205
diningtable 0.3327 243 160 288 180
diningtable 0.0492 116 209 222 270
diningtable 0.0385 248 235 339 295
diningtable 0.0306 244 159 288 170
diningtable 0.0132 244 164 283 216
diningtable 0.0090 159 267 297 329
diningtable 0.0086 252 162 289 194
diningtable 0.0059 266 175 286 207
diningtable 0.0051 243 155 303 201
diningtable 0.0025 250 161 281 166
diningtable 0.0024 39 181 210 280
diningtable 0.0021 250 165 278 172
diningtable 0.0019 271 151 485 250
diningtable 0.0018 261 165 285 172
diningtable 0.0017 1 215 93 293
diningtable 0.0015 262 160 283 166
diningtable 0.0014 242 159 322 168
diningtable 0.0014 241 153 356 191
diningtable 0.0013 248 181 267 217
diningtable 0.0012 274 172 287 186
diningtable 0.0011 273 167 289 175
tvmonitor 0.0357 386 114 454 173
tvmonitor 0.0356 358 133 388 164
tvmonitor 0.0339 361 136 384 150
tvmonitor 0.0148 308 119 366 166
tvmonitor 0.0039 295 117 308 164
tvmonitor 0.0035 362 144 380 153
tvmonitor 0.0029 296 114 330 163
tvmonitor 0.0021 304 116 318 164
tvmonitor 0.0010 313 118 328 162
