person 0.0350 40 77 475 376
person 0.0024 217 10 502 201
person 0.0011 488 -1 499 202
cat 0.9871 131 75 496 370
dog 0.0062 125 26 516 372
chair 0.5330 0 1 92 156
chair 0.3027 217 10 502 201
chair 0.1012 40 77 475 376
chair 0.0190 468 128 498 224
chair 0.0163 11 6 162 146
chair 0.0154 87 12 245 129
chair 0.0066 118 10 534 296
chair 0.0049 8 2 108 93
chair 0.0048 76 43 206 152
chair 0.0040 484 62 499 219
chair 0.0035 490 94 500 153
chair 0.0033 0 79 47 158
chair 0.0025 469 89 500 305
chair 0.0021 -3 155 193 376
chair 0.0021 0 12 26 153
chair 0.0018 0 37 57 200
chair 0.0014 1 67 28 171
chair 0.0011 74 8 214 80
sofa 0.6335 83 38 508 351
sofa 0.1306 217 10 502 201
sofa 0.0335 -3 155 193 376
sofa 0.0263 0 1 92 156
sofa 0.0160 144 167 498 373
sofa 0.0026 233 59 490 307
sofa 0.0020 172 243 331 377
sofa 0.0013 105 98 336 354
sofa 0.0012 67 238 256 371
sofa 0.0010 8 2 108 93
diningtable 0.0730 40 77 475 376
diningtable 0.0344 87 12 245 129
diningtable 0.0028 103 51 227 152
diningtable 0.0013 0 1 92 156
diningtable 0.0012 368 176 487 276
tvmonitor 0.0091 461 133 496 214
tvmonitor 0.0032 475 95 498 224
tvmonitor 0.0011 -7 215 195 378
