person 0.2402 347 147 354 155
person 0.1692 338 146 346 155
person 0.0450 354 148 360 155
person 0.0322 329 145 336 153
person 0.0056 215 147 231 154
person 0.0056 319 145 325 151
person 0.0034 210 146 227 153
person 0.0026 48 134 391 212
person 0.0026 306 142 313 149
person 0.0024 247 136 258 152
person 0.0023 319 143 325 149
person 0.0022 382 143 392 157
person 0.0021 329 144 335 149
person 0.0021 314 142 366 159
person 0.0015 338 143 344 149
person 0.0015 310 145 315 151
person 0.0011 289 146 296 151
car 0.0019 306 141 359 159
aeroplane 0.9997 51 129 464 220
aeroplane 0.0045 55 133 296 211
aeroplane 0.0013 210 146 227 153
