person 0.1780 157 42 321 229
person 0.1480 1 127 40 188
person 0.0891 222 -3 337 134
person 0.0290 1 85 23 197
person 0.0277 1 124 28 226
person 0.0270 1 109 48 284
person 0.0254 344 0 409 160
person 0.0209 6 171 46 264
person 0.0195 1 9 19 155
person 0.0128 296 -3 421 143
person 0.0076 1 0 46 236
person 0.0064 355 9 461 146
person 0.0055 0 53 6 138
person 0.0044 166 230 241 364
person 0.0041 0 109 6 178
person 0.0040 -1 43 32 274
person 0.0039 1 159 26 275
person 0.0039 0 145 32 183
person 0.0038 0 81 7 149
person 0.0034 258 29 344 165
person 0.0033 0 -22 31 187
person 0.0029 221 2 302 51
person 0.0027 11 134 36 173
person 0.0025 0 134 9 192
person 0.0024 6 75 38 167
person 0.0018 445 197 497 346
person 0.0017 155 -8 352 163
person 0.0016 0 7 4 128
person 0.0015 6 15 36 149
person 0.0011 0 115 2 153
person 0.0011 0 129 34 160
person 0.0011 0 130 32 338
person 0.0010 1 137 26 172
bottle 0.9944 398 8 454 165
bottle 0.2568 243 120 387 339
bottle 0.0439 393 11 425 159
bottle 0.0327 178 199 215 225
bottle 0.0303 17 8 179 282
bottle 0.0266 470 42 498 117
bottle 0.0247 387 17 411 147
bottle 0.0091 287 151 343 204
bottle 0.0070 148 202 215 320
bottle 0.0065 453 32 499 207
bottle 0.0063 155 241 273 364
bottle 0.0059 439 44 463 157
bottle 0.0044 458 122 500 230
bottle 0.0042 475 54 498 185
bottle 0.0038 490 37 499 98
bottle 0.0036 460 48 491 148
bottle 0.0026 6 171 46 264
bottle 0.0021 370 5 421 157
bottle 0.0020 489 53 499 119
bottle 0.0019 416 31 450 159
bottle 0.0019 223 163 294 237
bottle 0.0018 168 156 420 355
bottle 0.0017 422 10 476 156
bottle 0.0014 398 26 412 69
bottle 0.0013 448 87 463 144
bottle 0.0012 494 132 499 214
bottle 0.0011 26 214 47 253
bottle 0.0010 183 204 208 220
chair 0.0114 463 40 495 122
chair 0.0030 1 122 31 195
chair 0.0025 166 230 241 364
chair 0.0021 6 171 46 264
chair 0.0017 436 32 468 136
chair 0.0014 0 134 9 192
chair 0.0014 473 25 498 108
chair 0.0014 1 137 25 256
chair 0.0012 1 109 48 284
chair 0.0011 380 14 484 139
chair 0.0010 146 221 216 350
chair 0.0010 1 48 18 193
diningtable 0.7203 23 240 495 370
diningtable 0.0608 24 99 482 359
diningtable 0.0191 155 241 273 364
diningtable 0.0069 61 291 379 368
diningtable 0.0047 241 286 497 371
diningtable 0.0043 235 148 400 359
diningtable 0.0018 317 116 500 335
diningtable 0.0013 0 258 196 371
diningtable 0.0010 -4 167 266 367
diningtable 0.0010 6 171 46 264
