person 0.0601 452 122 496 195
person 0.0219 476 205 499 233
person 0.0106 487 201 499 239
person 0.0099 494 206 499 233
person 0.0030 469 200 498 226
person 0.0024 477 205 496 221
person 0.0020 456 206 498 233
person 0.0019 478 211 495 226
person 0.0019 476 181 498 253
person 0.0018 476 186 499 220
person 0.0016 323 152 491 288
person 0.0015 383 124 491 247
person 0.0015 495 216 498 241
person 0.0014 431 143 465 209
person 0.0014 436 191 496 240
person 0.0014 2 145 147 289
person 0.0010 496 185 499 219
person 0.0010 414 162 452 226
car 0.9841 4 118 155 308
car 0.9709 316 122 496 310
car 0.0034 383 124 491 247
car 0.0015 367 158 490 287
aeroplane 0.0020 317 100 494 299
bus 0.0069 1 89 149 303
train 0.0061 1 89 149 303
boat 0.0044 4 92 154 301
boat 0.0027 317 100 494 299
bird 0.0026 452 122 496 195
bird 0.0011 317 100 494 299
dog 0.0013 452 122 496 195
