person 0.9311 14 2 297 198
person 0.1133 148 0 217 46
person 0.0754 3 -6 308 360
person 0.0425 -1 9 143 251
person 0.0267 3 0 76 217
person 0.0227 154 -1 271 50
person 0.0200 65 3 306 107
person 0.0156 -1 407 377 496
person 0.0095 204 0 344 26
person 0.0084 161 0 207 31
person 0.0057 222 0 279 10
person 0.0048 217 1 332 49
person 0.0046 11 43 218 295
person 0.0037 186 0 340 103
person 0.0030 84 -1 295 58
person 0.0025 268 0 328 16
person 0.0024 161 431 371 496
person 0.0022 89 1 229 29
person 0.0019 -7 2 19 95
person 0.0016 177 0 358 181
person 0.0016 246 0 311 13
person 0.0016 184 2 291 30
person 0.0015 164 14 205 47
person 0.0015 181 1 222 39
person 0.0015 159 -3 229 95
person 0.0014 -10 0 60 56
person 0.0012 238 0 262 4
person 0.0011 209 9 296 73
person 0.0010 88 30 281 151
person 0.0010 289 0 363 12
bicycle 0.0027 55 45 380 445
bus 0.0027 55 45 380 445
bottle 0.0600 289 0 324 21
bottle 0.0278 268 0 328 16
bottle 0.0085 232 0 285 11
bottle 0.0082 238 0 262 4
bottle 0.0074 294 1 319 13
bottle 0.0049 247 0 272 5
bottle 0.0047 216 2 367 23
bottle 0.0041 268 0 288 8
bottle 0.0039 258 0 278 7
bottle 0.0034 246 0 311 13
bottle 0.0032 225 0 254 4
bottle 0.0022 287 2 309 10
bottle 0.0021 273 1 302 7
bottle 0.0012 224 0 274 24
bottle 0.0012 305 3 328 12
bottle 0.0011 292 3 308 18
bottle 0.0010 289 0 363 12
bottle 0.0010 212 0 271 9
bottle 0.0010 217 1 332 49
chair 0.9582 11 69 317 440
chair 0.6202 20 11 276 231
chair 0.1594 151 421 378 491
chair 0.0478 114 117 237 223
chair 0.0307 200 132 273 192
chair 0.0242 -1 407 377 496
chair 0.0205 0 212 367 507
chair 0.0171 7 81 213 335
chair 0.0085 134 145 216 221
chair 0.0067 150 205 366 454
chair 0.0037 152 318 375 491
chair 0.0034 0 15 79 267
chair 0.0026 -7 2 19 95
chair 0.0025 177 356 355 454
chair 0.0019 22 6 286 108
chair 0.0019 33 111 200 233
chair 0.0017 191 2 284 51
chair 0.0014 72 87 231 201
chair 0.0013 142 138 250 188
chair 0.0013 157 0 228 47
chair 0.0011 96 134 213 258
chair 0.0010 -9 0 226 56
chair 0.0010 156 0 272 34
sofa 0.0393 151 421 378 491
sofa 0.0192 -1 407 377 496
sofa 0.0031 20 2 348 439
pottedplant 0.0011 216 2 367 23
diningtable 0.0039 55 45 380 445
diningtable 0.0031 222 165 368 475
diningtable 0.0028 230 6 368 111
diningtable 0.0013 10 143 317 496
diningtable 0.0012 302 144 375 261
diningtable 0.0010 204 0 344 26
