person 0.9816 374 -3 411 52
person 0.5507 438 26 456 42
person 0.0262 85 17 93 26
person 0.0133 343 12 354 21
person 0.0115 85 20 93 31
person 0.0106 79 20 87 31
person 0.0084 62 23 67 33
person 0.0081 79 17 89 27
person 0.0073 38 40 509 262
person 0.0064 316 9 325 16
person 0.0057 430 25 463 46
person 0.0050 144 21 150 34
person 0.0047 299 7 306 14
person 0.0039 495 16 499 41
person 0.0038 433 30 445 40
person 0.0034 313 14 329 23
person 0.0033 30 34 38 42
person 0.0033 205 14 210 26
person 0.0032 310 9 318 15
person 0.0031 496 8 499 30
person 0.0030 492 15 500 81
person 0.0029 332 12 350 21
person 0.0028 132 95 163 116
person 0.0025 302 14 322 23
person 0.0020 351 9 474 51
person 0.0019 447 29 459 41
person 0.0016 323 13 342 22
person 0.0015 66 23 74 32
person 0.0015 372 5 381 16
person 0.0015 496 21 499 53
person 0.0015 290 15 314 24
person 0.0014 496 -1 499 22
person 0.0013 477 22 495 34
person 0.0012 490 3 499 54
person 0.0012 234 15 240 24
person 0.0011 430 18 481 41
person 0.0010 95 23 104 30
car 0.9973 18 50 472 256
car 0.9695 261 37 487 125
car 0.7097 400 14 502 70
car 0.5481 290 15 314 24
car 0.3765 386 18 501 109
car 0.1979 340 22 493 61
car 0.1892 313 14 329 23
car 0.1847 302 14 322 23
car 0.1445 332 12 350 21
car 0.1398 323 13 342 22
car 0.0930 286 13 323 25
car 0.0462 343 12 354 21
car 0.0462 287 16 304 24
car 0.0404 311 11 351 23
car 0.0213 60 9 107 29
car 0.0132 343 9 355 16
car 0.0104 333 9 350 17
car 0.0063 110 23 128 31
car 0.0055 345 32 413 50
car 0.0046 327 9 338 16
car 0.0039 366 38 499 81
car 0.0039 327 29 432 60
car 0.0038 121 23 140 32
car 0.0038 227 58 446 139
car 0.0038 466 17 498 41
car 0.0037 362 0 419 51
car 0.0036 491 36 500 98
car 0.0035 129 22 146 32
car 0.0032 475 5 499 83
car 0.0029 351 9 474 51
car 0.0025 365 12 377 21
car 0.0024 437 4 498 117
car 0.0023 60 47 291 110
car 0.0023 282 16 289 23
car 0.0022 95 23 104 30
car 0.0022 341 10 380 22
car 0.0022 109 20 149 33
car 0.0021 321 5 358 21
car 0.0020 181 22 190 29
car 0.0020 2 36 23 43
car 0.0019 316 9 325 16
car 0.0019 367 5 377 15
car 0.0018 351 12 368 22
car 0.0018 79 20 87 31
car 0.0017 1 33 9 42
car 0.0016 110 16 129 25
car 0.0016 496 8 499 30
car 0.0015 372 5 381 16
car 0.0015 144 21 150 34
car 0.0015 101 31 474 108
car 0.0015 453 7 500 80
car 0.0013 66 23 74 32
car 0.0012 62 23 67 33
car 0.0012 105 23 118 31
car 0.0011 85 20 93 31
car 0.0010 495 16 499 41
car 0.0010 481 29 500 131
car 0.0010 372 12 381 20
motorbike 0.0020 -5 63 456 281
motorbike 0.0017 408 7 497 118
bus 0.0059 22 14 470 237
bus 0.0034 400 14 502 70
bus 0.0017 408 7 497 118
bus 0.0010 60 9 107 29
boat 0.0197 345 21 517 65
boat 0.0078 408 7 497 118
boat 0.0027 255 50 484 138
boat 0.0010 22 14 470 237
dog 0.0028 116 82 161 115
dog 0.0020 132 95 163 116
cow 0.0011 255 50 484 138
diningtable 0.0042 31 65 515 284
