person 0.0293 32 131 36 135
person 0.0254 20 44 383 383
car 0.0033 0 35 348 288
motorbike 0.0040 20 44 383 383
boat 0.2520 20 44 383 383
boat 0.0277 21 168 310 374
boat 0.0020 10 209 193 369
bird 0.0012 -24 25 323 367
dog 0.9659 7 43 341 380
dog 0.1531 12 182 261 365
dog 0.1080 79 44 335 264
dog 0.0073 7 84 272 292
dog 0.0043 15 212 175 322
dog 0.0027 60 137 273 238
dog 0.0020 48 236 209 361
dog 0.0014 0 186 189 264
horse 0.0242 20 44 383 383
horse 0.0039 79 44 335 264
horse 0.0029 21 168 310 374
