person 0.0618 59 410 383 497
person 0.0182 251 6 375 282
person 0.0015 2 471 118 499
person 0.0013 164 430 365 499
car 0.0011 251 6 375 282
bird 0.0011 198 249 377 452
cat 0.9985 198 240 376 432
dog 0.0010 59 410 383 497
chair 0.0420 59 410 383 497
chair 0.0158 -1 471 88 501
chair 0.0041 4 486 91 499
chair 0.0040 1 446 85 496
chair 0.0031 -10 475 170 498
chair 0.0024 69 419 244 494
chair 0.0015 198 249 377 452
sofa 0.1112 59 410 383 497
sofa 0.0010 69 419 244 494
pottedplant 0.9820 -5 128 230 378
pottedplant 0.0405 0 45 214 234
pottedplant 0.0086 7 80 156 191
pottedplant 0.0065 35 188 246 449
pottedplant 0.0063 -3 62 369 428
pottedplant 0.0042 76 119 210 211
pottedplant 0.0039 44 277 182 362
pottedplant 0.0034 76 194 166 360
pottedplant 0.0032 149 273 214 401
pottedplant 0.0028 251 6 375 282
pottedplant 0.0028 33 223 193 346
pottedplant 0.0022 143 184 213 370
pottedplant 0.0014 156 311 199 397
pottedplant 0.0013 0 216 42 272
pottedplant 0.0012 99 289 172 356
pottedplant 0.0010 61 183 216 328
diningtable 0.0124 -1 471 88 501
diningtable 0.0079 18 414 367 494
diningtable 0.0052 2 423 85 490
diningtable 0.0025 14 185 366 472
diningtable 0.0015 -2 485 61 499
diningtable 0.0011 -10 475 170 498
diningtable 0.0011 2 455 116 497
