person 0.9984 266 -7 364 264
person 0.9947 5 -12 71 264
person 0.9700 190 -13 274 254
person 0.9082 145 2 180 57
person 0.6032 313 6 375 274
person 0.0359 -4 -2 28 256
person 0.0182 205 44 295 205
person 0.0151 82 72 263 432
person 0.0147 172 0 282 110
person 0.0109 260 0 275 9
person 0.0094 0 47 20 237
person 0.0075 323 17 375 142
person 0.0074 260 1 290 65
person 0.0063 232 2 269 91
person 0.0061 142 3 211 56
person 0.0059 0 59 51 261
person 0.0051 249 1 272 8
person 0.0048 351 0 380 4
person 0.0048 172 1 190 9
person 0.0044 33 37 211 400
person 0.0043 262 -8 322 187
person 0.0040 168 0 217 11
person 0.0040 363 0 383 3
person 0.0040 142 1 163 50
person 0.0038 233 0 285 12
person 0.0038 248 42 306 203
person 0.0037 -1 6 23 120
person 0.0036 110 0 268 252
person 0.0035 170 1 228 55
person 0.0033 250 0 306 12
person 0.0033 178 0 206 6
person 0.0032 213 184 248 250
person 0.0025 0 -4 50 181
person 0.0025 162 1 182 10
person 0.0025 152 0 191 14
person 0.0022 264 0 292 6
person 0.0021 256 75 292 140
person 0.0021 262 0 297 27
person 0.0021 183 0 220 4
person 0.0021 335 0 375 26
person 0.0019 311 0 360 25
person 0.0017 177 0 245 8
person 0.0017 299 0 373 8
person 0.0016 223 0 274 26
person 0.0016 0 96 18 124
person 0.0016 273 0 340 9
person 0.0015 273 0 321 27
person 0.0014 224 3 283 124
person 0.0014 10 0 64 132
person 0.0013 334 0 394 9
person 0.0013 354 0 376 29
person 0.0011 29 -2 86 249
person 0.0011 149 0 180 23
person 0.0010 151 1 178 8
person 0.0010 198 0 269 59
bicycle 0.4132 139 15 162 56
bicycle 0.1154 135 4 188 56
bicycle 0.0995 141 21 178 59
bicycle 0.0066 141 21 151 46
bicycle 0.0015 145 23 157 44
bicycle 0.0014 205 44 295 205
bicycle 0.0012 139 6 154 46
bicycle 0.0011 142 17 151 32
car 0.0023 205 44 295 205
car 0.0010 142 3 211 56
motorbike 0.9995 48 81 249 430
motorbike 0.0465 139 15 162 56
motorbike 0.0423 135 4 188 56
motorbike 0.0120 205 44 295 205
motorbike 0.0039 141 21 178 59
bottle 0.0204 312 4 322 24
bottle 0.0109 310 4 322 39
bottle 0.0099 237 60 248 84
bottle 0.0029 311 12 321 30
pottedplant 0.0018 60 7 104 88
