person 0.9950 140 94 181 148
person 0.9939 86 60 130 150
person 0.9518 309 74 339 115
person 0.7110 66 71 93 157
person 0.6271 224 85 265 148
person 0.5141 242 126 272 151
person 0.1103 233 86 273 114
person 0.0447 306 71 339 153
person 0.0361 248 131 263 147
person 0.0355 74 72 95 100
person 0.0275 296 122 330 148
person 0.0218 84 75 97 93
person 0.0193 240 124 278 192
person 0.0140 225 83 282 126
person 0.0136 73 72 91 135
person 0.0126 295 123 315 155
person 0.0122 81 73 98 113
person 0.0106 483 98 492 107
person 0.0103 251 132 270 148
person 0.0100 299 125 312 142
person 0.0098 146 103 172 143
person 0.0097 205 111 277 158
person 0.0079 220 119 272 149
person 0.0071 253 89 274 114
person 0.0069 256 97 271 110
person 0.0062 51 102 497 288
person 0.0050 129 93 163 147
person 0.0049 217 86 256 118
person 0.0042 207 86 244 150
person 0.0041 234 84 254 109
person 0.0037 275 125 293 137
person 0.0037 81 83 96 143
person 0.0035 128 107 196 152
person 0.0035 254 93 275 135
person 0.0033 253 126 269 144
person 0.0030 119 66 135 81
person 0.0029 220 98 270 125
person 0.0028 129 109 146 142
person 0.0027 111 58 132 92
person 0.0025 113 82 140 145
person 0.0025 206 116 242 151
person 0.0025 310 126 332 152
person 0.0024 490 99 497 108
person 0.0024 119 92 138 135
person 0.0023 259 87 287 150
person 0.0019 213 91 235 114
person 0.0019 137 96 221 147
person 0.0019 221 116 233 131
person 0.0019 460 98 470 107
person 0.0018 87 73 97 82
person 0.0018 304 131 317 147
person 0.0017 121 59 134 75
person 0.0017 115 67 128 81
person 0.0016 60 62 114 174
person 0.0016 244 84 266 110
person 0.0016 272 122 296 146
person 0.0016 230 115 287 233
person 0.0016 299 130 311 149
person 0.0015 95 71 102 82
person 0.0015 121 122 435 227
person 0.0014 315 132 329 147
person 0.0013 57 93 91 171
person 0.0013 250 99 257 106
person 0.0012 243 132 253 147
person 0.0012 226 83 247 111
person 0.0011 118 60 137 89
person 0.0011 249 125 294 156
person 0.0011 232 97 242 109
person 0.0011 76 76 89 95
person 0.0010 90 56 127 110
car 0.9994 66 112 428 246
car 0.0069 347 113 467 203
car 0.0046 119 66 135 81
car 0.0038 490 99 497 108
car 0.0015 483 98 492 107
car 0.0011 118 60 137 89
car 0.0011 50 144 84 211
car 0.0011 372 129 448 177
motorbike 0.0023 63 134 428 244
dog 0.0041 397 136 440 164
dog 0.0035 370 122 449 165
dog 0.0022 380 132 436 157
dog 0.0010 233 86 273 114
sheep 0.0011 380 132 436 157
sheep 0.0010 397 136 440 164
bottle 0.0013 250 99 257 106
chair 0.0026 129 109 146 142
