person 0.9904 0 254 25 331
person 0.0382 176 289 180 298
person 0.0365 167 291 171 298
person 0.0243 147 292 151 309
person 0.0211 154 289 166 334
person 0.0205 185 289 189 299
person 0.0149 159 289 172 334
person 0.0125 157 291 161 299
person 0.0114 1 264 14 322
person 0.0105 138 293 142 308
person 0.0087 1 258 23 291
person 0.0069 167 289 170 315
person 0.0054 148 289 152 303
person 0.0049 193 292 198 308
person 0.0049 154 292 162 314
person 0.0045 1 287 14 334
person 0.0042 195 287 199 303
person 0.0027 185 292 191 310
person 0.0024 203 285 207 304
person 0.0023 214 294 219 306
person 0.0013 2 257 11 269
person 0.0010 175 292 180 312
person 0.0010 17 265 29 320
car 0.0464 150 291 192 319
car 0.0015 154 292 162 314
car 0.0013 152 290 165 319
boat 0.0013 150 291 192 319
chair 0.0172 141 303 198 401
diningtable 0.0034 142 312 198 397
