person 0.9978 120 96 240 347
person 0.0095 42 162 260 388
person 0.0010 50 0 75 3
car 0.0742 0 15 37 46
car 0.0086 50 0 75 3
car 0.0080 45 0 97 7
car 0.0054 81 1 116 27
car 0.0049 6 4 111 37
car 0.0048 90 0 142 25
car 0.0036 58 0 119 8
car 0.0029 77 0 220 23
car 0.0022 82 1 117 7
car 0.0019 36 0 150 28
car 0.0019 -25 4 35 47
car 0.0016 43 0 66 3
car 0.0016 1 9 48 38
car 0.0015 61 0 98 3
car 0.0015 136 0 220 10
car 0.0014 16 0 91 7
car 0.0011 2 0 69 10
motorbike 0.9978 61 157 282 397
motorbike 0.0014 120 96 240 347
diningtable 0.0034 47 189 253 398
