person 0.9680 133 11 509 435
person 0.3026 2 -12 352 467
person 0.0620 3 54 181 415
person 0.0157 417 50 497 231
person 0.0115 317 15 505 362
person 0.0073 56 5 509 220
person 0.0069 392 -5 498 318
person 0.0045 1 11 285 277
person 0.0042 443 9 500 202
person 0.0028 39 150 208 456
person 0.0015 437 25 497 334
bird 0.0020 18 154 189 446
cat 0.2614 39 150 208 456
cat 0.0063 3 54 181 415
cat 0.0039 17 55 491 474
dog 0.7989 18 154 189 446
dog 0.0185 17 55 491 474
dog 0.0011 5 108 124 420
dog 0.0010 59 149 268 457
sheep 0.0049 146 50 502 475
chair 0.0193 17 55 491 474
chair 0.0082 3 54 181 415
chair 0.0037 -3 -11 280 461
chair 0.0031 57 0 508 312
chair 0.0013 317 15 505 362
sofa 0.1347 17 55 491 474
sofa 0.0728 57 0 508 312
sofa 0.0570 3 54 181 415
sofa 0.0180 -3 -11 280 461
sofa 0.0033 15 216 198 461
sofa 0.0024 181 304 495 454
sofa 0.0012 417 50 497 231
diningtable 0.0031 15 0 490 312
