person 0.0376 1 157 27 237
person 0.0092 495 171 500 191
person 0.0078 497 161 500 188
person 0.0036 2 181 25 222
person 0.0022 226 95 240 114
person 0.0016 0 152 23 190
person 0.0015 224 89 241 119
person 0.0015 1 173 26 301
person 0.0013 0 183 10 239
aeroplane 0.0011 28 -12 480 248
train 0.9798 27 17 481 292
train 0.0040 80 89 412 271
train 0.0033 408 190 494 236
train 0.0026 437 174 499 223
train 0.0018 192 145 375 251
train 0.0010 491 167 500 217
train 0.0010 476 159 499 233
train 0.0010 383 142 497 239
