person 0.0021 277 -2 406 66
person 0.0015 433 -2 501 119
person 0.0012 7 6 106 85
bottle 0.0076 24 0 104 73
bottle 0.0070 193 1 237 18
bottle 0.0018 415 8 498 70
bottle 0.0013 0 29 9 106
chair 0.0013 0 162 14 239
pottedplant 0.0011 412 0 501 121
diningtable 0.5647 15 50 480 342
diningtable 0.0415 0 22 505 202
diningtable 0.0282 31 66 469 145
diningtable 0.0268 5 232 469 353
diningtable 0.0043 223 67 489 130
diningtable 0.0035 415 8 498 70
diningtable 0.0030 37 31 379 117
diningtable 0.0029 412 0 501 121
diningtable 0.0027 0 216 45 364
diningtable 0.0015 173 55 424 112
diningtable 0.0014 416 70 497 287
diningtable 0.0012 0 155 47 317
diningtable 0.0012 30 292 448 366
