person 0.9909 123 123 209 379
person 0.9904 340 116 422 350
person 0.9660 71 103 142 370
person 0.9302 179 142 292 252
person 0.8556 236 193 361 339
person 0.0728 71 113 139 252
person 0.0331 265 255 374 374
person 0.0130 87 132 154 299
person 0.0064 59 122 124 310
person 0.0063 129 141 287 379
person 0.0054 199 131 275 187
person 0.0050 113 151 233 293
person 0.0040 224 129 247 161
person 0.0038 194 162 282 309
person 0.0038 279 188 355 283
person 0.0023 170 150 205 209
person 0.0022 102 117 138 194
person 0.0022 123 121 201 234
person 0.0019 198 183 279 245
person 0.0016 336 93 423 225
person 0.0015 228 128 243 142
person 0.0015 209 139 367 243
person 0.0012 254 206 343 267
person 0.0012 183 147 262 208
person 0.0012 109 127 182 271
person 0.0012 482 161 498 311
person 0.0011 315 186 351 247
bicycle 0.0020 1 275 45 346
bicycle 0.0019 3 313 38 343
motorbike 0.0016 274 256 367 376
bottle 0.7916 253 233 262 260
bottle 0.0103 268 239 277 257
bottle 0.0097 266 232 279 253
bottle 0.0080 258 240 267 256
bottle 0.0076 258 234 268 251
bottle 0.0051 197 229 210 244
bottle 0.0026 253 229 277 256
bottle 0.0013 195 226 212 252
bottle 0.0012 228 242 238 256
chair 0.9851 265 273 377 381
chair 0.5695 78 245 145 374
chair 0.1290 247 228 281 256
chair 0.0342 70 109 143 391
chair 0.0134 102 247 240 366
chair 0.0124 287 268 379 317
chair 0.0106 76 237 100 351
chair 0.0102 80 283 197 370
chair 0.0082 275 301 361 365
chair 0.0073 266 232 279 253
chair 0.0049 299 317 369 375
chair 0.0049 85 245 123 345
chair 0.0047 185 266 218 363
chair 0.0045 249 189 388 391
chair 0.0043 130 248 199 373
chair 0.0036 263 215 303 247
chair 0.0031 95 125 195 380
chair 0.0026 201 255 280 369
chair 0.0024 481 187 499 324
chair 0.0024 289 226 376 364
chair 0.0023 90 276 129 299
chair 0.0023 83 246 97 292
chair 0.0022 342 295 378 370
chair 0.0022 258 234 268 251
chair 0.0020 63 225 118 363
chair 0.0017 90 265 128 293
chair 0.0017 97 290 144 370
chair 0.0014 198 183 279 245
chair 0.0014 171 258 201 368
chair 0.0014 194 241 233 262
chair 0.0014 325 255 381 374
chair 0.0013 281 218 301 247
chair 0.0012 356 261 385 364
chair 0.0012 117 293 143 304
chair 0.0012 73 216 101 296
chair 0.0012 96 296 144 318
chair 0.0012 275 276 366 341
chair 0.0011 343 252 377 334
chair 0.0010 478 221 500 258
chair 0.0010 85 256 97 320
pottedplant 0.1968 337 91 443 375
pottedplant 0.1645 434 232 498 356
pottedplant 0.0171 318 51 488 318
pottedplant 0.0080 480 228 499 360
pottedplant 0.0064 432 252 474 332
pottedplant 0.0056 410 152 493 315
pottedplant 0.0044 383 81 496 369
pottedplant 0.0034 12 66 181 163
pottedplant 0.0031 175 177 199 209
pottedplant 0.0030 4 93 86 300
pottedplant 0.0030 35 231 94 350
pottedplant 0.0029 295 17 497 206
pottedplant 0.0025 1 275 45 346
pottedplant 0.0021 450 317 488 377
pottedplant 0.0021 33 281 91 339
pottedplant 0.0019 185 155 291 267
pottedplant 0.0019 248 136 309 186
pottedplant 0.0017 209 139 367 243
pottedplant 0.0017 396 93 476 266
pottedplant 0.0015 257 139 300 213
pottedplant 0.0014 452 219 496 291
pottedplant 0.0013 494 218 499 378
pottedplant 0.0011 442 111 499 321
pottedplant 0.0011 248 135 314 257
diningtable 0.5062 201 255 280 369
diningtable 0.0458 224 232 291 272
diningtable 0.0269 226 221 365 371
diningtable 0.0258 193 251 285 290
diningtable 0.0201 102 247 240 366
diningtable 0.0061 165 223 331 309
diningtable 0.0052 167 240 279 275
diningtable 0.0041 144 273 290 376
diningtable 0.0034 266 240 301 263
diningtable 0.0027 105 253 253 290
diningtable 0.0025 221 280 263 372
diningtable 0.0024 217 262 271 276
diningtable 0.0024 270 269 372 315
diningtable 0.0023 219 253 272 270
diningtable 0.0021 129 141 287 379
diningtable 0.0018 214 270 273 282
diningtable 0.0016 154 162 291 270
diningtable 0.0013 244 249 302 267
diningtable 0.0013 233 259 273 274
diningtable 0.0012 114 128 219 375
diningtable 0.0011 231 236 281 260
tvmonitor 0.0032 247 228 281 256
tvmonitor 0.0022 191 149 286 274
