person 0.0160 200 168 214 174
person 0.0057 435 151 444 165
person 0.0047 388 161 409 168
person 0.0040 167 169 246 183
person 0.0037 143 184 151 190
person 0.0037 399 161 415 167
person 0.0035 379 160 399 168
person 0.0018 373 160 388 169
person 0.0016 221 160 248 167
person 0.0015 214 169 237 174
person 0.0015 201 162 210 171
person 0.0014 218 160 235 167
person 0.0012 430 156 444 167
person 0.0011 189 170 205 175
person 0.0010 411 161 423 167
car 0.0053 473 246 490 312
boat 0.7689 304 180 438 207
boat 0.6862 308 171 439 197
boat 0.6040 169 169 263 181
boat 0.5844 369 158 447 171
boat 0.4066 102 195 259 229
boat 0.3360 165 175 267 188
boat 0.2955 239 157 290 173
boat 0.2594 223 119 290 169
boat 0.2159 166 167 274 192
boat 0.1909 324 166 377 179
boat 0.1736 465 153 487 179
boat 0.1556 117 188 250 217
boat 0.1220 333 163 449 192
boat 0.1078 241 165 290 179
boat 0.1046 326 167 414 180
boat 0.1022 211 163 296 180
boat 0.0839 95 150 122 156
boat 0.0837 327 175 433 190
boat 0.0769 244 147 287 164
boat 0.0734 221 160 248 167
boat 0.0594 292 186 465 199
boat 0.0560 361 149 463 179
boat 0.0559 363 165 433 180
boat 0.0545 163 179 272 208
boat 0.0532 211 158 281 171
boat 0.0518 145 186 208 197
boat 0.0468 430 156 444 167
boat 0.0459 473 246 490 312
boat 0.0441 435 151 444 165
boat 0.0385 310 176 371 189
boat 0.0384 441 162 469 169
boat 0.0311 15 150 31 156
boat 0.0300 251 170 292 177
boat 0.0299 305 202 444 229
boat 0.0268 84 152 94 157
boat 0.0251 89 148 127 158
boat 0.0248 197 160 254 173
boat 0.0240 154 188 241 200
boat 0.0218 388 161 409 168
boat 0.0212 161 193 251 209
boat 0.0208 140 181 192 192
boat 0.0194 184 144 293 174
boat 0.0183 404 158 469 170
boat 0.0176 468 158 484 172
boat 0.0175 399 161 415 167
boat 0.0173 196 177 292 189
boat 0.0169 416 160 441 169
boat 0.0167 138 186 183 194
boat 0.0161 379 160 399 168
boat 0.0161 328 218 454 247
boat 0.0159 145 252 226 268
boat 0.0159 218 160 235 167
boat 0.0157 83 143 480 190
boat 0.0152 467 166 485 177
boat 0.0130 294 176 350 191
boat 0.0128 124 155 130 158
boat 0.0124 78 152 89 156
boat 0.0119 221 153 232 159
boat 0.0117 373 160 388 169
boat 0.0117 290 150 455 204
boat 0.0116 289 168 447 229
boat 0.0114 119 169 254 197
boat 0.0112 326 162 373 174
boat 0.0111 376 163 456 179
boat 0.0111 243 135 284 157
boat 0.0105 191 151 202 154
boat 0.0104 172 150 185 155
boat 0.0101 213 146 280 165
boat 0.0100 461 249 489 327
boat 0.0099 201 152 210 155
boat 0.0097 372 172 442 190
boat 0.0092 221 153 244 162
boat 0.0087 182 152 191 154
boat 0.0086 182 185 268 199
boat 0.0083 253 174 289 190
boat 0.0079 218 133 274 159
boat 0.0076 214 169 237 174
boat 0.0069 436 158 474 171
boat 0.0067 222 129 243 163
boat 0.0064 174 169 198 175
boat 0.0064 298 194 442 205
boat 0.0064 95 165 463 236
boat 0.0064 254 113 287 168
boat 0.0063 147 188 185 192
boat 0.0062 151 115 343 173
boat 0.0061 439 161 455 167
boat 0.0058 171 168 183 174
boat 0.0058 252 150 277 157
boat 0.0058 342 160 418 174
boat 0.0056 411 161 423 167
boat 0.0055 166 167 207 179
boat 0.0054 233 162 253 169
boat 0.0053 157 126 290 165
boat 0.0052 317 177 347 184
boat 0.0050 148 177 226 191
boat 0.0050 132 244 230 274
boat 0.0050 337 169 364 176
boat 0.0048 349 169 370 175
boat 0.0048 241 121 285 152
boat 0.0047 263 114 280 155
bird 0.0116 143 184 151 190
bird 0.0038 349 322 359 327
bird 0.0023 139 185 146 189
chair 0.0135 135 184 267 211
chair 0.0055 160 193 235 210
chair 0.0023 191 192 259 208
chair 0.0017 132 244 230 274
chair 0.0011 143 187 231 200
chair 0.0010 174 196 199 206
