person 0.1148 24 36 185 334
person 0.1070 -2 58 113 373
person 0.0774 46 281 170 373
person 0.0767 1 -9 59 437
person 0.0117 206 99 497 354
person 0.0019 76 318 173 372
person 0.0012 100 300 178 364
person 0.0012 65 275 150 345
person 0.0011 7 256 126 365
bus 0.0025 48 265 164 364
boat 0.0048 30 -11 469 227
bird 0.0050 27 24 185 295
cat 0.0393 27 24 185 295
cat 0.0141 206 99 497 354
cat 0.0059 -3 17 109 367
cat 0.0044 0 -54 62 411
dog 0.0653 24 36 185 334
dog 0.0500 206 99 497 354
dog 0.0149 0 -35 60 427
dog 0.0092 -3 17 109 367
horse 0.6691 194 98 479 349
horse 0.0916 45 33 198 287
horse 0.0190 31 -25 469 330
horse 0.0044 -3 17 109 367
horse 0.0027 0 -35 60 427
horse 0.0023 11 -10 480 156
horse 0.0010 88 56 250 315
sheep 0.2477 194 98 479 349
sheep 0.0215 30 -11 469 227
sheep 0.0051 27 24 185 295
sheep 0.0042 481 34 498 166
sheep 0.0013 488 49 500 102
sheep 0.0010 0 -35 60 427
cow 0.1531 194 98 479 349
cow 0.0120 45 33 198 287
cow 0.0027 0 -35 60 427
cow 0.0017 -3 17 109 367
cow 0.0015 31 -25 469 330
