person 0.1251 258 158 273 190
person 0.0577 333 155 353 189
person 0.0470 307 159 319 174
person 0.0351 494 158 498 167
person 0.0294 260 170 271 190
person 0.0291 344 154 354 173
person 0.0161 302 159 321 186
person 0.0157 119 157 159 191
person 0.0155 341 148 357 182
person 0.0143 6 14 443 306
person 0.0108 344 160 354 183
person 0.0099 480 149 489 160
person 0.0086 337 161 348 184
person 0.0086 262 159 279 190
person 0.0079 337 155 350 174
person 0.0074 374 157 383 174
person 0.0074 265 164 275 184
person 0.0060 139 154 162 194
person 0.0058 471 159 481 166
person 0.0057 111 166 150 194
person 0.0056 327 156 341 190
person 0.0054 450 158 458 169
person 0.0053 254 170 263 190
person 0.0053 125 133 164 192
person 0.0050 148 152 167 195
person 0.0046 293 159 312 190
person 0.0044 328 161 338 185
person 0.0038 254 166 262 183
person 0.0038 481 154 491 166
person 0.0036 382 162 392 180
person 0.0034 298 163 310 182
person 0.0033 494 149 499 163
person 0.0033 120 152 159 177
person 0.0031 193 173 204 195
person 0.0027 329 155 338 175
person 0.0026 404 164 413 180
person 0.0025 455 165 460 174
person 0.0024 90 148 110 179
person 0.0023 95 163 107 179
person 0.0023 189 167 205 201
person 0.0022 328 170 338 190
person 0.0021 466 158 472 166
person 0.0021 127 150 189 198
person 0.0020 143 132 180 194
person 0.0020 297 159 309 171
person 0.0017 222 175 243 211
person 0.0015 336 170 348 189
person 0.0015 94 151 158 195
person 0.0014 247 147 276 206
person 0.0013 93 156 107 174
person 0.0013 223 164 232 181
person 0.0013 346 149 354 164
person 0.0012 257 167 272 214
person 0.0012 157 148 175 197
person 0.0012 497 162 499 178
person 0.0012 353 155 361 174
person 0.0012 100 160 142 188
person 0.0011 353 162 362 182
person 0.0011 225 176 241 187
person 0.0011 111 165 131 195
person 0.0011 160 183 171 199
person 0.0011 285 157 305 192
person 0.0010 132 144 149 159
person 0.0010 151 154 162 172
car 0.0364 494 158 498 167
car 0.0189 471 159 481 166
car 0.0090 468 149 486 160
car 0.0075 450 158 458 169
car 0.0050 0 167 31 183
car 0.0049 467 146 500 165
car 0.0048 446 158 454 168
car 0.0037 494 149 499 163
car 0.0025 480 149 489 160
car 0.0018 481 154 491 166
car 0.0017 3 171 26 179
car 0.0014 466 158 472 166
bus 0.9997 50 57 448 291
bus 0.0010 467 146 500 165
train 0.0023 67 59 478 291
