person 0.0075 34 117 533 314
person 0.0031 213 149 233 161
person 0.0021 193 141 505 292
person 0.0019 220 152 269 174
person 0.0015 244 157 265 169
person 0.0011 1 154 9 229
car 0.9981 -10 112 310 349
car 0.9581 174 144 501 292
car 0.8583 38 94 473 301
car 0.0309 0 135 69 209
car 0.0069 -2 132 71 151
car 0.0053 478 181 500 220
car 0.0052 486 179 498 224
car 0.0048 6 135 116 229
car 0.0043 24 104 260 189
car 0.0040 454 178 498 207
car 0.0038 491 183 498 201
car 0.0030 49 174 282 275
car 0.0028 267 146 360 183
car 0.0026 21 142 255 230
car 0.0024 3 152 199 354
car 0.0023 436 171 498 218
car 0.0023 0 122 69 269
car 0.0019 494 174 498 192
car 0.0019 215 151 494 234
car 0.0018 474 158 499 236
car 0.0018 493 186 497 216
car 0.0015 108 67 205 96
car 0.0013 6 75 273 230
car 0.0010 496 192 499 229
motorbike 0.0033 38 94 473 301
bus 0.0014 -4 119 451 324
boat 0.0043 -4 119 451 324
boat 0.0019 108 67 205 96
pottedplant 0.0021 341 138 362 153
