person 0.0079 134 158 432 265
person 0.0016 273 159 456 265
person 0.0015 4 128 487 282
car 0.1501 4 128 487 282
car 0.0131 -11 200 501 271
car 0.0069 18 200 165 266
car 0.0055 -29 257 522 320
car 0.0040 48 198 296 268
car 0.0036 25 215 62 246
car 0.0032 -1 278 489 337
car 0.0016 0 211 69 251
car 0.0012 34 170 409 263
motorbike 0.2244 4 128 487 282
motorbike 0.0084 -11 200 501 271
motorbike 0.0023 34 170 409 263
motorbike 0.0017 21 4 471 271
aeroplane 0.1601 15 57 479 293
aeroplane 0.0044 42 149 452 268
bus 0.0039 15 57 479 293
diningtable 0.0015 -1 278 489 337
