person 0.0867 235 109 294 217
person 0.0075 148 111 185 147
person 0.0066 67 48 154 203
person 0.0049 308 288 472 420
person 0.0023 188 149 222 212
person 0.0019 143 148 214 205
bottle 0.0039 488 410 500 468
bottle 0.0010 486 355 499 507
chair 0.0259 5 399 86 501
chair 0.0135 290 253 490 428
chair 0.0062 367 239 493 346
chair 0.0015 486 254 500 457
chair 0.0013 4 268 79 476
chair 0.0013 376 220 496 443
sofa 0.0010 5 399 86 501
tvmonitor 0.9658 288 261 488 446
tvmonitor 0.7506 0 242 60 468
tvmonitor 0.0183 -1 217 11 496
tvmonitor 0.0070 -1 245 31 494
tvmonitor 0.0017 376 220 496 443
tvmonitor 0.0013 266 415 467 487
tvmonitor 0.0011 485 318 500 471
