person 0.0296 460 195 469 215
person 0.0236 122 163 135 178
person 0.0185 106 165 118 179
person 0.0163 112 164 126 177
person 0.0156 0 172 4 191
person 0.0145 152 165 164 179
person 0.0102 29 176 41 186
person 0.0096 495 164 499 183
person 0.0096 15 166 27 182
person 0.0087 36 174 48 187
person 0.0086 478 167 488 182
person 0.0082 334 163 346 180
person 0.0082 307 168 320 181
person 0.0064 36 166 48 182
person 0.0056 496 169 499 192
person 0.0056 29 166 41 181
person 0.0050 18 174 28 185
person 0.0049 10 166 22 181
person 0.0045 469 167 480 181
person 0.0043 327 167 339 181
person 0.0042 -2 140 82 235
person 0.0042 478 173 488 186
person 0.0039 462 167 473 180
person 0.0038 363 165 374 178
person 0.0037 163 175 173 187
person 0.0035 213 165 223 177
person 0.0035 162 165 172 184
person 0.0035 32 159 50 186
person 0.0030 423 167 434 178
person 0.0029 79 172 86 191
person 0.0026 376 164 385 177
person 0.0025 142 168 152 181
person 0.0023 0 171 2 212
person 0.0023 0 162 3 186
person 0.0022 179 140 347 226
person 0.0022 431 167 442 178
person 0.0021 491 170 498 232
person 0.0021 0 163 8 238
person 0.0021 281 165 291 176
person 0.0020 119 159 138 181
person 0.0019 495 199 499 221
person 0.0017 336 159 347 174
person 0.0017 97 166 105 178
person 0.0016 134 166 145 179
person 0.0016 458 191 472 218
person 0.0016 57 175 69 186
person 0.0016 472 174 481 185
person 0.0015 152 159 164 174
person 0.0015 496 172 499 211
person 0.0015 314 167 326 180
person 0.0015 13 162 31 186
person 0.0015 3 159 23 187
person 0.0015 149 158 168 184
person 0.0014 109 159 130 180
person 0.0014 154 174 164 184
person 0.0014 495 188 498 216
person 0.0013 8 172 19 187
person 0.0013 58 167 69 181
person 0.0012 490 154 500 211
person 0.0011 394 165 402 177
person 0.0011 296 165 307 180
person 0.0011 343 163 355 179
person 0.0011 281 160 290 172
person 0.0011 412 166 423 178
person 0.0011 356 164 366 178
person 0.0010 158 158 176 188
person 0.0010 307 172 320 186
person 0.0010 80 153 179 224
car 0.1465 79 172 86 191
car 0.0314 80 182 87 200
car 0.0230 79 168 87 179
car 0.0159 0 165 9 221
car 0.0026 80 167 88 212
car 0.0020 0 172 4 191
car 0.0018 0 171 2 212
car 0.0018 0 173 7 247
car 0.0014 495 199 499 221
car 0.0012 80 189 86 209
car 0.0012 1 192 3 230
bus 0.9989 203 140 365 229
bus 0.9984 1 139 78 229
bus 0.9981 80 143 179 220
bus 0.9953 399 149 501 223
bus 0.9904 352 145 402 217
bus 0.9341 178 146 233 208
bus 0.2144 79 172 86 191
bus 0.0318 0 165 9 221
bus 0.0301 79 168 87 179
bus 0.0105 179 151 193 198
bus 0.0060 228 147 333 214
bus 0.0050 80 167 88 212
bus 0.0049 80 156 87 172
bus 0.0042 174 155 185 193
bus 0.0031 0 127 7 199
bus 0.0030 -1 154 17 231
bus 0.0021 294 145 372 213
bus 0.0021 79 151 88 194
bus 0.0015 80 182 87 200
bus 0.0014 338 147 373 213
bus 0.0013 287 140 442 221
bus 0.0013 0 172 4 191
bus 0.0012 0 171 2 212
train 0.0030 399 149 501 223
train 0.0022 178 146 233 208
train 0.0012 79 138 177 223
train 0.0010 179 140 347 226
