person 0.9659 469 223 487 285
person 0.8837 449 222 466 287
person 0.4523 112 217 124 236
person 0.3278 324 207 340 235
person 0.3013 57 48 491 315
person 0.2857 350 221 365 234
person 0.2602 105 217 116 236
person 0.2166 275 218 287 236
person 0.1699 458 223 483 285
person 0.1265 348 222 361 237
person 0.1246 172 208 180 227
person 0.1196 455 225 471 273
person 0.0906 30 216 38 225
person 0.0903 298 206 321 246
person 0.0895 37 215 44 224
person 0.0846 134 220 144 236
person 0.0721 300 211 310 231
person 0.0661 48 176 56 184
person 0.0647 297 204 313 237
person 0.0590 348 217 369 240
person 0.0530 108 210 126 235
person 0.0501 148 205 163 237
person 0.0475 151 209 161 227
person 0.0469 20 216 27 225
person 0.0446 31 176 39 184
person 0.0382 103 214 122 237
person 0.0379 451 222 458 234
person 0.0306 191 210 199 228
person 0.0293 362 220 374 231
person 0.0280 101 216 108 236
person 0.0273 349 217 389 239
person 0.0270 303 208 340 245
person 0.0257 319 215 325 227
person 0.0256 422 229 433 251
person 0.0233 10 216 17 225
person 0.0231 37 176 44 184
person 0.0203 56 176 65 185
person 0.0199 444 230 457 282
person 0.0185 20 176 28 183
person 0.0162 170 204 184 234
person 0.0148 459 222 468 236
person 0.0144 140 135 153 151
person 0.0142 59 212 68 225
person 0.0140 130 206 146 237
person 0.0136 329 219 336 232
person 0.0135 153 136 164 149
person 0.0132 429 221 443 252
person 0.0126 352 208 389 234
person 0.0124 492 211 499 283
person 0.0120 151 206 160 220
person 0.0118 431 221 441 239
person 0.0117 142 220 155 237
person 0.0116 390 106 403 118
person 0.0115 136 136 148 151
person 0.0111 311 207 332 236
person 0.0102 447 222 453 236
person 0.0096 152 217 162 236
person 0.0081 140 213 161 238
person 0.0080 124 218 133 236
person 0.0080 451 222 467 257
person 0.0080 9 175 17 183
person 0.0078 496 231 499 264
person 0.0078 451 215 458 227
person 0.0077 345 222 363 248
person 0.0076 133 205 165 238
person 0.0076 1 210 5 228
person 0.0074 475 229 490 268
person 0.0072 305 211 316 230
person 0.0071 354 215 367 229
person 0.0071 188 204 202 237
person 0.0071 183 212 192 228
person 0.0068 471 226 479 235
person 0.0066 350 207 372 233
person 0.0065 323 213 361 243
person 0.0065 166 210 174 229
person 0.0064 132 211 143 233
person 0.0061 189 217 199 237
person 0.0061 470 249 486 282
person 0.0060 106 145 119 153
person 0.0059 328 205 346 236
person 0.0059 111 145 125 153
person 0.0058 496 225 498 253
person 0.0054 373 220 385 233
person 0.0054 146 208 157 228
person 0.0053 369 212 391 240
person 0.0051 469 225 485 257
person 0.0048 455 248 471 284
person 0.0047 276 216 286 230
person 0.0046 459 229 470 248
person 0.0046 279 124 288 134
person 0.0045 497 239 499 274
person 0.0044 389 223 407 252
person 0.0041 301 217 308 234
person 0.0039 279 119 289 132
person 0.0039 177 204 196 235
person 0.0037 190 205 199 219
person 0.0037 382 220 391 235
person 0.0037 137 130 157 152
person 0.0035 446 231 453 247
person 0.0035 62 83 369 265
car 0.0117 59 212 68 225
car 0.0024 0 236 6 260
car 0.0021 59 203 69 220
car 0.0018 1 210 5 228
car 0.0017 0 207 9 269
car 0.0016 0 244 4 268
car 0.0010 0 229 9 285
bus 0.9986 57 71 451 314
bus 0.9914 1 159 69 261
bus 0.0221 1 153 67 194
bus 0.0138 0 150 7 230
bus 0.0073 59 212 68 225
bus 0.0032 0 147 18 249
bus 0.0028 0 195 8 264
bus 0.0022 1 170 19 294
bus 0.0022 1 210 5 228
bus 0.0019 10 161 72 185
bus 0.0018 57 194 70 227
bus 0.0017 56 176 65 185
bus 0.0016 0 152 68 168
bus 0.0015 0 180 2 219
bus 0.0015 28 168 66 254
bus 0.0015 0 193 2 227
bus 0.0014 1 169 5 190
bus 0.0011 0 172 3 207
bus 0.0011 0 160 5 184
bus 0.0010 7 190 54 267
train 0.0017 2 150 67 254
chair 0.0033 72 84 441 273
pottedplant 0.0094 445 163 463 194
diningtable 0.0174 57 48 491 315
