person 0.9687 149 27 292 215
person 0.9605 194 64 459 307
person 0.0576 450 4 498 83
person 0.0202 490 30 500 83
person 0.0175 57 87 494 357
person 0.0137 495 43 500 70
person 0.0116 474 30 497 65
person 0.0113 496 30 500 66
person 0.0084 476 45 500 88
person 0.0079 471 22 498 97
person 0.0064 491 8 500 69
person 0.0063 280 66 352 165
person 0.0052 418 151 496 314
person 0.0033 446 -2 499 167
person 0.0030 495 48 499 82
person 0.0029 436 219 476 298
person 0.0026 319 64 502 306
person 0.0026 477 48 494 64
person 0.0020 210 84 365 204
person 0.0018 497 14 499 65
person 0.0018 447 214 493 300
person 0.0018 485 58 499 95
person 0.0013 482 21 499 180
person 0.0013 445 4 484 38
person 0.0013 -12 222 276 382
person 0.0012 435 199 497 343
person 0.0011 383 3 496 229
person 0.0011 104 62 333 300
person 0.0010 471 -5 499 64
bicycle 0.0039 444 0 499 117
car 0.4216 12 123 484 380
car 0.0084 43 -17 457 326
car 0.0031 148 103 433 327
car 0.0018 383 89 502 345
motorbike 0.2532 12 123 484 380
motorbike 0.0031 226 115 485 322
motorbike 0.0023 383 89 502 345
motorbike 0.0010 43 -17 457 326
bus 0.0091 57 87 494 357
train 0.0125 96 45 474 328
train 0.0021 -6 126 451 379
boat 0.0798 -5 95 451 369
boat 0.0089 382 22 498 285
boat 0.0023 382 86 502 214
boat 0.0018 92 3 477 309
dog 0.0077 193 103 458 322
horse 0.0238 380 70 502 306
horse 0.0035 430 124 499 310
horse 0.0027 221 63 486 308
cow 0.0752 380 70 502 306
cow 0.0206 221 63 486 308
cow 0.0048 416 138 497 299
chair 0.0169 452 16 498 99
chair 0.0023 446 -2 499 167
chair 0.0019 485 58 499 95
chair 0.0018 487 67 498 89
chair 0.0017 380 70 502 306
chair 0.0010 477 21 498 139
sofa 0.0029 380 70 502 306
