person 0.1892 30 134 74 169
person 0.0209 379 132 393 150
person 0.0126 361 139 371 151
person 0.0107 454 126 465 148
person 0.0101 468 144 478 157
person 0.0064 468 142 476 152
person 0.0049 50 138 72 168
person 0.0044 29 164 37 168
person 0.0032 455 127 471 155
person 0.0032 459 135 469 150
person 0.0021 371 132 392 153
person 0.0021 132 151 140 159
person 0.0016 36 163 49 169
person 0.0015 275 133 291 150
person 0.0014 41 136 63 167
person 0.0014 7 169 19 177
person 0.0014 264 130 302 153
person 0.0011 16 164 31 169
person 0.0011 222 179 232 186
person 0.0011 1 163 8 168
person 0.0010 316 142 326 151
car 0.0137 239 143 482 226
car 0.0065 1 163 8 168
car 0.0052 363 148 493 242
car 0.0031 16 164 31 169
car 0.0015 8 164 19 168
car 0.0012 106 137 388 214
car 0.0011 29 164 37 168
car 0.0010 0 167 12 177
car 0.0010 36 163 49 169
motorbike 0.0013 232 142 427 224
aeroplane 0.0587 71 143 284 212
aeroplane 0.0104 167 141 415 220
aeroplane 0.0074 93 122 335 200
aeroplane 0.0028 1 151 182 220
aeroplane 0.0020 30 134 74 169
aeroplane 0.0012 363 148 493 242
aeroplane 0.0010 11 141 121 171
bus 0.0018 232 142 427 224
bus 0.0016 363 148 493 242
train 0.0010 363 148 493 242
boat 0.7698 232 142 427 224
boat 0.6738 106 137 388 214
boat 0.3534 363 148 493 242
boat 0.1912 146 123 422 189
boat 0.0890 55 202 146 218
boat 0.0886 62 123 294 196
boat 0.0681 125 171 247 211
boat 0.0578 13 147 264 214
boat 0.0496 128 139 350 172
boat 0.0458 245 123 474 200
boat 0.0329 111 152 165 169
boat 0.0293 146 137 254 176
boat 0.0227 13 167 33 174
boat 0.0169 238 140 396 174
boat 0.0154 161 144 231 162
boat 0.0149 0 167 12 177
boat 0.0141 1 163 8 168
boat 0.0131 130 156 265 200
boat 0.0105 2 158 135 228
boat 0.0101 16 164 31 169
boat 0.0081 154 130 326 160
boat 0.0078 237 169 360 220
boat 0.0076 93 143 240 174
boat 0.0061 -13 181 147 217
boat 0.0050 340 143 385 161
boat 0.0048 8 144 165 171
boat 0.0044 110 148 152 164
boat 0.0044 20 168 105 176
boat 0.0041 106 159 373 190
boat 0.0038 119 147 175 164
boat 0.0037 7 169 19 177
boat 0.0037 95 151 145 172
boat 0.0037 235 160 398 197
boat 0.0035 251 179 484 245
boat 0.0035 94 118 477 236
boat 0.0035 249 127 345 164
boat 0.0031 494 183 499 198
boat 0.0030 493 174 498 192
boat 0.0029 286 172 382 221
boat 0.0029 15 134 82 171
boat 0.0026 91 159 113 167
boat 0.0025 -21 164 158 191
boat 0.0025 280 192 385 243
boat 0.0021 255 146 349 161
boat 0.0021 8 164 19 168
boat 0.0019 -7 196 142 224
boat 0.0018 114 150 125 162
boat 0.0017 364 172 466 220
boat 0.0017 6 122 192 187
boat 0.0016 61 158 122 169
boat 0.0016 99 158 118 169
boat 0.0015 449 172 500 376
boat 0.0014 224 178 245 185
boat 0.0014 0 165 33 180
boat 0.0014 250 154 354 169
boat 0.0013 29 164 37 168
boat 0.0013 11 160 76 170
boat 0.0013 143 147 157 160
boat 0.0012 117 156 141 165
boat 0.0011 164 137 230 156
boat 0.0011 490 148 499 199
boat 0.0011 123 151 137 160
boat 0.0010 270 130 335 156
boat 0.0010 2 177 24 183
bird 0.0412 30 134 74 169
horse 0.0011 71 143 284 212
bottle 0.0062 456 126 467 148
bottle 0.0016 459 135 469 150
chair 0.0028 13 167 33 174
diningtable 0.0011 13 167 33 174
