person 0.9756 414 217 445 301
person 0.9407 389 219 411 303
person 0.5465 285 202 317 227
person 0.3177 21 82 428 323
person 0.1278 131 130 144 143
person 0.1058 252 191 292 221
person 0.0989 295 206 312 220
person 0.0860 398 217 422 290
person 0.0706 392 224 409 281
person 0.0610 252 197 269 228
person 0.0558 255 204 267 221
person 0.0384 406 244 423 276
person 0.0377 436 234 449 266
person 0.0254 249 194 266 220
person 0.0249 364 215 376 234
person 0.0242 90 49 388 256
person 0.0220 127 223 135 238
person 0.0205 275 86 294 112
person 0.0191 401 232 419 274
person 0.0185 247 192 313 234
person 0.0170 74 218 81 245
person 0.0146 342 195 360 232
person 0.0144 117 223 125 237
person 0.0126 430 224 447 264
person 0.0116 109 224 116 236
person 0.0100 133 226 141 237
person 0.0097 391 217 407 251
person 0.0090 399 245 418 294
person 0.0081 248 198 282 227
person 0.0080 206 205 221 239
person 0.0076 280 206 290 220
person 0.0073 395 227 400 238
person 0.0067 393 218 402 233
person 0.0059 107 217 116 235
person 0.0055 106 140 119 152
person 0.0054 276 132 295 161
person 0.0051 209 211 219 235
person 0.0045 245 203 267 238
person 0.0045 281 189 317 235
person 0.0045 419 234 437 288
person 0.0044 279 196 289 215
person 0.0043 143 226 150 237
person 0.0043 296 200 310 215
person 0.0043 277 99 291 112
person 0.0042 243 184 274 235
person 0.0042 126 130 140 146
person 0.0040 302 206 317 223
person 0.0040 1 202 5 224
person 0.0039 408 219 427 247
person 0.0037 393 260 408 301
person 0.0036 410 225 424 241
person 0.0035 111 141 122 151
person 0.0034 344 211 356 231
person 0.0030 231 101 243 119
person 0.0030 397 263 414 297
person 0.0029 126 126 147 147
person 0.0028 142 206 150 220
person 0.0028 72 214 79 238
person 0.0028 276 190 292 220
person 0.0028 130 141 358 225
person 0.0027 256 213 267 230
person 0.0025 19 208 27 218
person 0.0025 348 195 367 233
person 0.0023 302 201 338 230
person 0.0022 345 205 356 225
person 0.0021 439 235 448 254
person 0.0021 346 195 357 212
person 0.0020 166 204 176 222
person 0.0019 494 216 499 287
person 0.0019 135 198 145 207
person 0.0019 497 228 499 275
person 0.0018 248 100 261 115
person 0.0018 254 85 294 114
person 0.0018 135 206 146 220
person 0.0018 230 94 261 120
person 0.0018 375 139 387 160
person 0.0018 398 227 416 261
person 0.0017 286 207 301 221
person 0.0017 1 195 4 217
person 0.0017 236 101 251 117
person 0.0016 433 227 442 240
person 0.0016 419 226 441 262
person 0.0016 374 215 384 233
person 0.0015 268 97 299 169
person 0.0015 295 187 331 232
person 0.0015 8 207 21 218
person 0.0015 94 139 104 154
person 0.0014 325 206 335 225
person 0.0013 240 223 253 237
person 0.0013 142 198 150 209
person 0.0013 292 197 314 218
person 0.0013 110 209 127 238
person 0.0012 317 206 328 225
person 0.0012 277 194 312 220
person 0.0011 321 199 338 231
person 0.0011 408 224 425 265
person 0.0011 412 220 444 246
person 0.0011 409 246 422 266
person 0.0010 141 131 151 143
person 0.0010 94 202 105 242
bicycle 0.0022 393 260 408 301
car 0.0255 -1 217 11 232
car 0.0231 74 218 81 245
car 0.0080 51 196 67 207
car 0.0026 51 191 68 203
car 0.0026 8 207 21 218
car 0.0018 1 202 5 224
car 0.0018 1 195 4 217
car 0.0014 413 214 444 296
car 0.0012 7 201 18 211
car 0.0012 73 203 83 245
car 0.0010 406 238 423 270
bus 0.9969 86 54 389 315
bus 0.0346 393 171 501 268
bus 0.0049 0 178 10 228
bus 0.0044 51 196 67 207
bus 0.0042 49 180 70 208
bus 0.0028 51 191 68 203
bus 0.0022 393 181 471 233
bus 0.0019 2 185 21 222
bus 0.0017 0 181 6 203
bus 0.0010 46 191 77 213
bus 0.0010 1 195 4 217
train 0.0416 393 171 501 268
train 0.0032 393 181 471 233
train 0.0017 395 171 499 220
bird 0.0024 69 35 76 44
bird 0.0019 38 11 41 14
bird 0.0011 378 19 380 22
bird 0.0011 249 22 261 32
chair 0.0017 73 52 383 314
pottedplant 0.0143 -1 217 11 232
pottedplant 0.0018 8 207 21 218
diningtable 0.0114 65 53 496 318
