person 0.3449 41 146 70 235
person 0.0090 63 177 74 228
person 0.0020 205 92 297 172
person 0.0017 434 203 498 309
person 0.0012 57 162 72 221
person 0.0010 474 212 498 336
person 0.0010 193 203 405 325
bicycle 0.0020 193 203 405 325
cat 0.0019 199 89 302 167
cat 0.0012 172 190 423 340
bottle 0.0215 243 223 253 262
bottle 0.0031 246 221 259 264
bottle 0.0027 256 220 270 264
bottle 0.0024 271 217 281 263
bottle 0.0011 287 219 301 261
chair 0.6153 393 213 497 308
chair 0.2456 406 208 469 262
chair 0.0454 455 210 500 299
chair 0.0278 193 203 405 325
chair 0.0152 406 249 496 296
chair 0.0139 471 207 499 267
chair 0.0089 328 205 475 309
chair 0.0087 474 212 498 336
chair 0.0034 447 213 499 368
chair 0.0024 106 319 182 374
chair 0.0014 381 244 497 354
chair 0.0012 280 243 354 303
chair 0.0012 63 177 74 228
chair 0.0010 434 210 501 268
sofa 0.0195 393 213 497 308
sofa 0.0040 193 203 405 325
sofa 0.0035 447 213 499 368
sofa 0.0021 116 304 480 381
sofa 0.0020 380 286 496 376
sofa 0.0016 470 209 498 301
sofa 0.0016 481 215 499 367
sofa 0.0013 381 244 497 354
sofa 0.0012 477 349 500 377
pottedplant 0.8466 239 203 413 319
pottedplant 0.8245 157 124 202 278
pottedplant 0.1589 157 132 201 176
pottedplant 0.1304 280 93 310 176
pottedplant 0.0386 311 201 402 311
pottedplant 0.0131 328 205 475 309
pottedplant 0.0121 174 216 467 378
pottedplant 0.0048 158 135 183 171
pottedplant 0.0040 272 79 313 241
pottedplant 0.0034 175 135 198 173
pottedplant 0.0034 264 95 303 173
pottedplant 0.0023 208 91 301 163
pottedplant 0.0022 162 185 197 280
pottedplant 0.0020 163 153 421 325
pottedplant 0.0020 325 208 418 262
pottedplant 0.0014 209 246 432 349
pottedplant 0.0012 249 82 312 189
pottedplant 0.0011 187 187 399 287
diningtable 0.1438 116 304 480 381
diningtable 0.0142 174 216 467 378
diningtable 0.0043 322 286 496 377
diningtable 0.0015 209 246 432 349
diningtable 0.0015 114 315 312 378
diningtable 0.0011 453 298 503 368
diningtable 0.0010 477 349 500 377
diningtable 0.0010 471 291 498 376
tvmonitor 0.9991 197 94 291 173
