person 0.0069 67 81 493 324
person 0.0016 134 146 429 315
bicycle 0.0025 50 14 461 260
car 0.0031 50 14 461 260
motorbike 0.0063 50 14 461 260
bird 0.0017 63 12 495 322
cat 0.7931 109 145 395 312
cat 0.0940 43 26 466 309
cat 0.0050 37 108 318 301
dog 0.3471 68 128 363 301
dog 0.2613 30 25 411 311
dog 0.0022 143 143 490 323
dog 0.0021 26 48 240 298
dog 0.0020 -3 26 112 321
dog 0.0014 165 170 395 300
horse 0.0084 134 146 429 315
horse 0.0025 63 12 495 322
sheep 0.0295 50 14 461 260
sheep 0.0155 134 146 429 315
cow 0.0222 134 146 429 315
cow 0.0074 63 12 495 322
cow 0.0013 359 4 498 308
cow 0.0012 -3 26 112 321
bottle 0.0054 47 9 125 59
bottle 0.0038 0 8 92 65
bottle 0.0018 0 -2 64 47
chair 0.1648 63 12 495 322
chair 0.0096 56 28 379 240
chair 0.0057 -3 26 112 321
chair 0.0022 355 6 502 265
chair 0.0015 141 137 418 299
sofa 0.0616 30 25 411 311
sofa 0.0042 -3 26 112 321
sofa 0.0017 330 -2 499 318
sofa 0.0014 141 137 418 299
diningtable 0.0033 30 25 411 311
