person 0.0098 320 55 359 92
person 0.0089 38 7 157 257
person 0.0039 81 25 156 214
person 0.0030 -3 247 93 296
person 0.0028 1 158 7 183
person 0.0016 0 161 15 199
person 0.0014 1 180 10 198
car 0.0811 201 187 254 203
car 0.0086 203 192 282 205
car 0.0077 0 161 15 199
car 0.0062 202 184 224 195
car 0.0019 1 171 8 196
car 0.0014 198 149 285 199
car 0.0013 0 155 11 172
car 0.0013 224 189 245 198
car 0.0013 0 148 11 161
car 0.0012 0 145 15 182
bus 0.0011 1 62 63 212
boat 0.0015 1 9 62 194
bottle 0.0011 270 168 312 208
chair 0.0779 468 273 499 298
chair 0.0185 477 272 498 289
chair 0.0075 405 258 499 295
chair 0.0044 483 265 500 294
chair 0.0039 474 280 497 294
chair 0.0025 488 276 499 295
chair 0.0024 -3 247 93 296
chair 0.0021 0 161 15 199
chair 0.0019 270 168 312 208
chair 0.0019 0 145 15 182
chair 0.0019 10 165 57 209
chair 0.0018 412 268 464 287
chair 0.0016 183 234 307 285
chair 0.0014 477 213 500 298
chair 0.0012 467 285 500 301
chair 0.0010 0 155 11 172
chair 0.0010 1 208 67 252
sofa 0.0019 1 208 67 252
sofa 0.0015 -3 247 93 296
pottedplant 0.9817 262 81 329 206
pottedplant 0.9452 307 64 371 208
pottedplant 0.8923 37 2 155 239
pottedplant 0.2415 46 147 126 248
pottedplant 0.0756 8 159 58 209
pottedplant 0.0631 81 25 156 214
pottedplant 0.0441 316 114 364 202
pottedplant 0.0207 270 148 316 207
pottedplant 0.0106 58 189 121 249
pottedplant 0.0090 63 60 140 249
pottedplant 0.0088 0 64 86 212
pottedplant 0.0085 2 38 125 169
pottedplant 0.0076 264 48 374 193
pottedplant 0.0073 1 180 10 198
pottedplant 0.0055 320 54 363 107
pottedplant 0.0030 0 174 15 205
pottedplant 0.0023 298 117 333 197
pottedplant 0.0022 247 42 411 236
pottedplant 0.0020 193 87 316 198
pottedplant 0.0017 83 10 160 110
pottedplant 0.0016 60 38 189 174
pottedplant 0.0014 263 113 305 200
pottedplant 0.0013 320 35 380 171
pottedplant 0.0013 70 17 270 213
pottedplant 0.0012 206 146 306 202
pottedplant 0.0012 332 56 369 142
pottedplant 0.0011 256 77 334 126
pottedplant 0.0011 49 127 130 189
pottedplant 0.0011 346 9 481 280
pottedplant 0.0010 100 66 259 157
pottedplant 0.0010 336 82 370 197
diningtable 0.6810 126 230 379 295
diningtable 0.0117 65 203 365 259
diningtable 0.0066 -1 224 202 295
diningtable 0.0034 236 238 309 293
diningtable 0.0030 26 148 467 309
diningtable 0.0012 237 245 501 297
diningtable 0.0012 -4 234 92 288
diningtable 0.0010 290 260 466 291
diningtable 0.0010 43 268 515 300
