person 0.0165 227 221 235 233
person 0.0143 278 205 287 215
person 0.0097 209 209 220 219
person 0.0057 209 223 224 234
person 0.0048 293 193 300 203
person 0.0034 296 194 302 204
person 0.0029 199 222 210 233
person 0.0026 261 253 269 264
person 0.0026 267 190 274 199
person 0.0025 259 195 266 203
person 0.0023 224 216 234 231
person 0.0023 208 213 221 224
person 0.0022 253 196 261 205
person 0.0020 205 194 213 203
person 0.0019 280 191 286 199
person 0.0018 210 194 218 203
person 0.0015 199 209 232 233
person 0.0014 262 191 269 199
person 0.0014 259 272 270 282
person 0.0014 222 196 232 205
person 0.0013 346 269 379 328
person 0.0010 200 215 211 228
bicycle 0.0142 347 277 380 339
cat 0.0098 347 277 380 339
dog 0.0115 347 277 380 339
bottle 0.2737 387 235 398 269
bottle 0.1339 349 277 385 340
bottle 0.0928 387 247 396 268
bottle 0.0707 241 286 255 323
bottle 0.0523 417 265 425 277
bottle 0.0452 422 265 432 276
bottle 0.0297 404 203 413 220
bottle 0.0275 323 260 335 277
bottle 0.0268 440 241 452 258
bottle 0.0191 441 265 449 277
bottle 0.0174 481 263 491 275
bottle 0.0166 355 283 378 331
bottle 0.0150 377 246 383 259
bottle 0.0144 424 243 436 258
bottle 0.0143 429 243 439 258
bottle 0.0139 491 239 497 260
bottle 0.0129 242 285 252 313
bottle 0.0125 464 248 473 265
bottle 0.0093 321 258 330 275
bottle 0.0091 355 274 371 288
bottle 0.0090 377 249 385 263
bottle 0.0078 433 264 445 276
bottle 0.0071 462 242 471 262
bottle 0.0062 324 253 335 273
bottle 0.0044 329 198 336 219
bottle 0.0033 321 253 337 278
bottle 0.0033 347 242 355 256
bottle 0.0029 385 189 392 217
bottle 0.0025 404 195 412 212
bottle 0.0025 451 266 462 275
bottle 0.0022 320 254 328 270
bottle 0.0018 481 240 492 259
bottle 0.0017 493 230 498 249
bottle 0.0017 436 275 457 282
bottle 0.0016 359 278 375 291
bottle 0.0016 489 214 499 266
bottle 0.0014 469 266 482 274
bottle 0.0014 447 275 466 282
bottle 0.0013 240 312 255 325
bottle 0.0013 175 178 318 300
bottle 0.0012 412 271 427 278
bottle 0.0012 298 300 309 319
bottle 0.0012 459 266 474 274
bottle 0.0012 420 271 432 279
bottle 0.0011 436 239 455 260
bottle 0.0010 389 235 395 251
bottle 0.0010 298 300 311 333
bottle 0.0010 491 264 499 277
bottle 0.0010 302 241 322 275
chair 0.0748 347 277 380 339
chair 0.0667 257 300 289 315
chair 0.0100 305 295 343 315
chair 0.0062 349 289 386 323
chair 0.0036 490 326 498 383
chair 0.0022 493 291 500 360
chair 0.0017 403 330 500 372
chair 0.0016 298 300 309 319
chair 0.0016 296 297 311 325
chair 0.0015 408 279 500 339
chair 0.0015 463 239 491 261
chair 0.0011 497 291 499 342
chair 0.0011 325 282 392 337
chair 0.0010 287 305 301 315
pottedplant 0.7731 454 199 494 262
pottedplant 0.3743 247 108 349 135
pottedplant 0.3693 194 157 288 183
pottedplant 0.0503 271 170 292 182
pottedplant 0.0391 255 169 292 183
pottedplant 0.0326 199 155 253 178
pottedplant 0.0261 271 115 350 131
pottedplant 0.0238 491 239 497 260
pottedplant 0.0201 323 260 335 277
pottedplant 0.0114 474 190 497 277
pottedplant 0.0110 286 171 300 181
pottedplant 0.0108 321 253 337 278
pottedplant 0.0108 263 171 303 187
pottedplant 0.0094 489 214 499 266
pottedplant 0.0081 247 113 346 159
pottedplant 0.0080 196 165 217 180
pottedplant 0.0069 466 239 488 262
pottedplant 0.0058 237 130 354 180
pottedplant 0.0054 192 162 225 181
pottedplant 0.0051 255 170 275 180
pottedplant 0.0041 493 230 498 249
pottedplant 0.0038 458 226 494 258
pottedplant 0.0030 405 154 413 168
pottedplant 0.0026 401 184 414 219
pottedplant 0.0025 404 203 413 220
pottedplant 0.0025 321 121 344 132
pottedplant 0.0022 387 235 398 269
pottedplant 0.0021 245 169 263 179
pottedplant 0.0020 248 122 337 139
pottedplant 0.0019 234 168 255 178
pottedplant 0.0018 311 119 349 132
pottedplant 0.0017 490 227 498 289
pottedplant 0.0016 493 219 498 243
pottedplant 0.0016 404 195 412 212
pottedplant 0.0016 285 175 302 184
pottedplant 0.0013 181 123 343 193
pottedplant 0.0013 180 141 397 217
pottedplant 0.0012 479 220 496 262
pottedplant 0.0011 462 199 489 244
pottedplant 0.0010 347 277 380 339
pottedplant 0.0010 483 127 499 266
diningtable 0.1766 198 297 480 372
diningtable 0.0046 362 328 507 374
diningtable 0.0038 322 304 478 371
diningtable 0.0033 266 274 456 351
diningtable 0.0015 201 236 510 385
diningtable 0.0015 345 279 406 338
diningtable 0.0011 316 272 399 314
tvmonitor 0.0011 350 332 434 374
tvmonitor 0.0010 492 169 500 235
