person 0.9982 69 37 130 106
person 0.9974 193 49 240 92
person 0.9770 351 9 440 105
person 0.7155 188 127 260 218
person 0.6934 40 13 79 112
person 0.3546 344 136 410 214
person 0.3404 422 152 487 208
person 0.2729 114 116 255 217
person 0.0488 394 131 441 203
person 0.0352 340 127 472 215
person 0.0208 157 118 335 214
person 0.0175 47 15 70 47
person 0.0118 55 20 161 102
person 0.0094 409 147 450 207
person 0.0086 343 140 379 212
person 0.0051 56 2 207 86
person 0.0036 256 128 401 211
person 0.0034 101 95 309 189
person 0.0030 24 162 175 244
person 0.0027 343 21 466 148
person 0.0026 28 36 460 249
person 0.0020 52 119 218 213
person 0.0017 229 73 239 90
person 0.0016 435 129 498 199
person 0.0015 223 50 241 91
person 0.0015 113 82 130 97
person 0.0014 112 57 132 100
person 0.0013 35 17 101 82
person 0.0011 3 11 60 124
person 0.0010 256 145 300 212
person 0.0010 434 151 478 183
person 0.0010 43 86 507 337
person 0.0010 101 171 160 223
person 0.0010 45 89 300 243
car 0.9898 10 85 487 346
car 0.0279 28 36 460 249
car 0.0045 157 118 335 214
car 0.0019 114 116 255 217
car 0.0014 102 92 387 183
car 0.0010 45 89 300 243
bus 0.0010 15 49 471 306
bird 0.0558 101 171 160 223
bird 0.0014 93 188 163 243
cat 0.0013 101 171 160 223
tvmonitor 0.0012 15 49 471 306
