person 0.9997 158 72 351 377
person 0.0042 156 185 178 213
person 0.0014 145 155 155 160
person 0.0011 2 204 131 334
person 0.0011 0 249 25 337
person 0.0010 0 354 64 377
bicycle 0.0223 -26 -20 365 382
bicycle 0.0064 2 204 131 334
bicycle 0.0054 0 248 69 376
bicycle 0.0029 -7 178 190 362
bicycle 0.0012 158 129 350 377
car 0.0016 158 129 350 377
car 0.0010 21 146 479 379
motorbike 0.0010 -7 178 190 362
bus 0.0044 -14 -20 286 382
boat 0.6837 -26 -20 365 382
boat 0.1198 158 129 350 377
boat 0.0960 144 157 171 162
boat 0.0916 161 158 173 161
boat 0.0280 8 303 333 372
boat 0.0276 143 156 158 161
boat 0.0228 145 155 155 160
boat 0.0195 179 159 212 164
boat 0.0189 142 154 173 161
boat 0.0153 178 160 195 163
boat 0.0095 84 84 479 367
boat 0.0091 -5 220 196 370
boat 0.0088 -17 219 453 372
boat 0.0085 161 155 174 160
boat 0.0080 134 156 203 163
boat 0.0064 170 159 188 163
boat 0.0038 155 157 219 164
boat 0.0036 139 152 198 161
boat 0.0029 45 244 293 356
boat 0.0017 302 162 323 170
boat 0.0016 17 207 152 329
boat 0.0016 125 152 175 161
bird 0.0247 131 200 201 371
bird 0.0039 298 225 365 381
cat 0.0703 132 182 201 339
dog 0.9951 299 215 365 369
dog 0.7835 131 191 201 355
dog 0.0029 158 129 350 377
horse 0.0413 131 200 201 371
horse 0.0037 298 225 365 381
horse 0.0026 18 -15 395 380
sheep 0.1537 131 200 201 371
sheep 0.0104 298 225 365 381
cow 0.0019 131 200 201 371
chair 0.0121 0 248 69 376
chair 0.0071 0 249 25 337
chair 0.0070 0 330 62 377
chair 0.0045 0 181 62 330
chair 0.0023 1 276 64 340
chair 0.0019 -1 239 128 362
chair 0.0017 0 257 9 339
chair 0.0015 34 326 174 372
chair 0.0014 1 258 85 329
chair 0.0013 7 306 197 377
chair 0.0012 1 194 22 319
chair 0.0010 0 200 67 263
diningtable 0.0018 0 248 69 376
diningtable 0.0017 0 330 62 377
