person 0.9950 251 242 345 376
person 0.9847 379 219 446 342
person 0.8992 2 230 56 356
person 0.8960 121 232 138 288
person 0.8192 186 234 290 384
person 0.6295 88 237 109 286
person 0.4614 357 233 394 305
person 0.4286 31 234 92 355
person 0.4061 140 253 153 288
person 0.3779 184 236 213 306
person 0.3116 162 244 176 281
person 0.2417 1 240 28 347
person 0.1912 32 234 65 289
person 0.1856 188 240 206 281
person 0.1487 4 235 43 309
person 0.0962 134 249 146 288
person 0.0686 349 209 402 340
person 0.0667 177 231 232 357
person 0.0555 298 249 340 302
person 0.0534 222 239 294 355
person 0.0493 77 239 107 296
person 0.0449 45 240 380 302
person 0.0325 207 300 381 377
person 0.0313 244 244 266 291
person 0.0308 235 241 258 295
person 0.0276 179 244 195 291
person 0.0256 209 236 376 307
person 0.0224 105 241 121 282
person 0.0223 332 275 496 358
person 0.0220 238 243 272 304
person 0.0205 25 239 44 278
person 0.0199 84 241 101 281
person 0.0195 0 239 6 336
person 0.0193 59 249 81 285
person 0.0185 1 237 6 261
person 0.0177 283 240 316 300
person 0.0174 12 266 152 368
person 0.0168 380 225 447 288
person 0.0166 74 251 90 283
person 0.0160 54 238 75 281
person 0.0156 336 220 368 295
person 0.0127 0 235 11 283
person 0.0124 44 238 82 300
person 0.0118 172 247 185 285
person 0.0114 130 237 143 286
person 0.0111 28 242 41 259
person 0.0099 135 256 143 281
person 0.0095 175 250 204 335
person 0.0095 84 256 93 278
person 0.0084 136 251 143 267
person 0.0082 28 235 99 285
person 0.0081 122 229 152 290
person 0.0078 457 239 495 303
person 0.0075 174 249 182 271
person 0.0072 292 249 311 287
person 0.0071 181 262 218 349
person 0.0069 163 253 172 280
person 0.0068 238 256 279 328
person 0.0063 472 230 498 313
person 0.0061 420 232 439 268
person 0.0059 1 247 5 272
person 0.0057 315 250 352 304
person 0.0055 253 242 272 279
person 0.0054 395 222 419 257
person 0.0053 284 249 303 289
person 0.0051 222 246 295 299
person 0.0050 -3 242 198 300
person 0.0049 0 240 22 277
person 0.0049 393 242 436 333
person 0.0048 153 256 162 279
person 0.0046 150 251 164 283
person 0.0046 -2 233 430 364
person 0.0044 323 224 358 293
person 0.0042 280 231 453 307
person 0.0041 223 252 262 330
person 0.0040 110 246 126 287
person 0.0039 0 234 5 250
person 0.0039 144 254 152 268
person 0.0038 106 242 117 259
person 0.0037 78 251 88 272
person 0.0037 173 254 181 280
person 0.0035 264 247 337 302
person 0.0035 85 250 94 271
person 0.0034 191 249 202 270
person 0.0033 35 242 46 257
person 0.0033 373 216 498 320
person 0.0033 194 239 213 280
person 0.0032 2 241 41 277
person 0.0031 29 249 39 266
person 0.0030 2 226 27 294
person 0.0029 413 227 449 285
person 0.0029 397 226 406 236
person 0.0028 0 268 2 327
person 0.0026 109 234 127 269
person 0.0026 106 249 117 266
person 0.0025 174 244 261 299
person 0.0025 194 244 202 256
person 0.0025 247 256 262 300
person 0.0025 31 235 51 267
person 0.0024 255 239 295 305
bicycle 0.6907 301 271 345 302
bicycle 0.5298 356 289 501 361
bicycle 0.2490 207 300 381 377
bicycle 0.1227 291 252 348 302
bicycle 0.0632 177 336 267 375
bicycle 0.0420 319 272 359 304
bicycle 0.0322 304 265 365 311
bicycle 0.0320 320 266 345 296
bicycle 0.0218 310 282 350 309
bicycle 0.0169 329 324 420 370
bicycle 0.0142 290 296 443 369
bicycle 0.0066 249 249 375 368
bicycle 0.0055 454 278 496 345
bicycle 0.0053 190 352 261 375
bicycle 0.0051 323 285 376 310
bicycle 0.0046 320 279 341 295
bicycle 0.0043 0 267 138 366
bicycle 0.0043 322 305 395 367
bicycle 0.0039 142 263 152 288
bicycle 0.0037 315 246 396 304
bicycle 0.0036 303 282 321 297
bicycle 0.0036 321 272 341 287
bicycle 0.0034 301 273 324 301
bicycle 0.0033 459 251 497 290
bicycle 0.0033 408 280 493 351
bicycle 0.0032 264 247 337 302
bicycle 0.0025 458 260 478 292
bicycle 0.0023 312 281 332 295
bicycle 0.0021 275 265 460 356
bicycle 0.0021 311 266 336 295
bicycle 0.0020 316 295 367 316
bicycle 0.0020 320 290 342 303
bicycle 0.0018 314 273 332 285
bicycle 0.0017 199 346 271 368
bicycle 0.0017 476 264 498 358
bicycle 0.0017 313 290 331 301
bicycle 0.0015 297 285 378 334
bicycle 0.0014 306 288 320 301
bicycle 0.0014 197 335 357 372
bicycle 0.0014 276 325 400 372
bicycle 0.0013 332 279 347 297
bicycle 0.0012 178 338 415 387
bicycle 0.0011 218 354 272 372
bicycle 0.0011 0 275 7 358
bicycle 0.0010 0 305 4 329
bicycle 0.0010 475 261 499 295
bicycle 0.0010 494 276 499 377
bicycle 0.0010 322 299 342 311
bicycle 0.0010 181 342 234 372
car 0.0516 471 216 498 292
car 0.0210 437 225 499 287
car 0.0097 0 267 138 366
car 0.0075 457 239 495 303
car 0.0048 169 290 190 302
car 0.0045 477 237 499 281
car 0.0028 454 199 498 280
car 0.0023 488 219 498 281
car 0.0022 207 300 381 377
car 0.0022 466 253 499 287
car 0.0017 442 228 486 251
car 0.0012 417 211 494 268
car 0.0010 168 284 190 311
motorbike 0.9167 -2 281 145 369
motorbike 0.7301 360 275 496 359
motorbike 0.2713 207 300 381 377
motorbike 0.0657 329 324 420 370
motorbike 0.0444 62 291 148 365
motorbike 0.0260 291 252 348 302
motorbike 0.0221 290 296 443 369
motorbike 0.0213 457 239 495 303
motorbike 0.0186 249 249 375 368
motorbike 0.0109 101 298 146 364
motorbike 0.0098 466 261 499 293
motorbike 0.0093 458 260 478 292
motorbike 0.0075 311 266 346 297
motorbike 0.0068 454 278 496 345
motorbike 0.0062 476 242 498 343
motorbike 0.0045 177 336 267 375
motorbike 0.0044 365 287 466 342
motorbike 0.0041 476 251 499 287
motorbike 0.0034 0 275 7 358
motorbike 0.0033 420 225 493 286
motorbike 0.0030 435 271 454 285
motorbike 0.0024 170 276 200 343
motorbike 0.0022 275 265 460 356
motorbike 0.0021 276 325 400 372
motorbike 0.0021 322 305 395 367
motorbike 0.0020 491 242 498 313
motorbike 0.0019 136 298 307 372
motorbike 0.0018 -39 236 176 368
motorbike 0.0018 417 266 456 288
motorbike 0.0016 183 249 309 370
motorbike 0.0016 428 251 465 286
motorbike 0.0016 0 305 4 329
motorbike 0.0016 178 338 415 387
motorbike 0.0015 19 283 112 343
motorbike 0.0015 353 307 429 357
motorbike 0.0014 0 251 5 343
motorbike 0.0014 43 254 130 371
motorbike 0.0013 471 216 498 292
motorbike 0.0013 91 288 150 342
motorbike 0.0013 494 245 499 350
motorbike 0.0012 7 298 89 361
motorbike 0.0011 476 270 499 306
motorbike 0.0011 476 282 499 373
motorbike 0.0011 0 251 23 363
motorbike 0.0010 462 250 486 289
motorbike 0.0010 446 285 486 312
bus 0.0015 475 189 499 288
bird 0.0015 90 101 94 104
horse 0.0015 356 289 501 361
