person 0.0044 454 208 499 377
person 0.0035 451 6 498 385
person 0.0026 473 21 498 371
person 0.0014 18 10 162 78
cat 0.0016 185 250 361 371
dog 0.8755 116 4 332 248
dog 0.0071 65 11 499 380
dog 0.0015 185 250 361 371
bottle 0.0039 454 208 499 377
bottle 0.0036 353 -1 438 117
bottle 0.0012 473 222 499 361
chair 0.0893 18 10 162 78
chair 0.0143 445 0 500 168
chair 0.0037 473 21 498 371
chair 0.0037 448 -34 500 311
chair 0.0036 452 118 499 390
chair 0.0026 40 11 465 381
chair 0.0018 347 8 462 116
chair 0.0016 483 109 498 324
chair 0.0013 467 -17 501 217
chair 0.0013 484 3 500 196
chair 0.0011 8 8 166 45
sofa 0.0038 8 8 166 45
sofa 0.0020 40 11 465 381
diningtable 0.2173 40 11 465 381
diningtable 0.0093 18 10 162 78
diningtable 0.0024 181 250 350 369
diningtable 0.0010 350 284 473 372
tvmonitor 0.0367 347 8 462 116
tvmonitor 0.0013 -2 4 146 38
