person 0.9631 436 9 500 211
person 0.6717 195 2 235 37
person 0.3032 327 3 425 64
person 0.0794 306 4 405 43
person 0.0712 375 3 443 68
person 0.0681 411 1 447 65
person 0.0398 291 -1 434 125
person 0.0214 214 3 235 37
person 0.0205 45 51 511 364
person 0.0151 321 0 380 25
person 0.0130 337 -14 415 171
person 0.0100 482 33 499 194
person 0.0093 466 -1 501 227
person 0.0089 441 6 499 114
person 0.0085 172 3 188 46
person 0.0073 169 5 192 77
person 0.0059 175 3 194 27
person 0.0050 279 1 359 42
person 0.0049 310 1 328 12
person 0.0043 376 -3 446 162
person 0.0036 327 -11 468 209
person 0.0033 264 0 415 72
person 0.0033 311 1 351 14
person 0.0031 494 64 499 174
person 0.0030 349 2 387 28
person 0.0029 493 13 499 110
person 0.0029 172 3 187 23
person 0.0026 303 0 324 45
person 0.0024 491 42 498 118
person 0.0023 427 2 448 48
person 0.0023 475 7 499 105
person 0.0022 8 -19 490 248
person 0.0020 360 2 401 41
person 0.0019 435 0 452 46
person 0.0018 411 3 491 68
person 0.0017 307 0 356 23
person 0.0015 197 5 216 34
person 0.0015 355 2 433 112
person 0.0014 0 3 43 74
person 0.0014 277 5 317 65
person 0.0014 492 101 499 175
person 0.0013 435 3 468 71
person 0.0013 195 6 238 67
person 0.0012 238 3 314 44
person 0.0011 492 -5 499 72
person 0.0011 349 0 369 26
person 0.0010 348 0 368 12
person 0.0010 321 1 344 13
bicycle 0.0050 24 50 432 362
bicycle 0.0010 445 51 499 250
car 0.0107 0 15 28 95
car 0.0047 -3 84 56 212
car 0.0035 57 -6 498 314
car 0.0027 0 77 29 195
car 0.0020 -2 16 55 176
car 0.0019 0 24 26 167
car 0.0017 3 29 86 199
car 0.0013 13 5 92 112
car 0.0012 1 23 23 62
car 0.0010 22 9 184 113
motorbike 0.9978 14 0 477 367
motorbike 0.0017 439 38 500 220
motorbike 0.0016 297 -2 430 75
bus 0.0019 -2 22 57 206
chair 0.0037 439 38 500 220
diningtable 0.0021 57 -6 498 314
