bicycle 0.0071 5 221 139 351
bicycle 0.0019 0 196 160 459
bird 0.0019 45 372 67 404
bird 0.0013 39 371 58 406
bottle 0.0296 359 180 370 272
bottle 0.0229 -1 472 28 499
bottle 0.0106 358 214 368 270
bottle 0.0105 361 165 372 356
bottle 0.0024 60 471 116 499
bottle 0.0022 20 488 39 498
bottle 0.0015 354 217 364 267
bottle 0.0014 330 251 347 264
bottle 0.0012 366 172 375 280
bottle 0.0012 121 437 253 496
bottle 0.0010 27 472 50 498
chair 0.0036 137 439 241 497
chair 0.0026 339 476 377 499
chair 0.0017 5 221 139 351
chair 0.0012 60 471 116 499
chair 0.0010 337 446 375 500
pottedplant 0.4368 88 97 283 475
pottedplant 0.2076 -1 436 121 497
pottedplant 0.0542 0 196 160 459
pottedplant 0.0302 59 230 248 483
pottedplant 0.0295 0 442 56 497
pottedplant 0.0119 41 468 122 499
pottedplant 0.0111 41 428 115 489
pottedplant 0.0093 1 354 40 429
pottedplant 0.0070 57 449 134 497
pottedplant 0.0049 -4 445 30 496
pottedplant 0.0048 131 213 312 507
pottedplant 0.0038 27 361 63 419
pottedplant 0.0038 0 367 89 495
pottedplant 0.0034 0 420 42 491
pottedplant 0.0026 0 333 57 452
pottedplant 0.0026 8 261 137 381
pottedplant 0.0024 0 349 22 437
pottedplant 0.0023 8 346 72 411
pottedplant 0.0022 -1 461 39 493
pottedplant 0.0021 63 466 110 492
pottedplant 0.0019 5 347 133 473
pottedplant 0.0017 4 449 48 482
pottedplant 0.0016 -1 472 28 499
pottedplant 0.0015 57 438 99 474
pottedplant 0.0014 -18 472 108 499
pottedplant 0.0013 21 473 56 499
pottedplant 0.0012 20 409 194 496
pottedplant 0.0012 182 66 330 512
pottedplant 0.0012 21 424 62 489
pottedplant 0.0011 2 289 79 422
pottedplant 0.0011 41 361 75 421
pottedplant 0.0010 48 309 172 428
pottedplant 0.0010 20 457 42 496
pottedplant 0.0010 137 439 241 497
pottedplant 0.0010 47 346 120 412
