person 0.9996 242 144 429 366
person 0.9978 83 126 195 354
person 0.9073 187 115 299 359
person 0.6033 415 150 446 208
person 0.4925 436 149 453 193
person 0.1714 411 144 429 179
person 0.1183 333 151 370 248
person 0.0778 394 167 435 230
person 0.0740 400 161 413 180
person 0.0682 421 147 434 162
person 0.0675 377 136 396 170
person 0.0652 429 147 448 180
person 0.0574 191 127 300 232
person 0.0482 415 147 438 177
person 0.0455 351 136 365 154
person 0.0441 397 149 416 179
person 0.0364 371 128 393 161
person 0.0344 429 147 440 163
person 0.0298 203 167 275 338
person 0.0271 424 152 435 170
person 0.0271 413 146 426 164
person 0.0249 430 153 440 170
person 0.0247 417 163 438 217
person 0.0169 263 181 404 326
person 0.0159 399 150 436 210
person 0.0153 440 153 451 174
person 0.0117 396 162 406 178
person 0.0111 291 163 429 295
person 0.0096 383 143 394 164
person 0.0083 401 154 412 175
person 0.0076 179 179 319 276
person 0.0072 349 165 433 228
person 0.0072 350 128 392 157
person 0.0069 375 142 387 164
person 0.0059 0 211 18 344
person 0.0059 364 126 398 148
person 0.0049 394 153 405 175
person 0.0045 382 136 395 152
person 0.0044 412 150 424 173
person 0.0042 380 127 396 141
person 0.0037 432 151 461 204
person 0.0036 427 161 449 198
person 0.0034 347 137 369 166
person 0.0034 307 144 372 257
person 0.0033 344 132 364 158
person 0.0030 443 163 453 181
person 0.0029 371 128 392 142
person 0.0027 412 168 422 180
person 0.0026 374 136 388 152
person 0.0026 385 151 394 171
person 0.0025 33 201 103 349
person 0.0025 390 181 430 217
person 0.0024 27 155 175 366
person 0.0019 382 142 444 252
person 0.0019 397 165 440 196
person 0.0018 361 139 375 153
person 0.0017 286 60 305 95
person 0.0017 424 167 432 177
person 0.0017 389 138 408 173
person 0.0015 307 143 427 235
person 0.0014 0 205 5 312
person 0.0014 413 179 453 247
person 0.0012 338 191 362 271
person 0.0012 245 181 314 331
person 0.0012 35 95 461 363
person 0.0012 365 143 375 159
person 0.0011 345 143 360 159
person 0.0011 437 148 451 164
person 0.0011 1 102 25 147
person 0.0011 292 191 305 243
person 0.0011 393 158 421 184
person 0.0010 392 147 404 164
person 0.0010 377 153 386 168
bicycle 0.0215 362 127 398 159
bicycle 0.0209 53 167 116 225
bicycle 0.0131 52 182 114 294
bicycle 0.0112 51 121 125 233
bicycle 0.0099 47 198 88 277
bicycle 0.0071 235 325 400 372
bicycle 0.0063 65 146 110 216
bicycle 0.0038 42 180 81 254
bicycle 0.0037 65 182 107 246
bicycle 0.0035 33 156 103 278
bicycle 0.0033 59 222 116 361
bicycle 0.0033 377 136 396 170
bicycle 0.0027 371 126 401 147
bicycle 0.0017 33 201 103 349
bicycle 0.0013 344 121 404 166
bicycle 0.0013 276 134 430 340
bicycle 0.0012 46 130 131 187
bicycle 0.0012 59 197 107 227
bicycle 0.0012 355 135 435 179
bicycle 0.0010 347 125 395 149
bicycle 0.0010 397 149 416 179
car 0.0018 191 127 300 232
bird 0.0012 1 82 29 159
dog 0.0020 333 151 370 248
bottle 0.9914 162 333 185 375
bottle 0.9731 278 192 292 246
bottle 0.9591 213 192 224 247
bottle 0.8367 293 186 305 240
bottle 0.6404 305 213 321 247
bottle 0.5966 219 210 235 251
bottle 0.3325 215 196 232 247
bottle 0.1684 230 212 242 249
bottle 0.0637 137 335 156 375
bottle 0.0620 288 195 302 243
bottle 0.0468 306 220 318 240
bottle 0.0346 211 196 235 268
bottle 0.0273 235 214 252 244
bottle 0.0268 281 187 305 246
bottle 0.0261 296 188 305 215
bottle 0.0180 221 228 234 249
bottle 0.0178 234 226 243 249
bottle 0.0119 322 221 352 287
bottle 0.0115 222 220 233 243
bottle 0.0112 306 212 317 230
bottle 0.0096 239 220 249 242
bottle 0.0096 328 240 337 256
bottle 0.0084 215 192 224 211
bottle 0.0078 305 232 320 245
bottle 0.0070 304 193 320 233
bottle 0.0062 283 191 290 212
bottle 0.0054 325 224 341 257
bottle 0.0052 231 213 241 226
bottle 0.0052 219 192 228 211
bottle 0.0050 294 217 304 239
bottle 0.0044 289 189 297 213
bottle 0.0040 322 211 339 248
bottle 0.0038 328 233 339 248
bottle 0.0034 297 199 305 220
bottle 0.0032 333 229 342 249
bottle 0.0030 223 214 233 227
bottle 0.0029 222 203 232 218
bottle 0.0027 270 197 297 265
bottle 0.0027 296 213 307 231
bottle 0.0026 301 190 334 244
bottle 0.0025 211 184 226 222
bottle 0.0025 324 239 342 278
bottle 0.0024 241 216 262 240
bottle 0.0024 278 210 289 231
bottle 0.0022 213 198 223 222
bottle 0.0022 237 228 246 246
bottle 0.0022 340 214 355 264
bottle 0.0021 217 184 231 218
bottle 0.0020 214 211 256 247
bottle 0.0016 287 186 303 221
bottle 0.0016 280 199 290 223
bottle 0.0014 121 333 209 372
bottle 0.0014 298 187 305 202
bottle 0.0014 246 221 260 238
bottle 0.0013 333 222 348 258
bottle 0.0013 289 210 298 233
bottle 0.0013 313 197 336 239
bottle 0.0012 325 223 338 240
bottle 0.0011 212 209 221 231
bottle 0.0011 278 186 292 223
bottle 0.0011 289 219 299 240
bottle 0.0010 110 318 117 337
bottle 0.0010 319 223 327 237
bottle 0.0010 306 203 317 220
bottle 0.0010 211 217 219 243
bottle 0.0010 291 198 298 223
chair 0.9316 366 245 453 368
chair 0.7628 234 328 396 374
chair 0.2097 0 229 19 354
chair 0.1926 432 311 500 375
chair 0.1723 75 240 105 348
chair 0.1616 57 202 115 349
chair 0.1589 69 230 138 358
chair 0.0855 32 225 103 361
chair 0.0668 0 216 11 263
chair 0.0554 432 188 469 248
chair 0.0350 285 248 458 362
chair 0.0326 56 200 106 280
chair 0.0275 74 190 190 340
chair 0.0253 69 199 107 224
chair 0.0234 411 217 431 258
chair 0.0225 186 187 205 218
chair 0.0216 0 208 8 290
chair 0.0215 86 251 160 372
chair 0.0207 436 149 453 193
chair 0.0170 0 268 5 366
chair 0.0141 0 230 50 359
chair 0.0140 435 199 460 243
chair 0.0135 0 218 9 243
chair 0.0129 112 112 130 157
chair 0.0122 474 170 499 260
chair 0.0121 0 221 4 256
chair 0.0110 439 172 452 191
chair 0.0104 147 267 181 353
chair 0.0103 345 292 463 370
chair 0.0099 424 201 481 256
chair 0.0099 0 196 15 319
chair 0.0095 397 149 416 179
chair 0.0086 29 257 100 326
chair 0.0082 218 289 237 324
chair 0.0078 180 201 260 347
chair 0.0077 0 207 4 369
chair 0.0077 189 189 201 212
chair 0.0075 54 187 114 241
chair 0.0072 385 322 488 370
chair 0.0070 400 161 413 180
chair 0.0069 476 212 497 253
chair 0.0069 60 204 104 235
chair 0.0066 393 177 433 250
chair 0.0066 203 167 275 338
chair 0.0062 413 179 453 247
chair 0.0061 237 202 318 344
chair 0.0061 408 246 451 345
chair 0.0060 412 168 422 180
chair 0.0059 396 168 463 229
chair 0.0059 86 267 119 351
chair 0.0057 287 190 428 324
chair 0.0056 173 150 317 373
chair 0.0055 411 144 429 179
chair 0.0054 413 155 444 194
chair 0.0054 376 342 423 374
chair 0.0050 218 290 232 307
chair 0.0048 413 156 446 230
chair 0.0046 401 154 412 175
chair 0.0043 398 207 432 261
chair 0.0041 10 252 89 368
chair 0.0041 417 163 438 217
chair 0.0040 179 184 197 223
chair 0.0040 104 109 135 168
chair 0.0040 444 206 464 250
chair 0.0039 424 152 435 170
chair 0.0039 412 173 422 186
chair 0.0038 443 163 453 181
chair 0.0037 477 168 499 214
chair 0.0037 83 118 129 200
chair 0.0036 27 155 175 366
chair 0.0036 414 209 449 260
chair 0.0036 390 181 430 217
chair 0.0034 349 257 444 326
chair 0.0033 235 303 481 367
chair 0.0031 66 118 133 231
chair 0.0031 394 153 405 175
chair 0.0029 165 268 196 349
chair 0.0029 222 279 262 337
chair 0.0029 452 180 494 251
chair 0.0028 187 271 217 345
chair 0.0027 65 146 110 216
chair 0.0026 412 150 424 173
chair 0.0026 196 123 215 162
chair 0.0025 278 266 291 285
chair 0.0024 0 227 2 271
chair 0.0024 430 153 440 170
chair 0.0023 12 200 111 333
chair 0.0023 333 151 370 248
chair 0.0023 190 261 202 334
chair 0.0022 491 183 499 258
chair 0.0022 432 151 461 204
chair 0.0021 488 172 498 230
chair 0.0021 381 145 398 175
chair 0.0020 115 108 127 124
chair 0.0020 218 271 236 308
chair 0.0020 254 264 293 297
chair 0.0018 104 221 180 368
chair 0.0018 367 331 456 372
chair 0.0018 412 147 444 177
chair 0.0018 485 160 499 208
sofa 0.0062 0 211 18 344
sofa 0.0017 432 311 500 375
sofa 0.0016 234 328 396 374
sofa 0.0015 0 230 50 359
sofa 0.0013 33 201 103 349
sofa 0.0010 0 216 11 263
pottedplant 0.1566 35 195 69 264
pottedplant 0.0769 301 190 334 244
pottedplant 0.0539 53 167 116 225
pottedplant 0.0490 319 199 339 241
pottedplant 0.0451 45 199 63 263
pottedplant 0.0438 304 193 320 233
pottedplant 0.0427 42 180 81 254
pottedplant 0.0370 47 198 88 277
pottedplant 0.0304 33 156 103 278
pottedplant 0.0128 323 182 351 254
pottedplant 0.0116 0 211 18 344
pottedplant 0.0106 14 131 79 264
pottedplant 0.0097 4 119 127 246
pottedplant 0.0090 32 154 66 249
pottedplant 0.0085 59 197 107 227
pottedplant 0.0085 44 192 66 234
pottedplant 0.0085 49 138 120 256
pottedplant 0.0078 0 59 130 318
pottedplant 0.0063 70 186 108 219
pottedplant 0.0063 5 109 56 284
pottedplant 0.0062 279 167 344 227
pottedplant 0.0055 65 146 110 216
pottedplant 0.0049 48 165 88 233
pottedplant 0.0045 71 176 107 207
pottedplant 0.0041 23 125 177 343
pottedplant 0.0035 234 328 396 374
pottedplant 0.0034 65 182 107 246
pottedplant 0.0034 281 187 305 246
pottedplant 0.0033 306 203 317 220
pottedplant 0.0030 312 193 346 232
pottedplant 0.0029 0 145 14 288
pottedplant 0.0029 52 182 114 294
pottedplant 0.0028 45 187 80 216
pottedplant 0.0026 274 192 298 249
pottedplant 0.0025 20 179 84 329
pottedplant 0.0023 11 171 49 261
pottedplant 0.0023 305 194 316 210
pottedplant 0.0022 0 208 8 290
pottedplant 0.0020 269 185 334 246
pottedplant 0.0017 325 157 360 240
pottedplant 0.0016 59 169 107 198
pottedplant 0.0015 0 101 32 173
pottedplant 0.0015 50 204 67 256
pottedplant 0.0014 307 144 372 257
pottedplant 0.0014 82 186 95 202
pottedplant 0.0014 0 216 11 263
pottedplant 0.0013 191 127 300 232
pottedplant 0.0012 -2 184 67 251
pottedplant 0.0012 187 115 299 359
pottedplant 0.0011 78 164 100 203
pottedplant 0.0010 292 188 334 215
pottedplant 0.0010 45 226 59 270
pottedplant 0.0010 325 223 338 240
diningtable 0.8854 159 230 323 367
diningtable 0.0739 168 234 313 271
diningtable 0.0280 0 229 19 354
diningtable 0.0101 59 222 116 361
diningtable 0.0083 181 216 296 257
diningtable 0.0064 179 179 319 276
diningtable 0.0044 75 240 105 348
diningtable 0.0036 180 201 260 347
diningtable 0.0027 242 232 348 269
diningtable 0.0026 0 230 50 359
diningtable 0.0025 178 245 301 291
diningtable 0.0024 393 177 433 250
diningtable 0.0022 0 216 11 263
diningtable 0.0017 258 214 336 259
diningtable 0.0016 391 177 429 210
diningtable 0.0015 278 159 348 204
diningtable 0.0013 237 202 318 344
diningtable 0.0013 378 348 421 375
diningtable 0.0013 0 208 8 290
diningtable 0.0013 0 207 4 369
diningtable 0.0012 71 193 364 262
diningtable 0.0011 200 149 391 369
diningtable 0.0010 385 169 443 227
