person 0.9703 286 182 371 259
person 0.4336 0 182 27 331
person 0.2329 23 150 43 178
person 0.1070 262 147 279 173
person 0.0510 2 171 41 372
person 0.0339 486 197 499 243
person 0.0188 426 138 462 181
person 0.0071 265 149 275 163
person 0.0065 492 198 498 225
person 0.0062 380 207 415 263
person 0.0055 492 194 499 211
person 0.0053 30 157 39 170
person 0.0047 389 215 411 247
person 0.0041 493 205 498 234
person 0.0036 260 158 388 250
person 0.0034 2 175 26 209
person 0.0031 489 177 500 228
person 0.0028 0 254 23 371
person 0.0024 494 164 498 181
person 0.0022 21 45 187 174
person 0.0021 481 84 497 122
person 0.0021 478 170 498 262
person 0.0020 21 185 29 203
person 0.0019 5 180 34 293
person 0.0019 489 142 499 202
person 0.0018 16 144 43 208
person 0.0018 262 152 274 171
person 0.0015 0 164 3 316
person 0.0015 253 45 415 169
person 0.0014 396 200 425 263
person 0.0013 20 191 27 206
person 0.0013 17 173 29 208
person 0.0012 429 203 448 241
person 0.0012 491 217 499 244
person 0.0011 478 193 498 234
person 0.0010 22 169 30 179
person 0.0010 399 214 415 263
person 0.0010 494 148 498 178
person 0.0010 0 205 4 371
bottle 0.0046 462 252 477 288
bottle 0.0037 448 202 465 241
bottle 0.0028 463 229 475 270
bottle 0.0019 484 76 500 119
bottle 0.0018 463 268 476 287
bottle 0.0014 459 137 471 186
bottle 0.0012 489 142 499 202
chair 0.0167 17 293 196 374
chair 0.0155 258 261 421 292
chair 0.0099 294 204 369 262
chair 0.0060 300 354 451 374
chair 0.0043 0 286 27 373
chair 0.0025 301 342 447 370
chair 0.0023 252 230 289 251
chair 0.0022 252 236 291 262
chair 0.0019 303 237 365 263
chair 0.0012 480 231 499 355
chair 0.0011 201 187 236 279
chair 0.0011 251 233 278 245
chair 0.0010 268 175 376 264
sofa 0.0035 258 261 421 292
sofa 0.0034 268 175 376 264
sofa 0.0016 252 183 460 271
sofa 0.0011 0 286 27 373
pottedplant 0.0034 259 261 439 291
diningtable 0.0018 17 293 196 374
tvmonitor 0.9844 14 34 197 192
tvmonitor 0.9651 253 45 415 169
tvmonitor 0.1116 416 67 495 134
tvmonitor 0.0632 422 131 488 192
tvmonitor 0.0131 29 186 173 282
tvmonitor 0.0105 234 33 428 248
tvmonitor 0.0079 426 137 462 177
tvmonitor 0.0069 258 261 421 292
tvmonitor 0.0055 254 3 386 43
tvmonitor 0.0054 418 95 492 223
tvmonitor 0.0051 198 182 234 251
tvmonitor 0.0034 477 127 498 226
tvmonitor 0.0033 268 175 376 264
tvmonitor 0.0022 17 293 196 374
tvmonitor 0.0015 488 138 499 189
tvmonitor 0.0014 305 236 369 264
tvmonitor 0.0013 475 70 500 134
tvmonitor 0.0010 455 188 472 198
