person 0.9980 263 36 484 364
person 0.9962 57 1 287 380
person 0.4375 39 30 470 352
person 0.0020 307 147 501 374
person 0.0011 0 216 86 374
chair 0.1786 73 137 163 208
chair 0.0407 3 161 508 370
chair 0.0363 15 52 322 379
chair 0.0207 244 141 501 377
chair 0.0079 24 110 158 362
chair 0.0056 373 151 500 371
chair 0.0032 483 203 498 383
chair 0.0021 0 216 86 374
chair 0.0014 0 18 53 218
chair 0.0014 493 290 499 381
chair 0.0013 70 120 150 314
chair 0.0013 68 47 494 340
sofa 0.5581 3 161 508 370
sofa 0.2667 244 141 501 377
sofa 0.0524 68 47 494 340
sofa 0.0278 373 151 500 371
sofa 0.0035 0 216 86 374
sofa 0.0022 246 40 428 355
sofa 0.0019 483 237 498 383
sofa 0.0019 376 148 498 252
sofa 0.0017 17 252 477 367
sofa 0.0015 15 52 322 379
sofa 0.0014 445 152 497 355
diningtable 0.0010 0 18 53 218
