person 0.9743 18 245 66 400
person 0.9179 163 224 236 287
person 0.8858 309 263 345 367
person 0.8715 36 64 327 381
person 0.8531 0 268 33 403
person 0.7149 0 255 17 288
person 0.7108 78 238 126 397
person 0.4000 49 251 75 344
person 0.3697 336 263 354 367
person 0.3086 293 266 303 284
person 0.2922 330 266 341 282
person 0.2630 302 265 332 333
person 0.2505 301 266 312 285
person 0.1912 81 242 109 359
person 0.1659 16 246 355 320
person 0.1431 299 271 310 289
person 0.1137 44 254 56 270
person 0.1129 340 266 350 285
person 0.1128 294 271 307 289
person 0.1094 0 300 21 408
person 0.1093 77 254 98 384
person 0.0996 47 255 61 272
person 0.0954 1 255 14 275
person 0.0900 19 247 58 308
person 0.0843 337 267 351 300
person 0.0840 309 262 320 281
person 0.0814 27 230 340 408
person 0.0750 47 254 68 295
person 0.0701 210 228 249 287
person 0.0614 3 263 15 283
person 0.0570 328 267 346 301
person 0.0532 308 317 325 365
person 0.0517 79 137 111 163
person 0.0480 25 269 61 369
person 0.0472 325 265 333 278
person 0.0453 45 252 65 277
person 0.0411 80 229 155 286
person 0.0314 34 250 82 390
person 0.0305 332 269 344 291
person 0.0305 43 251 54 265
person 0.0286 170 241 192 272
person 0.0268 124 227 160 284
person 0.0241 63 269 77 312
person 0.0223 180 248 190 261
person 0.0221 163 249 186 279
person 0.0217 325 275 344 310
person 0.0214 83 318 112 394
person 0.0206 63 240 107 396
person 0.0197 318 318 336 367
person 0.0185 241 138 280 199
person 0.0179 13 265 24 283
person 0.0173 292 260 300 273
person 0.0170 296 268 314 292
person 0.0156 -1 250 7 265
person 0.0149 66 221 305 291
person 0.0149 289 265 295 284
person 0.0128 85 348 108 394
person 0.0128 298 263 314 327
person 0.0106 16 250 58 280
person 0.0102 239 90 253 110
person 0.0091 160 228 196 284
person 0.0083 12 258 29 288
person 0.0077 165 254 179 273
person 0.0077 15 254 37 290
person 0.0076 -2 251 10 281
person 0.0074 49 252 61 264
person 0.0073 317 267 339 303
person 0.0071 144 244 161 284
person 0.0071 69 38 250 329
person 0.0071 2 274 15 287
person 0.0069 330 279 346 345
person 0.0066 325 319 344 365
person 0.0066 87 142 103 158
person 0.0065 135 229 174 284
person 0.0058 14 258 25 274
person 0.0057 137 241 154 285
person 0.0054 94 233 111 262
person 0.0053 302 304 332 368
person 0.0053 305 263 314 272
person 0.0051 299 261 334 286
person 0.0051 26 310 63 393
person 0.0051 1 251 11 264
person 0.0050 199 236 242 274
person 0.0050 118 242 136 287
person 0.0049 308 263 327 302
person 0.0048 0 274 21 314
person 0.0045 14 275 24 288
person 0.0042 125 230 141 281
person 0.0042 78 233 113 291
person 0.0041 160 256 170 275
person 0.0040 88 236 108 273
person 0.0038 308 257 345 311
person 0.0038 9 266 42 331
person 0.0037 301 319 320 359
person 0.0036 -2 252 26 309
person 0.0036 79 227 151 339
person 0.0036 49 287 74 377
person 0.0034 339 284 350 357
person 0.0034 232 87 254 119
person 0.0033 180 237 200 272
car 0.0068 323 260 349 270
car 0.0043 309 266 343 334
car 0.0028 320 260 352 286
car 0.0021 60 249 76 261
car 0.0013 299 257 360 303
car 0.0012 68 250 78 260
car 0.0011 15 256 58 290
motorbike 0.0014 0 300 21 408
bus 0.8930 70 38 285 440
bus 0.0129 48 191 319 395
train 0.0036 36 64 327 381
bottle 0.0011 36 288 43 295
