person 0.5343 227 174 238 191
person 0.3151 258 173 272 190
person 0.2067 248 174 262 189
person 0.1355 199 175 210 194
person 0.1297 248 170 277 193
person 0.0959 151 186 161 198
person 0.0910 225 168 243 193
person 0.0830 163 186 173 198
person 0.0759 200 128 209 140
person 0.0578 181 134 189 147
person 0.0548 147 186 156 199
person 0.0443 196 166 212 196
person 0.0437 228 169 263 193
person 0.0401 265 173 276 191
person 0.0367 147 110 318 231
person 0.0346 277 174 289 192
person 0.0338 295 176 304 191
person 0.0333 180 181 189 197
person 0.0295 241 174 253 190
person 0.0285 175 137 184 148
person 0.0282 222 120 231 134
person 0.0254 224 174 234 191
person 0.0218 195 130 203 143
person 0.0179 229 169 238 185
person 0.0174 259 170 271 184
person 0.0173 263 169 281 192
person 0.0164 196 182 203 196
person 0.0161 288 174 300 192
person 0.0160 195 175 205 194
person 0.0149 240 119 253 130
person 0.0140 175 184 183 197
person 0.0092 248 170 260 184
person 0.0080 258 120 271 131
person 0.0075 199 165 209 182
person 0.0075 163 140 172 151
person 0.0071 228 182 238 193
person 0.0065 247 120 261 131
person 0.0049 267 170 299 194
person 0.0046 152 141 160 153
person 0.0042 283 170 302 194
person 0.0041 212 127 219 137
person 0.0038 220 125 228 136
person 0.0038 148 141 155 153
person 0.0038 279 122 289 132
person 0.0037 266 169 276 183
person 0.0032 223 169 233 184
person 0.0031 147 146 154 154
person 0.0024 254 166 274 188
person 0.0022 193 135 199 145
person 0.0019 176 132 184 144
person 0.0018 297 183 305 193
person 0.0017 224 183 234 193
person 0.0015 267 121 278 131
person 0.0015 277 168 287 184
person 0.0015 227 119 237 132
person 0.0014 242 169 251 183
person 0.0014 278 183 288 193
person 0.0013 139 185 145 199
person 0.0011 261 184 270 192
person 0.0011 244 166 264 187
car 0.0046 23 196 43 206
car 0.0013 33 209 51 218
car 0.0013 29 208 43 215
bus 0.9990 124 96 313 243
bus 0.0030 23 196 43 206
chair 0.0012 181 134 189 147
tvmonitor 0.0043 23 196 43 206
