person 0.0050 -2 37 455 321
bicycle 0.9975 22 12 503 305
bicycle 0.0085 445 3 500 158
bicycle 0.0057 315 10 501 210
bicycle 0.0055 335 14 488 126
bicycle 0.0035 129 40 228 87
bicycle 0.0033 -6 85 189 290
bicycle 0.0030 3 106 138 195
bicycle 0.0026 438 50 499 229
bicycle 0.0026 371 49 496 164
bicycle 0.0026 374 73 449 125
bicycle 0.0025 85 8 256 81
bicycle 0.0016 449 4 501 82
bicycle 0.0014 18 8 244 114
bicycle 0.0014 434 89 500 148
bicycle 0.0014 362 59 464 107
bicycle 0.0010 9 5 248 216
motorbike 0.0022 4 -5 511 248
train 0.0014 4 -5 511 248
chair 0.0221 17 5 179 74
chair 0.0191 129 40 228 87
chair 0.0072 85 8 256 81
chair 0.0033 12 3 121 50
chair 0.0032 0 2 5 113
chair 0.0023 -5 -2 205 156
chair 0.0019 0 -10 10 176
chair 0.0016 4 -5 511 248
chair 0.0010 90 7 127 79
diningtable 0.0039 17 5 179 74
diningtable 0.0014 17 73 523 352
