person 0.0194 400 124 414 142
person 0.0083 227 215 341 340
person 0.0079 402 192 449 231
person 0.0073 396 122 406 142
person 0.0070 294 162 305 183
person 0.0029 200 152 219 179
person 0.0028 297 204 306 223
person 0.0025 292 159 307 191
person 0.0018 422 127 437 146
person 0.0017 222 218 260 296
person 0.0016 315 200 324 223
person 0.0012 281 198 291 220
person 0.0012 428 193 448 231
person 0.0012 219 196 229 207
person 0.0011 4 64 45 368
person 0.0010 285 202 294 221
bicycle 0.0197 129 234 190 348
bicycle 0.0048 135 218 195 287
bicycle 0.0044 316 64 335 95
bicycle 0.0018 128 275 174 352
motorbike 0.0089 129 234 190 348
motorbike 0.0010 135 218 195 287
bird 0.0072 316 64 335 95
bird 0.0049 341 80 361 95
bird 0.0038 471 73 486 92
dog 0.0032 341 80 361 95
bottle 0.2533 372 106 385 142
bottle 0.0196 421 153 434 171
bottle 0.0160 435 154 444 171
bottle 0.0121 442 156 451 172
bottle 0.0119 494 187 499 212
bottle 0.0118 130 274 183 351
bottle 0.0115 411 154 420 172
bottle 0.0096 444 108 460 145
bottle 0.0087 495 176 499 213
bottle 0.0074 433 78 443 98
bottle 0.0073 492 170 499 216
bottle 0.0061 337 136 347 144
bottle 0.0058 378 106 395 141
bottle 0.0051 475 99 499 187
bottle 0.0049 372 72 399 94
bottle 0.0049 353 132 362 144
bottle 0.0049 422 127 437 146
bottle 0.0041 491 119 499 187
bottle 0.0040 411 78 421 98
bottle 0.0038 448 157 458 174
bottle 0.0035 316 64 335 95
bottle 0.0034 407 156 415 173
bottle 0.0033 477 105 496 143
bottle 0.0029 480 106 491 125
bottle 0.0026 377 151 382 170
bottle 0.0026 374 108 381 124
bottle 0.0026 341 80 361 95
bottle 0.0023 27 150 40 195
bottle 0.0022 400 124 414 142
bottle 0.0022 368 106 379 142
bottle 0.0022 313 123 323 144
bottle 0.0021 374 122 384 141
bottle 0.0020 328 130 336 144
bottle 0.0020 330 136 337 145
bottle 0.0019 387 232 396 241
bottle 0.0018 480 117 495 171
bottle 0.0018 376 201 383 221
bottle 0.0017 490 103 499 166
bottle 0.0016 495 163 499 185
bottle 0.0013 491 207 499 215
bottle 0.0013 376 224 382 241
bottle 0.0013 480 117 492 132
bottle 0.0011 317 75 331 95
bottle 0.0011 496 168 498 195
bottle 0.0010 494 114 498 135
chair 0.9292 228 222 342 357
chair 0.0785 135 218 195 287
chair 0.0205 466 351 498 375
chair 0.0170 340 77 362 96
chair 0.0126 471 291 498 374
chair 0.0062 471 220 501 239
chair 0.0043 316 68 334 97
chair 0.0039 214 204 233 238
chair 0.0033 454 239 501 265
chair 0.0028 140 216 181 262
chair 0.0025 400 245 456 260
chair 0.0024 474 227 498 235
chair 0.0023 140 234 186 306
chair 0.0021 401 251 416 260
chair 0.0018 129 221 165 287
chair 0.0017 491 224 499 237
chair 0.0017 471 232 500 253
chair 0.0016 129 234 190 348
chair 0.0012 234 221 323 290
chair 0.0011 218 213 231 225
chair 0.0010 177 248 191 293
sofa 0.4332 227 215 341 340
sofa 0.0107 135 218 195 287
sofa 0.0041 240 241 322 367
sofa 0.0028 145 216 189 262
sofa 0.0017 234 221 323 290
pottedplant 0.6213 139 215 194 266
pottedplant 0.0523 129 234 190 348
pottedplant 0.0454 146 219 188 249
pottedplant 0.0344 158 225 196 288
pottedplant 0.0206 128 214 200 304
pottedplant 0.0145 331 192 351 216
pottedplant 0.0121 149 234 183 263
pottedplant 0.0111 167 221 190 258
pottedplant 0.0089 128 275 174 352
pottedplant 0.0085 147 220 172 259
pottedplant 0.0081 140 234 186 306
pottedplant 0.0070 467 237 500 263
pottedplant 0.0057 372 106 385 142
pottedplant 0.0051 129 221 165 287
pottedplant 0.0040 316 64 335 95
pottedplant 0.0039 330 173 353 213
pottedplant 0.0025 327 148 371 217
pottedplant 0.0024 441 108 459 146
pottedplant 0.0023 372 72 399 94
pottedplant 0.0021 433 78 443 98
pottedplant 0.0020 492 170 499 216
pottedplant 0.0018 176 224 193 274
pottedplant 0.0017 119 205 139 300
pottedplant 0.0016 117 204 129 261
pottedplant 0.0015 132 276 171 299
pottedplant 0.0015 137 220 159 260
pottedplant 0.0012 181 228 190 251
pottedplant 0.0011 474 174 500 254
pottedplant 0.0011 495 176 499 213
pottedplant 0.0011 485 231 498 266
pottedplant 0.0010 422 127 437 146
diningtable 0.0025 135 218 195 287
tvmonitor 0.9860 392 180 460 246
tvmonitor 0.0042 350 177 471 257
tvmonitor 0.0018 200 158 220 181
tvmonitor 0.0013 402 192 449 231
tvmonitor 0.0010 234 214 326 346
tvmonitor 0.0010 208 162 221 178
