person 0.0073 126 73 289 352
cat 0.9939 119 76 285 283
cat 0.0025 142 71 349 363
cat 0.0011 194 194 275 365
chair 0.1761 126 73 289 352
chair 0.1428 193 206 276 371
chair 0.0796 333 100 392 323
chair 0.0120 199 233 356 360
chair 0.0119 337 95 484 351
chair 0.0012 186 79 387 367
sofa 0.0027 356 86 506 369
sofa 0.0012 193 206 276 371
pottedplant 0.0014 464 102 499 172
diningtable 0.0096 337 95 484 351
diningtable 0.0027 126 73 289 352
tvmonitor 0.0016 135 82 275 235
tvmonitor 0.0014 421 163 496 222
