person 0.0035 446 170 464 196
person 0.0018 346 173 377 255
person 0.0016 350 217 373 259
car 0.0038 473 90 499 191
car 0.0026 75 331 343 375
car 0.0022 17 133 464 378
car 0.0020 116 343 316 372
car 0.0015 451 95 500 182
motorbike 0.0036 75 331 343 375
motorbike 0.0015 17 133 464 378
aeroplane 0.8311 22 55 458 346
aeroplane 0.0028 379 96 496 207
aeroplane 0.0026 369 96 501 356
aeroplane 0.0019 100 326 395 372
bus 0.0021 40 59 513 376
train 0.1151 20 54 421 347
train 0.0022 379 96 496 207
train 0.0010 473 90 499 191
boat 0.0106 75 331 343 375
boat 0.0085 116 343 316 372
boat 0.0051 40 59 513 376
boat 0.0015 369 96 501 356
cow 0.0012 15 63 465 372
bottle 0.0030 133 122 142 145
bottle 0.0014 128 125 136 146
pottedplant 0.0018 0 154 11 171
pottedplant 0.0015 113 137 129 148
tvmonitor 0.0044 19 65 419 370
tvmonitor 0.0018 -2 39 115 161
tvmonitor 0.0010 146 63 184 134
