person 0.7812 131 80 235 181
person 0.0128 127 103 262 221
person 0.0068 10 133 319 510
person 0.0063 16 415 55 475
person 0.0041 110 224 123 248
person 0.0029 174 85 219 171
person 0.0026 81 77 264 276
person 0.0024 200 84 233 172
person 0.0020 220 107 234 170
person 0.0017 9 410 26 465
person 0.0013 215 90 236 168
person 0.0013 8 410 43 468
person 0.0010 140 93 220 261
person 0.0010 138 94 179 159
car 0.0139 10 133 319 510
motorbike 0.0088 10 133 319 510
aeroplane 0.9661 6 92 322 488
aeroplane 0.0072 108 178 303 477
train 0.0023 34 89 350 489
bird 0.0019 10 133 319 510
