person 0.7109 2 98 22 208
person 0.2254 401 107 412 122
person 0.2120 412 107 424 123
person 0.2030 0 113 8 199
person 0.1559 0 98 10 158
person 0.1464 3 101 22 156
person 0.1445 432 106 441 122
person 0.1346 424 106 434 123
person 0.1258 288 99 319 115
person 0.0984 385 105 394 115
person 0.0769 288 100 302 114
person 0.0734 395 107 406 120
person 0.0598 441 107 450 121
person 0.0571 454 106 463 121
person 0.0486 30 65 521 350
person 0.0463 492 100 498 116
person 0.0453 453 102 461 118
person 0.0411 311 103 327 115
person 0.0403 0 145 8 221
person 0.0373 304 101 322 114
person 0.0347 481 99 490 118
person 0.0255 0 104 6 129
person 0.0247 443 104 451 117
person 0.0195 19 106 30 127
person 0.0195 386 107 396 118
person 0.0176 413 103 422 118
person 0.0153 0 100 4 115
person 0.0136 225 101 243 115
person 0.0128 0 107 2 145
person 0.0126 473 98 480 120
person 0.0122 15 105 31 148
person 0.0107 8 104 34 199
person 0.0104 458 107 466 121
person 0.0097 20 103 29 113
person 0.0088 1 137 4 172
person 0.0076 494 107 498 121
person 0.0071 0 86 493 149
person 0.0069 0 139 3 190
person 0.0069 0 128 4 165
person 0.0062 377 104 386 113
person 0.0062 409 104 428 125
person 0.0057 0 143 19 227
person 0.0054 10 105 20 130
person 0.0048 417 96 436 122
person 0.0044 19 118 28 132
person 0.0036 481 108 489 119
person 0.0035 284 97 305 117
person 0.0030 298 100 343 116
person 0.0029 1 150 4 198
person 0.0027 472 107 479 121
person 0.0024 0 90 9 130
person 0.0024 22 110 37 128
person 0.0024 0 95 5 104
person 0.0021 25 104 34 113
person 0.0020 27 111 468 194
person 0.0016 11 118 20 132
person 0.0016 399 104 417 125
person 0.0015 6 126 21 163
person 0.0014 449 96 465 121
person 0.0013 314 108 328 118
person 0.0013 410 105 445 125
person 0.0012 20 110 40 140
person 0.0011 495 93 498 107
person 0.0011 451 92 460 106
person 0.0010 16 130 25 144
person 0.0010 231 92 328 126
person 0.0010 3 132 19 195
person 0.0010 427 104 444 125
person 0.0010 387 95 476 129
bicycle 0.0030 0 145 8 221
bicycle 0.0016 0 180 10 226
bicycle 0.0015 0 143 19 227
car 0.3731 10 59 493 361
car 0.0253 22 110 37 128
car 0.0106 19 106 30 127
car 0.0071 0 108 7 184
car 0.0070 1 116 20 216
car 0.0068 20 110 40 140
car 0.0044 1 101 25 164
car 0.0034 8 105 39 131
car 0.0033 0 136 7 214
car 0.0029 19 118 28 132
car 0.0029 15 105 31 148
car 0.0025 0 115 2 158
car 0.0022 0 128 4 165
car 0.0015 0 104 6 129
car 0.0015 1 137 4 172
car 0.0013 0 98 10 158
car 0.0013 27 111 468 194
car 0.0011 7 125 37 211
car 0.0010 494 107 498 121
car 0.0010 10 105 20 130
motorbike 0.0012 0 136 7 214
motorbike 0.0011 0 143 19 227
bus 0.0869 9 65 494 385
train 0.0053 28 71 522 380
boat 0.0536 9 65 494 385
tvmonitor 0.0010 30 65 521 350
