person 0.6027 12 6 325 493
person 0.0058 91 241 233 491
person 0.0036 279 -1 336 139
person 0.0029 222 1 320 52
person 0.0028 213 0 330 27
person 0.0024 216 -1 340 113
person 0.0020 203 240 264 434
person 0.0019 76 113 260 453
person 0.0017 225 1 307 10
person 0.0012 264 1 353 51
bicycle 0.0095 12 6 325 493
car 0.0015 14 1 317 243
car 0.0014 12 6 325 493
motorbike 0.0015 12 6 325 493
bird 0.0104 12 6 325 493
cat 0.0058 12 6 325 493
dog 0.0023 10 4 326 432
horse 0.0015 12 6 325 493
horse 0.0012 14 1 317 243
bottle 0.1520 14 1 317 243
bottle 0.0065 12 6 325 493
bottle 0.0049 0 -2 92 500
chair 0.0053 203 258 263 454
chair 0.0017 41 17 341 483
chair 0.0013 227 163 331 478
pottedplant 0.0023 12 6 325 493
diningtable 0.0011 12 6 325 493
