person 0.0011 433 231 444 248
bird 0.0029 295 110 307 124
bottle 0.0053 388 200 396 221
bottle 0.0033 393 200 400 221
bottle 0.0018 406 256 428 281
bottle 0.0016 425 243 445 278
bottle 0.0010 484 147 490 163
chair 0.3733 6 270 234 377
chair 0.0930 13 219 111 283
chair 0.0594 20 252 109 289
chair 0.0593 70 196 88 208
chair 0.0572 51 199 69 210
chair 0.0547 44 200 81 220
chair 0.0406 53 195 89 213
chair 0.0400 62 203 80 215
chair 0.0322 18 202 41 223
chair 0.0301 65 198 83 208
chair 0.0265 51 203 73 214
chair 0.0254 62 198 83 221
chair 0.0250 9 209 93 261
chair 0.0227 69 191 89 215
chair 0.0226 27 210 76 227
chair 0.0203 0 247 50 271
chair 0.0143 16 206 49 231
chair 0.0090 80 202 101 223
chair 0.0077 256 244 337 306
chair 0.0075 16 202 72 224
chair 0.0070 200 200 347 303
chair 0.0070 0 232 60 277
chair 0.0066 44 205 64 215
chair 0.0059 55 214 68 223
chair 0.0045 44 198 64 223
chair 0.0045 4 203 46 262
chair 0.0044 82 207 100 219
chair 0.0040 76 203 85 219
chair 0.0040 18 202 109 241
chair 0.0037 1 239 8 258
chair 0.0035 22 216 41 225
chair 0.0032 11 224 56 257
chair 0.0030 49 194 71 214
chair 0.0030 26 259 103 280
chair 0.0028 0 234 8 248
chair 0.0026 0 234 22 262
chair 0.0025 46 215 56 224
chair 0.0023 23 199 43 210
chair 0.0022 34 176 148 273
chair 0.0019 50 221 96 254
chair 0.0018 0 229 12 268
chair 0.0014 74 251 278 349
chair 0.0013 88 163 135 257
chair 0.0013 0 253 22 370
chair 0.0013 140 253 250 303
chair 0.0012 332 356 412 377
chair 0.0010 13 219 53 239
chair 0.0010 69 215 76 224
sofa 0.9943 168 188 344 309
sofa 0.9518 -6 254 246 374
sofa 0.0769 14 209 110 266
sofa 0.0236 20 252 109 289
sofa 0.0159 4 226 100 282
sofa 0.0058 0 247 50 271
sofa 0.0054 256 244 337 306
sofa 0.0049 140 253 250 303
sofa 0.0047 203 190 318 252
sofa 0.0041 137 230 279 313
sofa 0.0037 18 202 109 241
sofa 0.0028 0 232 60 277
sofa 0.0028 21 214 153 297
sofa 0.0026 74 251 278 349
sofa 0.0018 2 210 61 260
sofa 0.0017 27 210 76 227
sofa 0.0016 53 195 89 213
sofa 0.0012 44 200 81 220
pottedplant 0.7351 76 148 139 253
pottedplant 0.7272 165 125 207 148
pottedplant 0.4551 103 170 135 259
pottedplant 0.1652 77 151 124 216
pottedplant 0.0302 449 1 498 32
pottedplant 0.0257 7 196 118 280
pottedplant 0.0150 79 155 101 193
pottedplant 0.0132 110 218 133 262
pottedplant 0.0106 0 73 26 165
pottedplant 0.0098 39 215 50 225
pottedplant 0.0082 34 176 148 273
pottedplant 0.0077 0 124 14 162
pottedplant 0.0074 3 203 22 239
pottedplant 0.0073 17 210 71 229
pottedplant 0.0053 16 201 38 224
pottedplant 0.0049 1 132 9 154
pottedplant 0.0047 48 162 131 226
pottedplant 0.0040 187 129 204 144
pottedplant 0.0040 154 119 214 158
pottedplant 0.0030 63 152 196 246
pottedplant 0.0029 9 204 42 233
pottedplant 0.0022 10 214 20 229
pottedplant 0.0022 178 129 197 143
pottedplant 0.0022 109 199 131 243
pottedplant 0.0021 169 129 186 144
pottedplant 0.0020 0 128 34 158
pottedplant 0.0020 2 115 41 171
pottedplant 0.0018 74 157 111 203
pottedplant 0.0016 0 31 21 132
pottedplant 0.0016 75 156 93 192
pottedplant 0.0015 34 128 71 155
pottedplant 0.0015 36 127 54 159
pottedplant 0.0014 82 186 99 218
pottedplant 0.0013 165 120 207 198
pottedplant 0.0013 4 203 46 262
pottedplant 0.0011 22 216 41 225
pottedplant 0.0011 1 145 5 163
pottedplant 0.0010 99 181 119 223
pottedplant 0.0010 489 -2 499 39
diningtable 0.1753 14 209 110 266
diningtable 0.0141 140 253 250 303
diningtable 0.0136 372 255 498 358
diningtable 0.0066 18 202 109 241
diningtable 0.0039 44 200 81 220
diningtable 0.0035 27 210 76 227
diningtable 0.0027 51 199 69 210
diningtable 0.0021 51 221 94 244
diningtable 0.0019 374 256 487 293
diningtable 0.0015 51 203 73 214
diningtable 0.0014 62 203 80 215
diningtable 0.0011 53 195 89 213
diningtable 0.0010 0 234 8 248
diningtable 0.0010 371 229 502 319
diningtable 0.0010 410 261 497 318
