person 0.0695 369 2 444 67
person 0.0094 89 10 465 315
person 0.0024 281 7 447 71
bottle 0.0014 56 2 89 23
chair 0.0679 84 18 465 334
chair 0.0146 413 45 491 196
chair 0.0087 442 63 499 214
chair 0.0061 281 0 357 45
chair 0.0053 474 68 500 169
chair 0.0031 435 -8 501 171
chair 0.0016 455 78 496 160
chair 0.0012 194 0 281 38
chair 0.0012 218 1 338 39
sofa 0.9772 43 11 447 319
pottedplant 0.0036 85 0 155 34
diningtable 0.0531 44 52 437 370
diningtable 0.0046 474 68 500 169
diningtable 0.0017 441 41 500 203
