person 0.0482 491 144 499 164
person 0.0166 489 135 500 172
person 0.0081 492 150 498 170
person 0.0073 494 135 499 156
person 0.0070 461 141 474 158
person 0.0032 334 242 411 297
person 0.0028 1 45 318 348
person 0.0013 423 149 432 158
person 0.0011 360 242 399 300
car 0.0684 491 144 499 164
car 0.0132 489 135 500 172
car 0.0104 492 150 498 170
car 0.0066 494 135 499 156
car 0.0050 0 95 12 115
car 0.0044 0 90 15 121
car 0.0020 4 62 319 364
motorbike 0.0017 7 76 419 357
train 0.0010 -2 67 299 358
boat 0.0035 -4 61 304 363
bird 0.0118 7 76 419 357
cat 0.8389 1 45 318 348
dog 0.0463 4 62 319 364
horse 0.0209 4 62 319 364
cow 0.0020 383 225 480 281
cow 0.0020 4 62 319 364
chair 0.0058 -2 67 299 358
sofa 0.0055 -2 67 299 358
pottedplant 0.0149 -4 61 304 363
pottedplant 0.0013 192 175 466 363
pottedplant 0.0013 376 239 496 369
pottedplant 0.0013 226 253 428 365
