person 0.0207 -2 99 101 370
person 0.0173 394 -1 496 380
person 0.0171 -18 10 464 362
person 0.0112 0 147 86 212
person 0.0097 414 216 497 369
person 0.0035 1 139 111 238
person 0.0016 0 66 85 251
person 0.0014 440 129 498 342
person 0.0010 0 127 73 309
car 0.0027 49 -14 503 333
boat 0.0027 34 -7 481 324
bird 0.0028 -3 134 103 378
cat 0.0035 1 138 85 334
dog 0.9979 42 1 474 372
dog 0.0482 1 138 85 334
dog 0.0022 1 216 92 369
horse 0.0013 -3 134 103 378
cow 0.0023 -3 134 103 378
bottle 0.0039 0 147 86 212
chair 0.0483 34 -7 481 324
sofa 0.1715 34 -7 481 324
sofa 0.0023 1 138 85 334
