person 0.0200 313 1 323 12
person 0.0149 159 0 167 5
person 0.0149 188 219 214 288
person 0.0128 192 122 208 154
person 0.0054 149 0 161 3
person 0.0038 172 121 208 156
person 0.0037 272 5 281 21
person 0.0026 171 123 190 155
person 0.0024 271 2 284 10
person 0.0018 109 0 318 295
person 0.0013 250 2 270 12
person 0.0013 254 3 268 18
person 0.0012 297 2 320 11
person 0.0011 163 1 177 4
person 0.0011 313 1 335 7
person 0.0010 256 0 278 25
person 0.0010 171 140 181 154
car 0.0226 290 2 375 47
car 0.0165 243 -1 279 23
car 0.0155 341 4 374 42
car 0.0088 313 1 323 12
car 0.0087 247 0 287 15
car 0.0066 250 2 270 12
car 0.0040 256 2 280 10
car 0.0034 272 5 281 21
car 0.0032 254 3 268 18
car 0.0031 272 0 322 25
car 0.0031 271 2 284 10
car 0.0025 149 0 161 3
car 0.0019 259 1 277 21
car 0.0017 222 0 280 13
car 0.0016 313 1 335 7
car 0.0016 159 0 167 5
car 0.0015 237 1 392 29
car 0.0015 268 0 327 13
car 0.0014 249 0 308 24
car 0.0013 297 2 320 11
car 0.0012 290 0 343 14
car 0.0011 239 1 262 7
bus 0.0010 290 2 375 47
train 0.9995 99 16 327 337
