person 0.0099 182 184 188 196
person 0.0092 313 185 318 199
person 0.0077 315 183 320 200
person 0.0017 296 170 313 189
person 0.0011 135 184 143 200
person 0.0010 304 172 316 188
person 0.0010 388 187 392 193
car 0.0069 134 171 147 185
car 0.0022 200 139 290 202
car 0.0019 172 186 182 196
car 0.0019 3 -14 135 223
car 0.0016 182 184 188 196
car 0.0015 296 170 313 189
car 0.0013 140 174 152 185
car 0.0012 164 188 174 197
aeroplane 0.0012 3 -14 135 223
bus 0.0183 3 -14 135 223
bus 0.0090 334 170 351 190
bus 0.0014 323 172 337 191
train 0.9381 200 139 290 202
train 0.4376 8 3 151 230
train 0.0918 331 170 351 190
train 0.0609 296 170 313 189
train 0.0373 323 172 337 191
train 0.0145 287 168 318 189
train 0.0044 304 172 316 188
train 0.0016 5 113 129 229
train 0.0014 279 157 357 194
train 0.0012 299 171 343 191
train 0.0010 216 151 333 193
boat 0.0020 3 -14 135 223
