person 0.0063 246 195 263 210
person 0.0019 237 192 252 209
bicycle 0.8196 224 187 263 212
bicycle 0.0155 226 193 244 211
bicycle 0.0142 237 192 252 209
bicycle 0.0138 246 195 263 210
bicycle 0.0026 208 179 278 215
motorbike 0.0038 224 187 263 212
train 0.0016 -2 15 505 286
chair 0.0257 0 125 17 232
chair 0.0053 139 168 164 194
chair 0.0033 222 187 255 212
chair 0.0019 2 185 24 217
chair 0.0016 0 139 6 225
sofa 0.0029 0 125 17 232
pottedplant 0.0027 224 187 263 212
diningtable 0.0015 2 185 24 217
tvmonitor 0.0302 362 92 405 119
tvmonitor 0.0010 0 120 6 206
