person 0.0759 90 177 109 210
person 0.0448 93 177 105 193
person 0.0267 100 178 116 210
person 0.0235 103 178 115 192
person 0.0197 103 181 113 198
person 0.0119 112 178 124 192
person 0.0085 89 180 99 200
person 0.0078 113 183 124 196
person 0.0069 231 139 241 151
person 0.0052 279 157 290 170
person 0.0030 1 193 6 211
person 0.0028 496 158 499 188
person 0.0023 66 171 79 211
person 0.0020 54 175 73 210
person 0.0019 201 138 211 150
person 0.0018 37 175 54 210
person 0.0017 285 157 295 172
person 0.0017 67 173 76 191
person 0.0017 109 178 126 208
person 0.0016 102 189 114 210
person 0.0015 346 138 357 151
person 0.0014 93 193 109 210
person 0.0013 490 146 499 198
person 0.0012 494 149 500 235
person 0.0011 27 171 40 213
person 0.0011 92 178 125 208
person 0.0010 40 182 51 205
person 0.0010 71 172 86 211
person 0.0010 221 140 233 151
car 0.0033 1 167 59 215
car 0.0014 1 193 6 211
car 0.0011 1 200 7 218
bus 0.0211 1 167 59 215
bus 0.0022 55 119 366 203
train 0.9476 55 119 366 203
train 0.0240 2 156 61 210
train 0.0025 450 105 493 184
train 0.0019 443 89 503 228
