cat 0.0024 108 35 126 80
dog 0.0025 108 35 126 80
bottle 0.0072 280 119 288 146
bottle 0.0036 276 113 288 149
bottle 0.0018 352 39 364 52
bottle 0.0016 279 117 288 133
bottle 0.0015 285 124 305 149
bottle 0.0013 277 181 456 370
bottle 0.0011 345 40 359 51
chair 0.9987 108 235 263 371
chair 0.9847 282 197 453 377
chair 0.5385 269 155 330 215
chair 0.3405 82 170 159 342
chair 0.2764 78 162 147 234
chair 0.1898 304 160 343 219
chair 0.1335 224 106 263 145
chair 0.0914 198 150 233 215
chair 0.0368 202 160 228 203
chair 0.0367 274 167 357 304
chair 0.0281 268 164 317 200
chair 0.0266 266 199 303 223
chair 0.0229 199 147 285 214
chair 0.0215 312 167 336 214
chair 0.0175 103 198 141 228
chair 0.0158 86 214 139 366
chair 0.0155 267 195 305 213
chair 0.0123 249 254 348 294
chair 0.0117 267 210 300 225
chair 0.0115 116 210 329 299
chair 0.0094 269 233 386 365
chair 0.0091 197 178 231 206
chair 0.0089 189 188 227 215
chair 0.0077 189 162 220 227
chair 0.0072 273 222 359 286
chair 0.0063 219 234 352 368
chair 0.0063 225 211 354 307
chair 0.0063 76 232 207 357
chair 0.0061 265 195 335 236
chair 0.0054 128 160 149 207
chair 0.0049 87 193 364 355
chair 0.0049 213 127 336 230
chair 0.0047 200 150 233 177
chair 0.0045 229 196 263 233
chair 0.0045 104 190 369 274
chair 0.0042 274 211 354 256
chair 0.0041 262 114 284 141
chair 0.0038 265 163 305 223
chair 0.0035 272 154 317 168
chair 0.0029 382 194 455 353
chair 0.0025 97 218 246 312
chair 0.0024 270 149 318 162
chair 0.0024 217 193 298 321
chair 0.0020 179 231 303 276
chair 0.0018 286 166 338 200
chair 0.0016 172 167 237 221
chair 0.0016 198 184 217 201
chair 0.0016 481 160 499 276
chair 0.0015 294 163 423 285
chair 0.0014 264 117 279 131
chair 0.0013 215 116 301 156
chair 0.0013 231 286 274 309
chair 0.0012 195 199 232 219
chair 0.0012 248 109 263 142
chair 0.0012 271 197 299 207
chair 0.0012 270 208 299 217
chair 0.0012 212 161 233 203
chair 0.0012 302 158 366 283
chair 0.0011 104 258 138 358
chair 0.0011 264 196 281 227
chair 0.0011 207 250 312 295
chair 0.0011 198 219 317 259
chair 0.0010 219 107 236 143
chair 0.0010 122 223 177 236
chair 0.0010 202 239 285 377
chair 0.0010 266 180 306 205
chair 0.0010 397 195 463 268
chair 0.0010 306 257 355 283
chair 0.0010 244 118 286 147
sofa 0.0019 224 106 263 145
sofa 0.0015 296 194 437 356
pottedplant 0.9834 315 6 446 52
pottedplant 0.9552 215 114 294 236
pottedplant 0.0281 199 147 285 214
pottedplant 0.0080 332 27 370 51
pottedplant 0.0076 197 138 318 181
pottedplant 0.0055 222 157 268 235
pottedplant 0.0026 143 135 303 235
pottedplant 0.0025 236 126 278 229
pottedplant 0.0024 351 32 409 49
pottedplant 0.0021 358 14 417 42
pottedplant 0.0021 285 124 305 149
pottedplant 0.0021 262 116 284 148
pottedplant 0.0019 261 142 303 217
pottedplant 0.0017 229 196 263 233
pottedplant 0.0017 215 116 301 156
pottedplant 0.0017 200 120 239 203
pottedplant 0.0014 133 110 356 281
pottedplant 0.0010 193 103 258 218
diningtable 0.6163 104 190 369 274
diningtable 0.6113 93 186 378 363
diningtable 0.0258 160 244 333 361
diningtable 0.0061 116 210 329 299
diningtable 0.0025 198 219 317 259
diningtable 0.0019 227 186 361 277
