person 0.9975 15 10 310 359
person 0.8866 172 20 491 356
person 0.0982 302 67 499 351
person 0.0056 1 294 26 362
person 0.0022 54 29 285 252
person 0.0018 0 318 17 365
cat 0.0015 86 10 489 359
cat 0.0011 238 77 496 340
dog 0.0011 238 77 496 340
chair 0.1417 233 47 283 180
chair 0.1298 1 294 26 362
chair 0.0942 288 33 495 352
chair 0.0266 0 318 17 365
chair 0.0227 72 17 286 191
chair 0.0197 0 237 23 342
chair 0.0145 127 80 294 185
chair 0.0140 -9 42 300 375
chair 0.0135 439 48 500 218
chair 0.0100 86 10 489 359
chair 0.0029 442 9 498 339
chair 0.0027 187 55 301 170
chair 0.0023 202 95 464 337
chair 0.0023 479 184 498 356
chair 0.0020 381 66 495 360
chair 0.0015 4 261 37 360
chair 0.0012 448 178 498 361
chair 0.0011 1 284 10 361
sofa 0.4630 238 77 496 340
sofa 0.0350 86 10 489 359
sofa 0.0240 1 54 330 366
sofa 0.0077 244 95 497 185
sofa 0.0035 315 165 503 360
sofa 0.0027 295 40 495 249
sofa 0.0025 443 9 497 375
sofa 0.0022 439 48 500 218
sofa 0.0021 479 184 498 356
sofa 0.0021 448 178 498 361
sofa 0.0016 35 172 535 349
sofa 0.0014 470 78 498 381
sofa 0.0013 175 46 407 328
sofa 0.0012 366 231 495 360
sofa 0.0011 382 33 497 352
diningtable 0.0046 1 294 26 362
diningtable 0.0030 0 318 17 365
diningtable 0.0026 238 77 496 340
tvmonitor 0.0203 83 50 281 159
tvmonitor 0.0125 233 47 283 180
tvmonitor 0.0026 127 80 294 185
tvmonitor 0.0011 -23 0 313 305
