person 0.7380 177 175 199 208
person 0.5893 68 173 91 199
person 0.5273 369 171 406 210
person 0.4975 156 176 179 210
person 0.1044 377 168 400 199
person 0.0628 181 176 197 193
person 0.0621 306 188 314 214
person 0.0621 72 175 88 192
person 0.0531 52 111 495 306
person 0.0528 159 174 197 211
person 0.0467 187 195 203 212
person 0.0431 158 177 173 194
person 0.0403 369 167 393 201
person 0.0182 170 185 203 214
person 0.0173 209 185 244 214
person 0.0167 361 160 397 208
person 0.0157 54 182 65 196
person 0.0149 417 167 435 203
person 0.0147 72 181 88 198
person 0.0135 160 180 175 199
person 0.0134 44 169 63 195
person 0.0134 134 196 146 245
person 0.0131 53 176 65 193
person 0.0129 214 176 236 211
person 0.0129 46 183 60 195
person 0.0122 362 176 380 207
person 0.0119 306 171 319 215
person 0.0111 189 183 200 199
person 0.0090 381 174 394 190
person 0.0085 384 166 408 202
person 0.0078 187 188 224 214
person 0.0072 39 185 51 195
person 0.0067 92 182 105 198
person 0.0066 202 13 216 24
person 0.0063 34 167 52 179
person 0.0062 68 182 81 198
person 0.0059 375 176 387 189
person 0.0056 187 177 199 194
person 0.0055 209 193 221 212
person 0.0050 496 226 500 254
person 0.0047 135 181 148 224
person 0.0047 150 169 182 221
person 0.0047 47 168 60 182
person 0.0045 209 186 226 214
person 0.0042 420 179 432 201
person 0.0038 160 202 176 213
person 0.0037 116 175 126 193
person 0.0033 28 165 60 195
person 0.0032 181 192 197 211
person 0.0032 495 196 499 304
person 0.0031 365 181 377 202
person 0.0030 68 177 81 192
person 0.0028 393 193 406 209
person 0.0028 113 185 125 238
person 0.0028 45 14 55 25
person 0.0028 165 186 188 212
person 0.0028 183 172 203 198
person 0.0026 411 174 431 204
person 0.0025 165 174 238 212
person 0.0025 480 218 486 242
person 0.0024 218 183 232 201
person 0.0023 156 178 167 201
person 0.0023 497 208 499 255
person 0.0023 137 200 145 221
person 0.0022 392 185 405 199
person 0.0021 26 14 34 24
person 0.0021 493 197 499 263
person 0.0020 93 178 105 191
person 0.0020 111 208 124 249
person 0.0020 200 196 214 211
person 0.0020 30 167 41 178
person 0.0019 155 202 164 214
person 0.0019 365 175 377 193
person 0.0019 420 173 431 194
person 0.0019 311 167 326 216
person 0.0017 479 213 489 251
person 0.0016 276 170 292 210
person 0.0016 206 13 222 25
person 0.0015 130 178 155 247
person 0.0015 381 167 395 183
person 0.0015 374 184 387 199
person 0.0015 218 192 234 210
person 0.0015 135 174 145 190
person 0.0015 364 186 397 211
person 0.0015 86 183 97 198
person 0.0014 69 169 106 199
person 0.0014 171 184 184 200
person 0.0014 210 201 221 214
person 0.0014 302 168 330 219
person 0.0014 353 163 371 206
person 0.0013 22 14 30 25
person 0.0012 497 234 499 262
person 0.0012 241 181 252 201
person 0.0012 306 189 318 230
person 0.0012 414 179 426 201
person 0.0012 218 175 231 193
person 0.0011 338 153 372 208
person 0.0011 115 181 124 197
person 0.0011 238 176 256 210
person 0.0011 224 176 243 211
bicycle 0.0053 473 237 498 309
bicycle 0.0016 495 217 499 319
bicycle 0.0011 496 226 500 254
car 0.0028 496 226 500 254
bus 0.9997 23 92 471 308
pottedplant 0.0110 339 22 356 38
pottedplant 0.0083 340 21 360 54
pottedplant 0.0068 345 31 357 44
pottedplant 0.0018 351 33 366 44
pottedplant 0.0010 319 44 340 68
diningtable 0.0016 1 110 454 309
