person 0.0888 378 163 418 194
person 0.0158 399 165 416 191
person 0.0056 340 154 355 186
person 0.0054 333 154 352 184
person 0.0044 113 77 127 90
person 0.0035 360 161 403 196
person 0.0024 322 153 343 183
person 0.0022 338 159 350 181
person 0.0021 340 159 414 200
person 0.0019 150 76 163 95
person 0.0018 363 160 377 198
person 0.0017 109 71 131 96
person 0.0016 342 155 353 174
person 0.0014 120 78 132 90
person 0.0013 379 164 400 194
person 0.0012 324 159 337 179
train 0.9963 71 19 499 221
train 0.9861 252 79 501 319
train 0.0234 201 -20 523 293
