person 0.7316 7 40 166 342
person 0.0103 17 77 409 365
person 0.0042 30 170 154 278
person 0.0015 57 72 122 285
bus 0.0017 17 9 166 308
train 0.0011 16 15 405 368
boat 0.0203 240 83 253 89
boat 0.0012 17 9 166 308
boat 0.0011 244 83 259 90
chair 0.0733 260 317 498 378
chair 0.0318 285 340 494 371
chair 0.0163 250 215 507 383
chair 0.0054 300 9 497 363
chair 0.0014 6 240 172 367
sofa 0.0048 271 321 502 378
sofa 0.0010 250 215 507 383
diningtable 0.1709 268 338 490 372
diningtable 0.0017 191 302 469 373
