person 0.0243 -1 6 23 348
person 0.0236 1 47 15 269
person 0.0048 177 13 386 237
person 0.0039 148 9 277 150
person 0.0020 1 16 191 360
person 0.0014 0 38 49 391
person 0.0011 1 -14 15 181
bicycle 0.0198 177 13 386 237
bicycle 0.0149 316 7 482 125
bicycle 0.0080 148 9 277 150
bicycle 0.0012 314 1 388 121
bicycle 0.0011 243 11 417 125
car 0.0019 0 34 16 207
bird 0.0064 1 47 15 269
bird 0.0040 -1 6 23 348
bird 0.0016 152 230 242 356
cat 0.0050 141 226 250 353
cat 0.0034 177 13 386 237
cat 0.0027 0 34 16 207
dog 0.9970 173 34 385 254
dog 0.1489 141 226 250 353
dog 0.0057 139 15 273 173
dog 0.0036 82 -5 426 376
dog 0.0032 1 47 15 269
dog 0.0030 0 25 24 366
dog 0.0015 131 14 306 273
horse 0.0024 0 25 24 366
horse 0.0015 1 40 14 312
cow 0.0077 -1 6 23 348
cow 0.0053 1 47 15 269
bottle 0.0024 0 34 16 207
chair 0.2161 148 9 277 150
chair 0.0289 316 7 482 125
chair 0.0055 153 5 284 83
chair 0.0024 132 230 245 348
chair 0.0022 304 0 377 38
chair 0.0019 387 16 501 361
chair 0.0017 1 -23 15 151
chair 0.0016 177 13 386 237
chair 0.0013 1 47 15 269
chair 0.0013 150 20 223 169
sofa 0.0037 148 9 277 150
sofa 0.0012 387 16 501 361
sofa 0.0011 178 44 382 311
pottedplant 0.0022 316 7 482 125
diningtable 0.0214 148 9 277 150
diningtable 0.0036 387 16 501 361
diningtable 0.0023 316 7 482 125
diningtable 0.0019 153 5 284 83
diningtable 0.0013 151 5 363 231
tvmonitor 0.0040 387 16 501 361
