person 0.9999 218 92 496 342
person 0.0195 397 58 413 72
person 0.0036 440 58 458 73
person 0.0014 408 91 444 107
person 0.0012 493 95 500 173
person 0.0011 251 12 357 80
bus 0.0011 4 149 288 373
train 0.0023 4 149 288 373
train 0.0016 181 86 497 362
boat 0.0356 4 149 288 373
bottle 0.0376 489 46 500 90
bottle 0.0351 493 54 499 79
bottle 0.0108 493 65 499 87
bottle 0.0071 494 49 499 68
bottle 0.0014 492 77 499 92
chair 0.0331 215 135 253 164
chair 0.0087 225 90 323 154
chair 0.0041 205 129 226 160
chair 0.0037 199 121 254 162
chair 0.0026 219 88 464 317
chair 0.0021 202 128 216 160
chair 0.0020 469 259 501 366
chair 0.0015 214 130 235 162
sofa 0.0050 219 88 464 317
sofa 0.0018 469 259 501 366
sofa 0.0017 225 90 323 154
diningtable 0.0053 219 88 464 317
diningtable 0.0024 468 286 500 369
diningtable 0.0021 23 158 289 368
tvmonitor 0.3328 4 149 288 373
tvmonitor 0.2539 245 5 358 84
tvmonitor 0.0132 387 0 488 89
tvmonitor 0.0120 225 90 323 154
tvmonitor 0.0054 238 3 489 89
tvmonitor 0.0049 388 16 431 76
tvmonitor 0.0023 215 135 253 164
tvmonitor 0.0015 246 4 357 43
tvmonitor 0.0010 427 4 474 80
