person 0.9982 108 120 238 335
person 0.9950 252 120 392 276
person 0.0238 261 155 331 206
person 0.0122 189 133 382 328
person 0.0062 249 135 352 238
person 0.0016 242 123 267 190
person 0.0016 118 122 207 243
person 0.0013 332 215 433 366
person 0.0011 108 134 186 300
bottle 0.9700 242 123 267 190
bottle 0.0804 252 126 270 181
bottle 0.0580 243 154 262 190
bottle 0.0191 302 147 310 175
bottle 0.0028 450 269 461 284
bottle 0.0026 433 260 461 282
bottle 0.0025 225 177 243 204
bottle 0.0025 305 151 312 173
bottle 0.0025 260 131 269 156
bottle 0.0024 243 173 261 189
bottle 0.0021 255 116 270 158
bottle 0.0019 247 115 264 158
bottle 0.0015 246 158 261 168
bottle 0.0012 243 157 252 172
bottle 0.0011 261 125 269 142
chair 0.9916 352 218 438 369
chair 0.8444 90 206 188 378
chair 0.4620 302 147 310 175
chair 0.0853 94 232 163 306
chair 0.0676 112 328 211 374
chair 0.0675 305 151 312 173
chair 0.0145 266 147 305 176
chair 0.0110 336 221 417 288
chair 0.0084 110 129 232 375
chair 0.0074 169 325 208 374
chair 0.0058 118 340 161 375
chair 0.0056 261 155 331 206
chair 0.0053 319 213 429 324
chair 0.0049 311 148 332 179
chair 0.0043 377 207 409 271
chair 0.0035 301 148 308 166
chair 0.0030 303 148 318 177
chair 0.0029 200 147 247 179
chair 0.0028 278 171 324 193
chair 0.0022 175 169 369 361
chair 0.0018 302 218 317 229
chair 0.0016 342 172 406 298
chair 0.0014 107 150 181 318
chair 0.0012 248 117 267 174
chair 0.0010 286 222 422 258
chair 0.0010 261 129 394 291
chair 0.0010 328 205 475 381
sofa 0.0028 342 217 452 366
sofa 0.0025 93 192 184 361
sofa 0.0017 261 155 331 206
sofa 0.0012 165 154 244 204
sofa 0.0011 200 147 247 179
diningtable 0.9542 168 177 353 360
diningtable 0.0040 197 173 367 278
diningtable 0.0027 200 150 278 207
diningtable 0.0017 180 147 311 228
diningtable 0.0013 211 169 301 220
diningtable 0.0010 161 294 351 372
tvmonitor 0.0018 47 197 94 273
tvmonitor 0.0017 232 82 264 151
