person 0.0072 5 -1 125 126
person 0.0035 7 26 188 328
person 0.0016 24 16 324 420
person 0.0015 169 0 332 196
person 0.0015 44 75 219 479
person 0.0012 7 265 84 332
person 0.0012 169 252 312 478
person 0.0012 162 28 341 465
person 0.0012 4 -10 257 194
person 0.0011 28 -1 232 110
bicycle 0.0024 33 62 314 489
bicycle 0.0012 16 60 191 446
car 0.0013 16 60 191 446
motorbike 0.0864 33 62 314 489
motorbike 0.0023 16 60 191 446
motorbike 0.0015 162 28 341 465
aeroplane 0.0017 36 31 313 479
bird 0.8152 36 31 313 479
bird 0.1755 16 60 191 446
bird 0.0099 162 28 341 465
bird 0.0012 169 0 332 196
cat 0.0022 33 62 314 489
dog 0.0119 33 62 314 489
horse 0.0178 33 62 314 489
cow 0.0880 33 62 314 489
cow 0.0147 162 28 341 465
cow 0.0020 16 60 191 446
chair 0.0037 16 60 191 446
chair 0.0023 36 31 313 479
pottedplant 0.0035 33 62 314 489
pottedplant 0.0011 16 60 191 446
