person 0.5139 148 19 296 453
person 0.1642 31 47 262 424
person 0.0590 199 0 295 231
person 0.0440 167 200 287 445
person 0.0151 111 2 252 86
person 0.0028 164 3 279 91
person 0.0021 98 0 270 188
person 0.0019 80 180 285 421
person 0.0017 151 -1 234 49
person 0.0017 130 39 188 88
person 0.0017 125 -1 192 93
person 0.0014 69 0 234 60
person 0.0012 99 43 139 110
person 0.0011 40 5 184 86
person 0.0010 201 3 259 93
bicycle 0.0033 13 42 219 432
bicycle 0.0031 0 333 50 450
car 0.0035 25 65 267 435
car 0.0018 55 163 92 209
car 0.0010 1 207 95 313
motorbike 0.0069 31 47 262 424
boat 0.0101 25 65 267 435
dog 0.9804 30 48 213 424
dog 0.0076 0 159 300 436
dog 0.0068 33 215 199 305
dog 0.0066 24 190 211 272
dog 0.0045 11 116 159 403
dog 0.0026 100 91 275 418
dog 0.0022 34 251 200 334
dog 0.0019 -2 206 83 335
horse 0.0016 25 65 267 435
chair 0.0744 0 333 50 450
chair 0.0427 31 47 262 424
chair 0.0174 1 252 70 354
chair 0.0110 141 76 231 186
chair 0.0072 -2 206 83 335
chair 0.0049 199 0 295 231
chair 0.0044 3 203 87 456
chair 0.0015 222 76 298 218
chair 0.0014 148 19 296 453
chair 0.0014 2 263 71 307
chair 0.0010 23 214 209 439
sofa 0.0065 31 47 262 424
sofa 0.0019 199 0 295 231
diningtable 0.0491 0 330 69 450
diningtable 0.0119 2 249 75 396
diningtable 0.0075 2 263 71 307
diningtable 0.0033 10 46 224 452
diningtable 0.0032 2 110 89 412
diningtable 0.0028 15 286 282 449
diningtable 0.0025 1 207 95 313
diningtable 0.0015 0 143 80 288
diningtable 0.0013 0 333 71 383
diningtable 0.0012 23 214 209 439
