person 0.0786 207 99 220 115
person 0.0737 202 99 215 115
person 0.0294 414 97 425 112
person 0.0147 179 100 190 114
person 0.0144 144 98 156 115
person 0.0137 144 105 154 116
person 0.0121 94 88 110 121
person 0.0121 60 88 80 116
person 0.0116 175 104 186 116
person 0.0114 116 107 125 121
person 0.0110 366 101 377 112
person 0.0110 52 88 72 117
person 0.0091 218 96 232 116
person 0.0079 65 95 77 112
person 0.0074 98 101 109 121
person 0.0072 419 98 431 113
person 0.0071 98 96 108 115
person 0.0067 150 97 161 114
person 0.0065 459 107 472 116
person 0.0065 57 94 69 112
person 0.0064 279 69 503 164
person 0.0064 372 101 381 112
person 0.0064 442 108 451 116
person 0.0063 115 109 125 133
person 0.0057 394 101 405 111
person 0.0049 451 106 463 116
person 0.0049 355 102 364 112
person 0.0040 228 96 239 115
person 0.0038 102 101 112 121
person 0.0035 204 95 224 115
person 0.0035 373 105 382 113
person 0.0034 383 106 392 114
person 0.0033 37 96 47 109
person 0.0031 355 106 363 113
person 0.0031 71 86 90 116
person 0.0029 45 86 64 117
person 0.0029 275 97 287 112
person 0.0027 496 110 499 137
person 0.0023 394 105 405 114
person 0.0022 56 88 67 104
person 0.0019 84 92 93 114
person 0.0019 114 108 128 153
person 0.0018 76 94 85 114
person 0.0018 49 93 59 113
person 0.0018 383 101 393 112
person 0.0018 422 104 434 116
person 0.0017 64 88 77 105
person 0.0016 193 100 203 113
person 0.0016 467 107 477 116
person 0.0015 296 104 310 119
person 0.0014 141 94 159 117
person 0.0014 497 98 499 129
person 0.0013 224 91 241 117
person 0.0013 50 87 60 104
person 0.0012 496 123 499 159
person 0.0012 100 97 115 130
person 0.0012 192 105 201 115
person 0.0012 83 85 97 118
person 0.0011 39 90 48 104
person 0.0010 45 81 79 112
person 0.0010 414 103 424 116
person 0.0010 116 98 126 113
person 0.0010 133 97 143 114
car 0.0406 1 105 29 115
car 0.0070 11 103 31 111
car 0.0046 496 110 499 137
car 0.0039 1 104 6 119
car 0.0035 0 104 32 140
car 0.0029 2 105 41 158
car 0.0024 3 104 40 120
car 0.0021 1 97 5 113
car 0.0018 493 106 500 159
car 0.0011 279 69 503 164
bus 0.9996 237 62 497 166
bus 0.9981 28 59 252 154
bus 0.0013 494 81 500 147
train 0.0026 48 62 268 151
train 0.0011 246 55 490 159
chair 0.0051 442 108 451 116
chair 0.0035 451 106 463 116
chair 0.0017 459 107 472 116
