person 0.0026 349 176 490 318
car 0.0032 58 153 182 295
car 0.0019 205 176 341 285
car 0.0019 343 170 487 303
aeroplane 0.0013 343 170 487 303
bird 0.0064 349 176 490 318
bird 0.0010 140 145 161 177
dog 0.0199 349 176 490 318
dog 0.0038 205 176 341 285
dog 0.0014 43 154 167 302
horse 0.0207 349 176 490 318
horse 0.0115 322 181 386 283
horse 0.0030 43 154 167 302
horse 0.0015 205 176 341 285
sheep 0.2202 349 176 490 318
sheep 0.0322 205 176 341 285
sheep 0.0230 322 181 386 283
sheep 0.0018 47 161 138 310
sheep 0.0018 331 213 373 283
sheep 0.0014 141 172 190 282
sheep 0.0013 325 174 417 253
cow 0.9872 51 158 154 310
cow 0.9581 205 176 341 285
cow 0.8565 136 177 191 278
cow 0.7479 343 170 487 303
cow 0.3493 322 181 386 283
cow 0.0424 101 156 190 282
cow 0.0169 325 174 417 253
cow 0.0137 478 163 499 267
cow 0.0073 333 179 366 204
cow 0.0049 320 183 363 254
cow 0.0042 477 174 500 229
cow 0.0033 478 170 498 198
cow 0.0029 272 174 399 281
cow 0.0026 409 183 495 316
cow 0.0026 321 175 393 226
cow 0.0024 331 213 373 283
cow 0.0024 323 185 361 217
cow 0.0013 484 172 500 211
cow 0.0012 130 176 166 261
cow 0.0011 354 175 429 219
cow 0.0010 487 176 499 243
cow 0.0010 83 134 166 269
