person 0.9694 72 152 281 377
person 0.9637 192 143 407 369
person 0.6453 82 200 197 346
person 0.1916 -1 314 26 377
person 0.1707 -14 171 220 372
person 0.1194 125 194 195 309
person 0.0718 0 249 23 376
person 0.0288 486 193 499 249
person 0.0209 1 175 16 374
person 0.0151 482 189 500 362
person 0.0132 340 180 404 367
person 0.0091 0 215 15 265
person 0.0084 147 199 278 330
person 0.0084 1 179 28 405
person 0.0079 3 303 83 375
person 0.0067 0 327 16 380
person 0.0061 20 155 477 357
person 0.0055 0 167 56 380
person 0.0048 -9 244 116 365
person 0.0045 23 237 176 361
person 0.0045 482 168 500 270
person 0.0039 0 162 20 269
person 0.0034 344 189 373 276
person 0.0033 84 243 165 370
person 0.0033 487 210 499 268
person 0.0031 1 302 12 372
person 0.0027 1 194 12 247
person 0.0023 0 200 69 265
person 0.0023 342 202 361 240
person 0.0022 470 170 500 381
person 0.0020 158 214 196 293
person 0.0019 1 355 10 375
person 0.0019 108 209 191 267
person 0.0018 444 195 501 360
person 0.0016 1 274 8 360
person 0.0016 0 306 24 349
person 0.0015 104 250 315 339
person 0.0015 143 192 212 355
person 0.0015 1 217 7 242
person 0.0014 2 217 10 301
person 0.0013 89 240 152 309
person 0.0013 494 211 498 250
person 0.0012 0 294 43 377
person 0.0012 0 232 5 344
person 0.0012 485 111 498 284
person 0.0011 110 232 136 261
person 0.0011 245 11 417 366
person 0.0010 493 226 498 252
car 0.0014 -14 171 220 372
bus 0.0082 328 -12 487 391
train 0.0013 -17 84 211 371
boat 0.0011 -17 84 211 371
bottle 0.0075 110 232 136 261
bottle 0.0020 99 235 139 309
bottle 0.0015 92 294 110 322
bottle 0.0011 143 369 152 376
chair 0.0417 5 310 84 376
chair 0.0293 369 239 451 373
chair 0.0073 481 221 500 364
chair 0.0032 443 218 500 369
chair 0.0024 -1 314 26 377
chair 0.0013 246 260 399 362
chair 0.0010 -3 252 91 375
sofa 0.0048 5 310 84 376
sofa 0.0012 350 234 447 377
diningtable 0.0011 5 310 84 376
