person 0.9888 144 364 172 422
person 0.9687 196 357 220 424
person 0.9565 175 359 197 422
person 0.9526 112 377 125 416
person 0.7930 212 353 229 410
person 0.4833 299 363 314 378
person 0.2897 193 361 211 418
person 0.1540 264 359 273 378
person 0.1516 272 358 283 378
person 0.1227 109 379 121 415
person 0.1008 266 354 284 379
person 0.0721 138 376 146 396
person 0.0670 218 362 233 410
person 0.0662 277 362 287 377
person 0.0653 163 364 175 414
person 0.0545 165 364 173 376
person 0.0508 107 391 113 405
person 0.0489 243 360 252 378
person 0.0347 249 359 259 378
person 0.0316 143 363 158 416
person 0.0293 269 353 280 373
person 0.0249 176 362 185 376
person 0.0206 137 371 150 405
person 0.0194 173 360 189 403
person 0.0178 148 362 154 376
person 0.0175 196 360 216 402
person 0.0170 265 355 274 372
person 0.0134 164 367 173 387
person 0.0127 305 361 316 377
person 0.0119 154 362 165 374
person 0.0112 202 356 211 368
person 0.0104 216 352 233 391
person 0.0100 110 385 115 398
person 0.0097 173 372 188 419
person 0.0092 318 370 330 427
person 0.0084 298 370 314 381
person 0.0083 103 389 110 407
person 0.0081 301 354 312 373
person 0.0075 118 385 124 397
person 0.0065 296 350 314 377
person 0.0063 261 349 276 378
person 0.0059 144 369 153 389
person 0.0059 119 391 125 403
person 0.0057 320 360 328 377
person 0.0056 212 353 223 368
person 0.0054 183 361 193 375
person 0.0043 292 361 302 378
person 0.0043 201 359 213 376
person 0.0042 213 358 223 379
person 0.0037 278 354 288 371
person 0.0035 274 355 291 379
person 0.0032 250 355 258 372
person 0.0032 193 357 212 387
person 0.0031 169 389 175 407
person 0.0031 236 359 243 378
person 0.0030 99 383 112 413
person 0.0029 240 354 256 381
person 0.0028 145 378 149 399
person 0.0027 246 354 262 380
person 0.0027 290 358 320 380
person 0.0027 175 371 185 388
person 0.0026 155 356 164 371
person 0.0026 127 383 133 395
person 0.0026 223 361 232 380
person 0.0026 111 333 310 419
person 0.0026 193 362 205 378
person 0.0025 118 376 122 387
person 0.0022 261 350 291 376
person 0.0022 213 355 239 424
person 0.0021 168 376 173 403
person 0.0021 224 378 233 399
person 0.0021 299 359 329 426
person 0.0020 149 363 169 398
person 0.0019 306 355 316 372
person 0.0018 113 373 117 390
person 0.0018 172 390 180 407
person 0.0016 218 349 329 397
person 0.0016 0 439 35 498
person 0.0016 199 387 215 424
person 0.0016 196 355 206 369
person 0.0015 321 353 329 372
person 0.0015 166 356 174 371
person 0.0015 161 363 228 421
person 0.0014 183 358 192 368
person 0.0013 318 370 329 384
person 0.0012 215 379 223 398
person 0.0011 174 380 182 396
person 0.0010 214 388 222 406
person 0.0010 223 385 232 407
person 0.0010 71 358 75 368
person 0.0010 177 357 185 369
car 0.9881 -1 363 39 397
car 0.7941 0 439 35 498
car 0.0018 27 315 44 325
car 0.0012 318 370 330 427
car 0.0010 107 391 113 405
car 0.0010 16 449 34 500
motorbike 0.0076 0 439 35 498
bus 0.1376 158 330 324 425
train 0.0040 158 330 324 425
pottedplant 0.0023 103 389 110 407
