person 0.9980 8 91 114 267
person 0.9963 99 93 202 235
person 0.9933 301 97 494 357
person 0.9452 173 100 226 190
person 0.8913 218 120 273 174
person 0.8623 274 100 381 210
person 0.2621 327 96 471 264
person 0.2455 319 91 386 220
person 0.2019 316 93 360 182
person 0.1350 369 147 499 368
person 0.1116 292 94 436 220
person 0.0421 297 340 405 373
person 0.0330 55 92 225 270
person 0.0305 425 118 471 195
person 0.0223 300 97 345 181
person 0.0183 422 102 488 217
person 0.0171 163 102 206 186
person 0.0091 220 112 363 197
person 0.0075 0 84 14 276
person 0.0072 363 20 508 296
person 0.0070 270 154 365 203
person 0.0069 147 103 276 201
person 0.0062 179 109 258 180
person 0.0060 289 53 314 99
person 0.0059 292 168 379 223
person 0.0036 373 92 496 222
person 0.0034 297 296 407 370
person 0.0032 475 108 501 143
person 0.0031 242 111 427 343
person 0.0029 476 102 499 216
person 0.0029 223 132 328 181
person 0.0028 147 100 184 179
person 0.0028 334 105 375 205
person 0.0026 454 114 494 204
person 0.0025 437 92 499 258
person 0.0020 475 80 500 155
person 0.0019 490 98 499 151
person 0.0019 325 121 339 168
person 0.0018 292 195 442 333
person 0.0017 267 27 283 45
person 0.0017 1 64 26 292
person 0.0016 208 123 241 185
person 0.0015 288 161 451 280
person 0.0015 332 200 369 222
person 0.0015 198 106 232 179
person 0.0015 491 79 499 131
person 0.0014 0 177 14 292
person 0.0012 277 130 353 187
person 0.0012 215 122 236 167
person 0.0012 -9 92 415 380
person 0.0011 341 158 358 173
person 0.0010 293 192 378 234
bottle 0.4005 118 227 139 278
bottle 0.1650 277 156 289 174
bottle 0.0619 122 218 154 279
bottle 0.0513 207 193 225 232
bottle 0.0206 295 162 308 180
bottle 0.0197 233 195 250 232
bottle 0.0140 112 229 126 272
bottle 0.0138 222 172 233 228
bottle 0.0115 290 163 300 178
bottle 0.0110 268 189 283 231
bottle 0.0108 289 159 298 173
bottle 0.0068 277 183 288 201
bottle 0.0063 228 173 241 230
bottle 0.0057 297 160 306 173
bottle 0.0057 224 197 231 229
bottle 0.0052 275 214 288 232
bottle 0.0042 273 182 287 219
bottle 0.0034 221 173 232 193
bottle 0.0028 275 158 292 185
bottle 0.0022 132 225 148 275
bottle 0.0022 230 173 240 194
bottle 0.0021 198 170 286 228
bottle 0.0019 250 172 279 232
bottle 0.0017 271 182 280 202
bottle 0.0017 223 169 257 233
bottle 0.0017 268 173 280 211
bottle 0.0016 138 224 156 278
bottle 0.0016 240 173 251 192
bottle 0.0015 276 190 288 210
bottle 0.0015 305 166 315 181
bottle 0.0014 491 68 499 124
bottle 0.0014 102 223 120 258
bottle 0.0012 125 213 158 231
bottle 0.0011 474 71 499 135
bottle 0.0011 268 173 277 192
bottle 0.0011 90 265 167 373
bottle 0.0011 96 97 217 245
bottle 0.0011 256 187 272 232
bottle 0.0010 148 225 189 295
bottle 0.0010 270 201 280 219
bottle 0.0010 265 209 286 233
bottle 0.0010 113 236 121 263
chair 0.1273 0 201 12 276
chair 0.0631 0 144 14 286
chair 0.0181 5 103 104 278
chair 0.0145 297 340 405 373
chair 0.0136 89 190 99 233
chair 0.0074 92 160 123 231
chair 0.0062 3 202 18 263
chair 0.0052 1 179 9 263
chair 0.0035 101 143 139 219
chair 0.0032 91 175 104 229
chair 0.0030 297 296 407 370
chair 0.0028 0 191 13 352
chair 0.0023 5 176 119 270
chair 0.0022 379 339 402 374
chair 0.0019 102 223 115 238
chair 0.0017 215 132 258 173
chair 0.0016 0 203 7 314
chair 0.0015 1 199 4 242
chair 0.0015 1 134 6 270
chair 0.0015 342 221 356 233
chair 0.0013 341 158 358 173
chair 0.0013 104 219 115 229
chair 0.0013 96 91 202 252
chair 0.0012 75 160 106 230
chair 0.0011 341 218 355 229
chair 0.0011 96 225 111 239
sofa 0.0027 15 107 148 255
sofa 0.0022 297 340 405 373
sofa 0.0011 96 97 217 245
diningtable 0.9765 5 167 324 372
diningtable 0.0335 12 294 304 371
diningtable 0.0067 173 174 331 280
diningtable 0.0052 198 170 286 228
diningtable 0.0036 223 162 329 197
diningtable 0.0028 271 160 312 182
diningtable 0.0016 177 153 330 234
diningtable 0.0011 145 166 352 353
diningtable 0.0011 206 190 309 237
tvmonitor 0.0040 332 28 367 55
