person 0.0090 17 -3 427 283
person 0.0055 0 -2 25 79
person 0.0049 3 -7 111 335
person 0.0042 0 -30 62 264
person 0.0027 0 -51 24 286
person 0.0025 0 -30 10 266
person 0.0019 0 0 14 54
person 0.0015 0 -14 19 136
bicycle 0.9867 24 6 473 331
bicycle 0.0121 85 41 341 299
bicycle 0.0096 210 30 446 288
car 0.0051 41 0 464 286
bus 0.0024 78 9 471 275
train 0.0486 17 -3 427 283
boat 0.0132 57 41 487 341
horse 0.0012 19 19 431 324
sofa 0.0034 13 39 435 342
pottedplant 0.0559 0 220 117 332
pottedplant 0.0035 0 -30 62 264
pottedplant 0.0015 2 59 113 340
