person 0.0061 0 96 8 153
person 0.0033 406 299 449 340
person 0.0017 450 104 490 170
person 0.0014 125 91 283 192
person 0.0014 455 152 501 236
person 0.0011 -1 38 13 166
person 0.0010 474 80 498 165
bicycle 0.0016 194 161 459 342
bicycle 0.0011 292 269 450 343
bus 0.0280 19 3 480 240
bus 0.0018 33 94 476 339
train 0.9969 29 39 474 325
train 0.0068 125 91 283 192
train 0.0065 49 161 510 351
train 0.0016 61 90 438 194
bird 0.0014 406 299 449 340
dog 0.0053 406 299 449 340
diningtable 0.0064 41 326 462 373
