person 0.2564 171 165 180 189
person 0.1784 86 160 92 173
person 0.1039 81 159 86 172
person 0.0728 172 165 180 178
person 0.0723 170 165 181 209
person 0.0368 68 162 72 171
person 0.0350 228 152 238 168
person 0.0302 80 155 88 169
person 0.0281 83 156 92 168
person 0.0214 60 162 64 170
person 0.0160 170 175 178 197
person 0.0125 227 155 238 176
person 0.0096 90 109 362 344
person 0.0083 91 168 96 182
person 0.0058 42 157 46 163
person 0.0046 219 150 236 182
person 0.0042 58 154 65 164
person 0.0042 51 162 55 168
person 0.0038 168 178 175 195
person 0.0037 49 155 54 162
person 0.0035 82 154 98 181
person 0.0033 42 162 46 168
person 0.0030 223 155 233 177
person 0.0030 67 156 73 166
person 0.0029 253 170 272 205
person 0.0025 168 169 175 189
person 0.0024 194 169 201 186
person 0.0015 168 167 196 234
person 0.0011 95 172 100 181
person 0.0011 169 157 184 186
person 0.0011 165 163 178 197
person 0.0011 29 162 35 168
person 0.0010 213 157 221 180
person 0.0010 213 149 221 168
person 0.0010 95 163 101 175
car 0.0040 29 162 35 168
car 0.0030 60 162 64 170
car 0.0020 51 162 55 168
car 0.0020 42 162 46 168
car 0.0020 83 156 92 168
car 0.0017 42 157 46 163
car 0.0016 29 155 36 163
car 0.0012 80 155 88 169
train 0.9998 100 102 412 352
train 0.0125 41 145 81 168
train 0.0046 36 142 72 162
train 0.0025 58 154 65 164
train 0.0022 17 154 26 165
train 0.0021 62 150 99 171
train 0.0020 52 148 70 157
train 0.0014 80 155 88 169
train 0.0013 49 149 56 156
train 0.0011 41 146 46 154
train 0.0011 11 147 55 168
train 0.0010 42 157 46 163
train 0.0010 49 155 54 162
