person 0.0027 490 91 499 172
bicycle 0.0013 364 64 394 88
bicycle 0.0010 307 67 408 99
car 0.0010 228 61 279 87
bottle 0.0028 101 107 118 143
bottle 0.0023 128 168 136 187
bottle 0.0022 134 113 146 130
bottle 0.0017 102 116 116 161
bottle 0.0015 115 144 123 156
bottle 0.0014 312 282 351 333
bottle 0.0012 490 91 499 172
bottle 0.0010 402 46 419 70
chair 0.9328 448 91 494 182
chair 0.7997 4 134 77 258
chair 0.7375 167 122 232 182
chair 0.7347 265 101 299 149
chair 0.3710 0 174 58 329
chair 0.2628 96 127 164 192
chair 0.2509 8 131 76 191
chair 0.2103 477 92 499 178
chair 0.1715 104 142 180 205
chair 0.1559 -1 206 26 332
chair 0.1532 102 113 117 152
chair 0.1485 364 64 394 88
chair 0.1332 489 87 499 160
chair 0.0742 284 90 445 160
chair 0.0600 108 125 155 157
chair 0.0598 299 109 367 164
chair 0.0532 432 95 474 179
chair 0.0469 329 98 370 125
chair 0.0447 121 114 135 129
chair 0.0419 379 64 420 136
chair 0.0376 338 92 410 143
chair 0.0351 409 104 453 173
chair 0.0328 118 108 138 133
chair 0.0322 297 96 334 147
chair 0.0317 108 113 126 155
chair 0.0303 115 114 124 133
chair 0.0291 9 162 78 225
chair 0.0289 300 103 322 144
chair 0.0288 485 84 499 126
chair 0.0258 487 87 499 99
chair 0.0241 180 116 229 146
chair 0.0241 356 75 430 127
chair 0.0239 365 145 416 174
chair 0.0224 22 180 77 203
chair 0.0221 77 112 259 201
chair 0.0217 0 159 22 311
chair 0.0216 298 96 376 144
chair 0.0201 1 129 32 338
chair 0.0178 105 114 116 134
chair 0.0178 492 93 499 114
chair 0.0171 24 281 57 330
chair 0.0158 139 107 438 171
chair 0.0152 382 95 450 147
chair 0.0151 359 103 427 165
chair 0.0147 388 101 410 145
chair 0.0137 353 102 395 165
chair 0.0134 487 83 499 91
chair 0.0134 455 165 502 233
chair 0.0133 159 119 335 204
chair 0.0129 489 117 499 185
chair 0.0126 494 99 499 127
chair 0.0124 103 114 181 157
chair 0.0117 29 124 168 209
chair 0.0115 383 65 418 96
chair 0.0115 108 109 146 167
chair 0.0114 455 91 496 115
chair 0.0110 469 81 479 93
chair 0.0108 111 109 127 139
chair 0.0105 277 99 313 151
chair 0.0105 462 79 474 93
chair 0.0102 388 93 425 114
chair 0.0100 479 81 494 92
chair 0.0098 202 114 282 162
chair 0.0096 335 67 384 87
chair 0.0096 309 104 331 141
chair 0.0095 385 93 495 178
chair 0.0094 430 71 477 103
chair 0.0093 495 104 498 141
chair 0.0093 198 112 233 169
chair 0.0092 0 129 22 227
chair 0.0089 26 180 73 253
chair 0.0088 448 101 498 250
chair 0.0086 304 107 357 138
chair 0.0085 148 120 222 166
chair 0.0085 94 116 123 196
chair 0.0084 147 118 183 187
chair 0.0083 456 86 494 104
chair 0.0082 179 117 259 166
chair 0.0081 164 111 201 173
chair 0.0081 196 122 461 208
chair 0.0081 390 86 426 105
chair 0.0078 116 126 207 185
chair 0.0076 475 119 498 233
chair 0.0076 447 100 504 127
chair 0.0075 381 57 438 104
chair 0.0072 460 85 472 100
chair 0.0071 115 120 160 148
chair 0.0070 466 88 484 98
chair 0.0067 323 109 360 134
chair 0.0066 229 122 277 143
chair 0.0066 393 86 429 150
chair 0.0064 360 135 429 182
chair 0.0060 1 134 9 151
chair 0.0060 383 99 418 126
chair 0.0059 103 119 112 142
chair 0.0057 293 103 333 123
chair 0.0055 102 117 139 148
chair 0.0054 441 94 498 143
chair 0.0054 112 83 191 143
chair 0.0054 17 140 110 201
sofa 0.0062 4 146 78 282
sofa 0.0016 446 183 501 315
sofa 0.0013 408 167 499 303
sofa 0.0011 266 103 301 145
pottedplant 0.7638 190 99 475 335
pottedplant 0.5657 120 77 197 134
pottedplant 0.0958 431 77 466 109
pottedplant 0.0787 419 70 480 123
pottedplant 0.0290 76 84 196 177
pottedplant 0.0186 428 58 469 113
pottedplant 0.0169 47 93 123 141
pottedplant 0.0165 393 60 476 111
pottedplant 0.0146 101 95 121 133
pottedplant 0.0141 419 87 496 188
pottedplant 0.0123 141 85 186 148
pottedplant 0.0120 410 188 499 310
pottedplant 0.0119 136 98 178 129
pottedplant 0.0089 77 94 122 128
pottedplant 0.0074 176 78 233 127
pottedplant 0.0074 110 94 128 132
pottedplant 0.0071 81 96 102 132
pottedplant 0.0060 402 46 419 70
pottedplant 0.0059 117 103 138 128
pottedplant 0.0055 130 87 184 122
pottedplant 0.0051 121 74 162 132
pottedplant 0.0049 120 108 136 124
pottedplant 0.0048 196 122 461 208
pottedplant 0.0048 65 74 502 268
pottedplant 0.0043 176 88 196 120
pottedplant 0.0038 101 107 118 143
pottedplant 0.0038 69 64 203 137
pottedplant 0.0034 130 101 150 128
pottedplant 0.0030 101 96 140 130
pottedplant 0.0030 147 110 167 137
pottedplant 0.0029 91 94 110 133
pottedplant 0.0027 109 90 143 147
pottedplant 0.0026 91 90 123 148
pottedplant 0.0025 137 100 158 129
pottedplant 0.0025 165 76 203 130
pottedplant 0.0024 20 52 172 137
pottedplant 0.0024 92 91 128 117
pottedplant 0.0024 134 93 224 140
pottedplant 0.0023 398 48 469 188
pottedplant 0.0021 193 86 238 120
pottedplant 0.0020 130 111 169 133
pottedplant 0.0019 47 36 128 85
pottedplant 0.0019 387 54 427 106
pottedplant 0.0018 147 105 184 170
pottedplant 0.0018 433 81 469 152
pottedplant 0.0017 69 81 137 127
pottedplant 0.0016 14 110 34 138
pottedplant 0.0015 167 94 191 131
pottedplant 0.0015 410 70 468 101
pottedplant 0.0015 72 96 93 132
pottedplant 0.0015 134 108 147 125
pottedplant 0.0015 103 100 307 177
pottedplant 0.0014 63 43 100 64
pottedplant 0.0013 21 118 110 160
pottedplant 0.0013 112 110 147 132
pottedplant 0.0012 44 97 82 134
pottedplant 0.0012 184 83 223 147
pottedplant 0.0012 165 113 187 134
pottedplant 0.0012 84 94 167 141
pottedplant 0.0012 179 89 216 121
pottedplant 0.0011 69 91 107 149
pottedplant 0.0011 51 83 121 195
pottedplant 0.0011 111 95 125 112
pottedplant 0.0011 61 97 104 131
pottedplant 0.0011 414 50 450 115
pottedplant 0.0011 158 96 176 133
pottedplant 0.0011 359 5 428 74
pottedplant 0.0010 430 92 464 114
pottedplant 0.0010 121 114 135 129
pottedplant 0.0010 425 61 505 108
diningtable 0.4336 46 181 288 321
diningtable 0.3423 59 146 500 326
diningtable 0.0865 435 97 501 178
diningtable 0.0849 310 89 399 142
diningtable 0.0726 284 90 445 160
diningtable 0.0483 300 81 411 121
diningtable 0.0366 455 165 502 233
diningtable 0.0278 16 130 112 186
diningtable 0.0253 431 103 501 126
diningtable 0.0196 430 101 463 123
diningtable 0.0175 58 222 212 323
diningtable 0.0156 289 71 439 136
diningtable 0.0155 271 231 379 334
diningtable 0.0152 299 109 367 164
diningtable 0.0148 77 112 259 201
diningtable 0.0110 469 183 499 282
diningtable 0.0102 118 234 460 329
diningtable 0.0101 458 175 500 204
diningtable 0.0097 448 165 500 304
diningtable 0.0074 385 93 495 178
diningtable 0.0072 416 92 489 142
diningtable 0.0067 455 91 496 115
diningtable 0.0066 397 98 464 144
diningtable 0.0063 307 67 408 99
diningtable 0.0059 489 87 499 160
diningtable 0.0056 419 70 480 123
diningtable 0.0051 494 99 499 127
diningtable 0.0049 477 92 499 178
diningtable 0.0049 317 86 386 101
diningtable 0.0049 487 87 499 99
diningtable 0.0048 29 124 168 209
diningtable 0.0045 487 83 499 91
diningtable 0.0044 57 199 157 285
diningtable 0.0044 434 111 499 133
diningtable 0.0043 21 118 110 160
diningtable 0.0043 475 119 498 233
diningtable 0.0042 356 75 430 127
diningtable 0.0039 294 125 375 180
diningtable 0.0038 31 88 312 253
diningtable 0.0037 383 181 499 308
diningtable 0.0037 333 73 386 92
diningtable 0.0035 495 104 498 141
diningtable 0.0035 103 114 181 157
diningtable 0.0034 492 93 499 114
diningtable 0.0034 245 282 492 332
diningtable 0.0032 465 172 499 193
diningtable 0.0030 358 90 424 145
diningtable 0.0030 294 104 331 142
diningtable 0.0027 149 122 224 183
diningtable 0.0027 456 86 494 104
diningtable 0.0026 448 101 498 250
diningtable 0.0025 112 83 191 143
diningtable 0.0025 304 107 357 138
diningtable 0.0023 294 107 313 117
diningtable 0.0023 104 120 158 149
diningtable 0.0023 396 105 460 122
diningtable 0.0022 342 101 407 163
diningtable 0.0021 266 103 301 145
diningtable 0.0021 293 103 333 123
diningtable 0.0019 418 126 488 182
diningtable 0.0017 496 113 499 151
diningtable 0.0017 355 294 506 332
diningtable 0.0016 110 192 391 301
diningtable 0.0016 202 114 282 162
diningtable 0.0015 248 115 478 204
diningtable 0.0015 440 282 499 333
diningtable 0.0014 489 117 499 185
diningtable 0.0014 375 87 424 103
diningtable 0.0014 179 117 259 166
diningtable 0.0014 472 223 498 317
diningtable 0.0013 267 101 317 124
diningtable 0.0013 466 88 484 98
diningtable 0.0013 430 93 479 115
diningtable 0.0013 430 108 463 133
diningtable 0.0013 345 87 391 99
diningtable 0.0013 440 113 458 127
diningtable 0.0013 485 84 499 126
diningtable 0.0013 116 126 207 185
diningtable 0.0012 229 122 277 143
diningtable 0.0012 395 91 423 101
diningtable 0.0012 53 142 117 200
diningtable 0.0012 413 200 493 264
diningtable 0.0011 496 125 499 159
diningtable 0.0011 299 83 363 104
diningtable 0.0011 452 90 490 152
diningtable 0.0011 364 60 428 101
diningtable 0.0011 328 95 372 117
diningtable 0.0011 61 160 276 250
diningtable 0.0011 443 122 508 141
diningtable 0.0010 0 183 26 327
diningtable 0.0010 465 111 501 319
diningtable 0.0010 453 229 501 311
diningtable 0.0010 318 77 367 91
diningtable 0.0010 462 97 504 129
diningtable 0.0010 364 64 394 88
diningtable 0.0010 54 140 109 165
diningtable 0.0010 409 116 500 276
