person 0.9833 190 133 463 338
person 0.2520 90 149 200 199
person 0.1888 81 142 205 234
person 0.0577 182 164 394 258
person 0.0250 99 64 488 320
person 0.0124 169 159 357 368
person 0.0106 75 136 182 187
person 0.0102 118 140 202 186
person 0.0058 217 196 497 378
person 0.0023 474 165 498 266
person 0.0022 85 171 164 220
person 0.0021 90 168 131 197
person 0.0017 410 179 501 369
person 0.0015 421 161 490 207
person 0.0011 65 158 152 200
person 0.0011 35 154 175 242
person 0.0010 457 178 498 256
bottle 0.5936 129 178 141 201
bottle 0.0245 131 178 141 191
bottle 0.0169 106 190 117 200
bottle 0.0131 112 81 121 94
bottle 0.0130 129 177 136 190
bottle 0.0109 127 171 144 199
bottle 0.0075 104 81 118 94
bottle 0.0065 106 193 118 204
bottle 0.0018 106 190 128 199
chair 0.2565 0 156 32 239
chair 0.1987 95 148 226 236
chair 0.1868 0 203 32 240
chair 0.1851 288 153 502 371
chair 0.0676 194 151 392 248
chair 0.0384 208 194 449 380
chair 0.0262 215 193 330 241
chair 0.0217 156 270 182 306
chair 0.0213 141 246 182 303
chair 0.0202 39 184 166 256
chair 0.0111 1 201 30 219
chair 0.0102 148 164 218 243
chair 0.0085 114 148 203 201
chair 0.0055 0 143 10 206
chair 0.0053 46 153 82 206
chair 0.0038 169 159 357 368
chair 0.0032 179 175 341 258
chair 0.0024 410 179 501 369
chair 0.0019 149 264 181 296
chair 0.0019 12 247 227 368
chair 0.0017 81 154 172 199
chair 0.0016 319 143 481 246
chair 0.0014 71 149 86 195
chair 0.0014 106 190 128 199
chair 0.0014 73 190 110 211
chair 0.0014 89 186 133 201
chair 0.0014 175 239 336 361
chair 0.0014 190 82 515 376
chair 0.0013 9 151 82 207
chair 0.0013 111 152 150 175
chair 0.0012 90 168 131 197
chair 0.0011 89 163 128 181
chair 0.0010 107 168 152 199
sofa 0.8586 288 153 502 371
sofa 0.6752 81 142 205 234
sofa 0.2086 208 194 449 380
sofa 0.1776 194 151 392 248
sofa 0.1092 90 149 200 199
sofa 0.0609 0 156 32 239
sofa 0.0567 0 248 215 369
sofa 0.0499 39 184 166 256
sofa 0.0248 190 82 515 376
sofa 0.0233 215 193 330 241
sofa 0.0136 148 164 218 243
sofa 0.0124 410 179 501 369
sofa 0.0120 321 145 385 216
sofa 0.0074 293 143 446 250
sofa 0.0068 179 138 409 328
sofa 0.0067 79 167 251 254
sofa 0.0031 85 171 164 220
sofa 0.0031 0 203 32 240
sofa 0.0025 118 140 202 186
sofa 0.0018 179 175 341 258
sofa 0.0017 430 254 498 373
sofa 0.0017 94 179 190 242
sofa 0.0016 141 150 215 200
sofa 0.0011 108 146 299 232
sofa 0.0010 0 153 11 208
pottedplant 0.0813 11 17 71 77
pottedplant 0.0026 0 143 10 206
pottedplant 0.0026 0 139 26 222
pottedplant 0.0010 -1 103 16 219
diningtable 0.4680 0 248 215 369
diningtable 0.0648 43 193 158 246
diningtable 0.0187 0 203 32 240
diningtable 0.0060 1 201 30 219
diningtable 0.0025 15 226 188 313
diningtable 0.0023 0 205 29 214
diningtable 0.0013 0 156 32 239
diningtable 0.0010 -12 244 145 275
diningtable 0.0010 0 243 47 260
diningtable 0.0010 148 258 181 278
diningtable 0.0010 0 255 127 287
tvmonitor 0.0173 0 153 11 208
tvmonitor 0.0020 0 156 2 209
tvmonitor 0.0014 0 139 26 222
