person 0.9973 40 89 214 336
person 0.7224 115 117 305 304
person 0.6252 268 140 470 251
person 0.2838 302 109 489 219
person 0.1880 265 128 327 181
person 0.1699 217 119 297 187
person 0.1568 220 128 356 266
person 0.1553 263 223 385 331
person 0.1472 273 135 314 169
person 0.0970 171 117 327 216
person 0.0876 232 116 427 220
person 0.0547 280 108 305 136
person 0.0520 255 114 341 167
person 0.0319 305 110 401 160
person 0.0272 115 163 241 308
person 0.0262 163 147 410 326
person 0.0249 119 117 238 231
person 0.0203 244 154 499 330
person 0.0175 267 103 369 144
person 0.0150 275 259 365 324
person 0.0141 326 133 460 174
person 0.0138 281 102 448 172
person 0.0109 108 99 387 252
person 0.0109 227 180 355 312
person 0.0108 126 102 377 176
person 0.0104 285 124 387 177
person 0.0091 306 121 358 147
person 0.0079 204 120 284 268
person 0.0070 232 148 326 196
person 0.0069 263 111 301 166
person 0.0058 371 167 489 254
person 0.0053 357 217 401 253
person 0.0050 282 129 323 158
person 0.0048 337 195 409 244
person 0.0045 286 124 300 138
person 0.0038 277 297 361 332
person 0.0035 314 103 433 145
person 0.0033 329 118 391 143
person 0.0033 115 286 209 330
person 0.0031 59 174 202 312
person 0.0031 139 226 364 327
person 0.0031 277 114 310 148
person 0.0030 296 131 328 155
person 0.0029 237 115 290 151
person 0.0028 263 144 336 276
person 0.0023 271 138 321 202
person 0.0022 80 76 271 265
person 0.0022 269 117 364 240
person 0.0022 281 125 305 160
person 0.0019 279 108 291 115
person 0.0018 311 229 493 331
person 0.0018 286 116 301 132
person 0.0018 351 212 424 258
person 0.0017 275 146 326 174
person 0.0015 114 123 210 191
person 0.0014 308 106 355 139
person 0.0014 325 177 489 295
person 0.0013 178 128 263 179
person 0.0013 238 98 318 141
person 0.0010 202 204 282 261
person 0.0010 290 136 314 164
person 0.0010 109 143 184 287
person 0.0010 262 150 370 199
person 0.0010 142 143 222 208
person 0.0010 281 108 299 118
person 0.0010 346 135 360 144
cat 0.0172 358 216 401 244
cat 0.0147 340 210 413 258
dog 0.0261 340 210 413 258
dog 0.0121 358 216 401 244
dog 0.0053 263 223 385 331
bottle 0.2611 373 239 388 280
bottle 0.0242 250 93 259 110
bottle 0.0080 250 88 259 104
bottle 0.0032 362 233 397 310
bottle 0.0027 256 98 265 109
bottle 0.0023 360 223 399 281
bottle 0.0023 256 87 265 103
bottle 0.0017 65 298 102 331
bottle 0.0014 246 88 262 115
bottle 0.0014 374 254 386 277
bottle 0.0011 37 116 54 136
chair 0.1497 182 31 230 124
chair 0.0917 305 159 500 250
chair 0.0235 263 223 385 331
chair 0.0177 108 162 150 231
chair 0.0160 293 158 501 328
chair 0.0090 21 129 194 334
chair 0.0048 118 132 246 277
chair 0.0045 393 99 444 143
chair 0.0044 256 74 295 112
chair 0.0041 386 242 502 330
chair 0.0041 112 181 172 241
chair 0.0037 364 178 501 300
chair 0.0034 103 168 112 193
chair 0.0028 375 105 495 211
chair 0.0022 248 79 311 121
chair 0.0020 102 165 117 197
chair 0.0019 150 36 269 132
chair 0.0016 195 145 214 174
chair 0.0016 245 112 494 286
chair 0.0013 220 128 356 266
chair 0.0013 170 45 233 182
chair 0.0013 277 297 361 332
chair 0.0013 199 46 230 140
chair 0.0012 109 184 151 219
chair 0.0012 217 113 301 173
chair 0.0011 103 154 139 189
chair 0.0011 116 189 155 232
chair 0.0010 238 98 318 141
sofa 0.3100 245 112 494 286
sofa 0.1253 21 129 194 334
sofa 0.1118 305 159 500 250
sofa 0.1062 281 102 448 172
sofa 0.1018 232 116 427 220
sofa 0.0793 118 132 246 277
sofa 0.0722 105 137 313 328
sofa 0.0704 293 158 501 328
sofa 0.0466 177 119 400 294
sofa 0.0380 302 109 489 219
sofa 0.0365 306 104 399 144
sofa 0.0304 253 134 406 260
sofa 0.0250 263 223 385 331
sofa 0.0233 289 112 385 161
sofa 0.0211 191 104 386 173
sofa 0.0146 386 242 502 330
sofa 0.0121 364 178 501 300
sofa 0.0108 79 137 497 334
sofa 0.0097 267 103 369 144
sofa 0.0071 228 115 326 167
sofa 0.0053 171 117 327 216
sofa 0.0051 326 133 460 174
sofa 0.0048 139 226 364 327
sofa 0.0041 311 116 438 162
sofa 0.0041 227 180 355 312
sofa 0.0033 108 162 150 231
sofa 0.0031 39 56 222 293
sofa 0.0028 393 99 444 143
sofa 0.0023 386 98 492 184
sofa 0.0023 294 124 416 174
sofa 0.0021 269 124 363 180
sofa 0.0019 336 100 446 145
sofa 0.0017 112 181 172 241
sofa 0.0016 350 97 516 309
sofa 0.0016 64 137 203 275
sofa 0.0013 99 92 324 256
sofa 0.0012 259 78 334 120
sofa 0.0012 217 119 297 187
sofa 0.0010 306 121 358 147
sofa 0.0010 238 98 318 141
diningtable 0.0565 386 242 502 330
diningtable 0.0145 311 229 493 331
tvmonitor 0.2141 17 30 184 134
tvmonitor 0.1580 392 101 446 140
tvmonitor 0.0575 437 89 500 191
tvmonitor 0.0094 52 0 129 19
tvmonitor 0.0057 445 91 494 153
tvmonitor 0.0033 55 53 150 112
tvmonitor 0.0024 40 -4 139 24
tvmonitor 0.0018 481 77 501 202
tvmonitor 0.0015 290 70 331 117
tvmonitor 0.0014 492 130 500 193
tvmonitor 0.0010 394 103 419 138
