person 0.1477 421 188 432 268
person 0.0689 335 199 346 207
person 0.0616 345 198 354 207
person 0.0559 76 208 85 220
person 0.0187 89 206 114 219
person 0.0174 278 200 288 207
person 0.0164 329 199 337 206
person 0.0148 328 215 334 224
person 0.0109 68 208 78 220
person 0.0100 299 199 306 204
person 0.0093 55 202 63 216
person 0.0088 251 201 261 207
person 0.0083 50 202 58 217
person 0.0067 288 200 297 206
person 0.0064 283 206 374 242
person 0.0057 272 200 277 205
person 0.0054 210 196 227 211
person 0.0053 216 197 231 209
person 0.0046 73 211 84 223
person 0.0043 346 204 354 211
person 0.0041 55 200 62 209
person 0.0037 52 199 59 210
person 0.0036 153 204 166 213
person 0.0035 306 199 314 204
person 0.0033 87 207 95 216
person 0.0033 229 197 243 211
person 0.0031 240 200 250 208
person 0.0031 170 204 180 212
person 0.0030 181 197 378 226
person 0.0029 101 206 115 218
person 0.0026 257 200 268 207
person 0.0025 154 200 163 207
person 0.0021 296 205 313 217
person 0.0018 154 191 331 212
person 0.0018 247 202 356 237
person 0.0018 246 203 264 216
person 0.0015 17 198 403 241
person 0.0015 171 201 181 208
person 0.0015 98 199 105 205
person 0.0015 242 203 250 211
person 0.0014 336 216 346 224
person 0.0014 0 207 1 233
person 0.0013 134 196 306 221
person 0.0013 231 202 241 212
person 0.0011 327 205 336 213
car 0.9849 86 206 120 223
car 0.9763 275 211 373 243
car 0.9673 246 203 264 216
car 0.7940 288 200 297 206
car 0.7543 278 200 288 207
car 0.6308 296 205 313 217
car 0.5827 299 199 306 204
car 0.5036 335 199 346 207
car 0.4309 306 199 314 204
car 0.4060 155 203 181 213
car 0.3707 257 200 268 207
car 0.3289 240 200 250 208
car 0.2996 345 198 354 207
car 0.2608 329 199 337 206
car 0.1516 229 197 243 211
car 0.1469 272 200 277 205
car 0.1203 211 201 228 213
car 0.1036 251 201 261 207
car 0.0724 300 205 319 214
car 0.0533 158 202 177 209
car 0.0425 242 203 250 211
car 0.0313 170 204 180 212
car 0.0292 231 202 241 212
car 0.0259 243 200 268 219
car 0.0244 247 202 356 237
car 0.0204 315 198 328 206
car 0.0183 153 204 166 213
car 0.0147 171 201 181 208
car 0.0141 154 200 163 207
car 0.0125 295 201 315 220
car 0.0109 294 203 332 219
car 0.0105 17 198 403 241
car 0.0096 256 202 267 213
car 0.0086 181 197 378 226
car 0.0082 298 212 311 221
car 0.0082 68 208 78 220
car 0.0066 209 191 230 212
car 0.0064 216 197 231 209
car 0.0063 76 208 85 220
car 0.0061 281 204 288 209
car 0.0060 335 204 349 211
car 0.0059 300 192 304 195
car 0.0057 346 204 354 211
car 0.0057 301 197 339 210
car 0.0046 139 196 178 211
car 0.0045 211 198 241 216
car 0.0037 188 192 368 211
car 0.0036 308 189 311 193
car 0.0035 101 206 115 218
car 0.0034 288 211 353 230
car 0.0029 73 211 84 223
car 0.0026 324 195 360 210
car 0.0026 327 205 336 213
car 0.0023 144 197 154 206
car 0.0021 328 211 370 242
car 0.0021 306 214 317 224
car 0.0019 224 191 244 212
car 0.0018 288 204 296 210
car 0.0016 268 196 317 208
car 0.0015 313 207 329 213
car 0.0014 244 199 301 208
car 0.0014 87 207 95 216
car 0.0012 120 204 180 214
car 0.0011 266 203 277 213
car 0.0010 329 192 332 197
motorbike 0.0058 278 200 288 207
motorbike 0.0027 288 200 297 206
motorbike 0.0018 335 199 346 207
motorbike 0.0013 345 198 354 207
bus 0.7248 209 190 242 212
bus 0.0826 229 197 243 211
bus 0.0470 210 196 227 211
bus 0.0140 216 197 231 209
bus 0.0039 240 200 250 208
bus 0.0024 288 200 297 206
bus 0.0018 278 200 288 207
bus 0.0016 219 190 231 198
bus 0.0014 182 188 233 211
bus 0.0014 299 199 306 204
bus 0.0014 139 196 178 211
pottedplant 0.0087 68 212 78 223
pottedplant 0.0021 73 211 84 223
pottedplant 0.0014 78 138 90 149
pottedplant 0.0012 76 208 85 220
pottedplant 0.0010 0 129 6 145
