person 0.0153 44 268 52 281
person 0.0063 48 268 63 283
person 0.0035 74 270 88 282
person 0.0021 110 264 115 268
person 0.0017 61 269 69 281
person 0.0017 119 261 126 265
person 0.0011 128 261 132 265
car 0.9067 70 270 87 284
car 0.8937 48 268 63 283
car 0.3853 110 264 115 268
car 0.2644 119 261 126 265
car 0.2286 44 268 52 281
car 0.1356 61 269 69 281
car 0.1327 104 265 108 269
car 0.0690 128 261 132 265
car 0.0300 110 267 115 272
car 0.0218 39 264 70 283
car 0.0095 92 265 96 269
car 0.0059 61 274 67 284
car 0.0050 80 263 86 270
car 0.0042 51 261 57 268
car 0.0031 36 269 40 275
car 0.0029 51 274 62 284
car 0.0028 72 263 77 268
car 0.0020 45 262 52 270
car 0.0019 44 275 50 284
car 0.0016 63 264 68 270
car 0.0015 118 256 122 260
car 0.0013 61 267 91 284
car 0.0012 88 268 93 274
car 0.0011 103 267 108 272
motorbike 0.0024 44 268 52 281
bus 0.0036 119 261 126 265
bus 0.0026 74 270 88 282
bus 0.0018 43 250 64 282
bus 0.0016 110 264 115 268
