person 0.0150 263 98 336 146
person 0.0080 280 97 331 127
person 0.0036 206 82 276 128
person 0.0019 415 46 451 122
person 0.0017 362 64 371 86
person 0.0014 353 54 390 107
person 0.0014 188 88 226 122
person 0.0014 222 90 265 124
person 0.0014 47 23 405 294
person 0.0012 276 101 348 165
person 0.0011 361 60 375 96
car 0.9599 70 59 419 290
car 0.9052 62 16 222 114
car 0.2138 449 57 488 73
car 0.0507 453 60 496 93
car 0.0197 65 64 142 108
car 0.0145 439 40 497 87
car 0.0143 452 47 494 73
car 0.0123 462 61 486 72
car 0.0112 451 59 463 71
car 0.0105 90 26 327 116
car 0.0092 455 59 478 71
car 0.0041 453 64 498 130
car 0.0037 469 48 498 116
car 0.0036 338 3 383 18
car 0.0030 178 24 401 110
car 0.0030 417 51 494 112
car 0.0021 90 31 399 203
car 0.0020 489 50 496 62
car 0.0017 104 16 222 62
car 0.0017 493 53 497 79
car 0.0016 489 49 499 104
car 0.0015 438 20 497 75
car 0.0015 213 24 345 58
car 0.0014 444 73 490 95
car 0.0012 437 26 498 138
car 0.0012 87 71 151 103
car 0.0011 235 9 410 80
car 0.0010 463 72 501 98
motorbike 0.0041 73 31 473 288
bus 0.0025 70 18 253 113
cat 0.0014 318 252 385 298
bottle 0.0034 318 259 343 300
tvmonitor 0.0012 73 46 430 310
