person 0.9992 -5 16 387 486
person 0.4430 285 44 329 125
person 0.1576 10 126 49 167
person 0.0371 17 126 39 157
person 0.0371 338 55 374 128
person 0.0367 6 127 53 203
person 0.0117 163 173 370 491
person 0.0066 253 28 288 55
person 0.0063 0 127 57 278
person 0.0059 26 125 51 158
person 0.0048 22 128 36 147
person 0.0039 259 18 327 126
person 0.0035 9 129 32 165
person 0.0035 37 98 266 406
person 0.0034 18 141 58 218
person 0.0027 5 144 52 170
person 0.0025 37 130 54 166
person 0.0024 338 74 356 125
person 0.0022 1 170 43 235
person 0.0021 0 132 19 166
person 0.0015 46 128 55 148
person 0.0011 276 35 316 109
person 0.0011 9 108 69 225
person 0.0010 294 53 365 128
bottle 0.0448 146 343 207 479
bottle 0.0017 163 332 199 460
chair 0.0195 2 64 381 484
chair 0.0062 317 223 370 268
chair 0.0030 0 278 50 504
chair 0.0021 339 69 373 126
chair 0.0021 1 232 58 292
chair 0.0016 0 173 59 301
chair 0.0010 1 179 47 258
sofa 0.0128 2 64 381 484
diningtable 0.0162 -4 13 326 431
diningtable 0.0040 0 147 56 210
diningtable 0.0029 -1 160 57 173
diningtable 0.0019 286 124 376 164
diningtable 0.0011 285 104 375 261
