person 0.0019 -6 203 192 395
cat 0.0046 -6 203 192 395
cat 0.0013 223 173 350 281
dog 0.0073 -6 203 192 395
dog 0.0033 22 13 482 185
horse 0.0061 22 13 482 185
horse 0.0023 -6 203 192 395
sheep 0.9980 20 19 486 237
sheep 0.9977 37 175 476 399
sheep 0.9005 -4 183 190 385
sheep 0.8650 223 173 350 281
sheep 0.4454 144 147 251 270
sheep 0.0594 235 165 417 255
sheep 0.0438 152 158 355 262
sheep 0.0180 219 195 310 267
sheep 0.0177 453 186 495 268
sheep 0.0115 -1 210 135 352
sheep 0.0104 248 172 478 288
sheep 0.0060 449 190 496 381
sheep 0.0057 261 179 362 247
sheep 0.0044 -30 74 472 320
sheep 0.0025 15 186 166 293
sheep 0.0014 230 176 500 383
sheep 0.0013 447 158 496 302
sheep 0.0012 101 193 184 261
sheep 0.0010 452 183 495 221
sheep 0.0010 60 179 210 285
cow 0.0095 -6 203 192 395
cow 0.0064 39 186 515 411
cow 0.0019 -7 11 460 291
