person 0.9999 94 82 205 361
person 0.0014 268 332 367 497
chair 0.1497 227 223 358 357
chair 0.1243 245 269 363 372
chair 0.0678 276 327 371 500
chair 0.0122 263 289 368 351
chair 0.0050 236 220 352 268
chair 0.0031 348 244 373 283
chair 0.0030 258 308 366 409
chair 0.0024 340 241 373 268
chair 0.0013 281 230 373 367
chair 0.0011 325 225 367 241
chair 0.0010 259 341 324 401
chair 0.0010 314 205 370 244
sofa 0.8870 227 223 358 357
sofa 0.0471 245 269 363 372
sofa 0.0256 236 220 352 268
sofa 0.0057 276 327 371 500
sofa 0.0014 294 225 373 287
sofa 0.0012 288 215 374 344
sofa 0.0010 5 367 222 446
diningtable 0.2227 276 327 371 500
diningtable 0.0077 263 300 370 364
diningtable 0.0028 258 308 366 409
diningtable 0.0010 266 295 366 310
diningtable 0.0010 285 332 368 382
tvmonitor 0.0034 314 205 370 244
