person 0.7615 246 317 265 334
person 0.6060 179 260 191 277
person 0.5286 170 260 184 279
person 0.4496 141 272 158 313
person 0.1254 165 259 176 279
person 0.1168 158 216 177 247
person 0.0917 94 269 104 284
person 0.0802 88 268 97 283
person 0.0779 78 212 88 227
person 0.0439 390 91 404 100
person 0.0405 129 313 136 321
person 0.0335 73 31 494 286
person 0.0333 176 257 195 280
person 0.0309 83 210 94 227
person 0.0289 74 322 85 334
person 0.0267 152 270 163 285
person 0.0249 211 237 221 256
person 0.0231 132 312 142 320
person 0.0205 148 273 164 314
person 0.0149 149 216 168 247
person 0.0142 191 261 200 278
person 0.0105 137 277 145 291
person 0.0098 161 218 173 240
person 0.0094 169 226 180 246
person 0.0081 147 226 157 248
person 0.0072 168 261 183 306
person 0.0069 387 91 397 101
person 0.0060 142 277 155 295
person 0.0059 209 233 221 250
person 0.0058 85 208 93 217
person 0.0053 206 233 223 260
person 0.0049 254 212 260 228
person 0.0049 162 260 179 289
person 0.0046 155 218 165 239
person 0.0045 191 223 200 239
person 0.0045 69 214 79 226
person 0.0043 163 226 177 246
person 0.0043 189 265 203 303
person 0.0042 262 211 270 228
person 0.0042 78 208 97 231
person 0.0040 163 253 174 269
person 0.0037 152 276 162 293
person 0.0033 78 218 88 231
person 0.0027 328 93 341 112
person 0.0027 400 91 412 100
person 0.0027 104 270 111 283
person 0.0024 145 272 157 286
person 0.0023 0 311 7 334
person 0.0022 79 209 88 217
person 0.0022 163 216 172 228
person 0.0021 136 273 145 285
person 0.0021 268 213 276 226
person 0.0020 156 259 165 276
person 0.0020 135 258 143 273
person 0.0019 200 233 217 259
person 0.0019 402 261 416 271
person 0.0018 177 265 195 302
person 0.0017 198 257 207 277
person 0.0016 166 216 182 246
person 0.0015 154 216 162 228
person 0.0012 1 165 266 248
person 0.0012 203 233 215 249
person 0.0012 76 269 86 281
person 0.0011 186 222 193 237
person 0.0011 85 318 94 333
person 0.0010 208 237 223 276
person 0.0010 172 255 182 268
person 0.0010 144 221 178 249
car 0.0547 87 314 189 333
car 0.0067 -17 19 466 256
car 0.0039 61 208 97 231
car 0.0036 97 311 179 324
car 0.0028 71 174 89 180
car 0.0027 27 252 191 325
car 0.0024 75 313 245 337
car 0.0020 78 296 207 332
car 0.0013 143 281 195 310
car 0.0013 488 257 499 298
car 0.0013 493 203 499 215
car 0.0012 78 212 88 227
car 0.0010 36 261 133 321
aeroplane 0.9613 -4 11 478 261
aeroplane 0.0107 303 23 487 230
aeroplane 0.0052 307 42 486 142
aeroplane 0.0019 105 17 487 175
aeroplane 0.0012 39 52 301 270
bus 0.0045 301 255 489 335
bus 0.0035 41 249 210 324
bus 0.0029 0 165 83 178
boat 0.0014 -9 17 482 298
horse 0.0010 -30 18 478 295
sheep 0.0028 -9 17 482 298
cow 0.0056 -9 17 482 298
sofa 0.0016 -9 17 482 298
