person 0.0079 312 155 328 168
person 0.0067 151 97 491 286
person 0.0051 353 153 363 167
person 0.0049 255 154 270 168
person 0.0045 345 153 358 168
person 0.0034 458 157 472 169
person 0.0032 253 134 272 168
person 0.0030 403 153 414 168
person 0.0029 372 154 384 168
person 0.0028 251 154 263 167
person 0.0027 287 153 299 168
person 0.0026 226 152 240 165
person 0.0018 309 154 320 168
person 0.0016 221 152 235 167
person 0.0015 430 153 443 168
person 0.0015 395 153 407 168
person 0.0013 365 153 377 167
person 0.0012 449 156 461 169
person 0.0012 297 152 306 167
person 0.0011 267 152 276 167
person 0.0011 337 153 348 167
person 0.0010 201 147 213 168
car 0.0022 0 184 6 251
car 0.0018 0 194 2 242
car 0.0016 1 167 24 260
car 0.0011 0 169 9 230
car 0.0010 0 206 2 249
car 0.0010 1 185 4 214
bus 0.9998 26 89 488 286
bird 0.0027 370 2 373 4
