person 0.8766 34 31 93 188
person 0.7646 260 161 333 362
person 0.6625 286 140 331 233
person 0.5631 266 90 306 151
person 0.5026 78 30 119 186
person 0.2543 105 96 233 487
person 0.0836 297 177 334 253
person 0.0785 310 142 333 175
person 0.0394 269 144 311 226
person 0.0215 254 110 291 182
person 0.0108 248 87 306 202
person 0.0100 277 152 333 290
person 0.0083 275 98 303 140
person 0.0079 264 132 307 196
person 0.0071 92 33 112 73
person 0.0059 95 29 135 185
person 0.0050 277 226 330 367
person 0.0043 258 76 294 141
person 0.0042 263 166 327 238
person 0.0041 260 228 324 286
person 0.0041 303 189 327 243
person 0.0039 104 19 126 198
person 0.0038 256 142 294 222
person 0.0038 272 180 315 254
person 0.0036 120 114 268 372
person 0.0035 69 39 98 176
person 0.0033 308 143 335 226
person 0.0028 282 94 305 131
person 0.0026 293 280 329 351
person 0.0022 242 189 311 367
person 0.0022 86 31 115 106
person 0.0019 315 175 333 237
person 0.0019 276 139 335 190
person 0.0018 41 48 79 163
person 0.0018 270 277 319 355
person 0.0015 109 26 133 105
person 0.0014 243 147 276 214
person 0.0014 235 161 335 265
person 0.0011 306 129 328 169
person 0.0011 294 214 331 305
person 0.0011 308 173 326 219
person 0.0010 -1 152 78 280
bicycle 0.8772 0 398 44 495
bicycle 0.0849 255 129 293 198
bicycle 0.0286 2 370 76 499
bicycle 0.0282 269 144 311 226
bicycle 0.0178 260 136 317 191
bicycle 0.0173 249 105 305 223
bicycle 0.0162 269 150 305 186
bicycle 0.0108 255 150 276 185
bicycle 0.0106 263 132 328 240
bicycle 0.0081 259 162 294 234
bicycle 0.0076 255 142 301 178
bicycle 0.0069 298 366 332 460
bicycle 0.0040 175 221 331 442
bicycle 0.0032 243 133 277 196
bicycle 0.0032 266 98 306 187
bicycle 0.0031 100 141 234 487
bicycle 0.0026 296 312 330 446
bicycle 0.0022 0 342 107 479
bicycle 0.0020 -3 236 116 500
bicycle 0.0020 257 123 279 172
bicycle 0.0017 265 183 287 232
bicycle 0.0015 200 306 332 430
bicycle 0.0011 260 228 330 366
bicycle 0.0010 255 156 301 194
bicycle 0.0010 276 142 312 176
bicycle 0.0010 269 136 305 162
car 0.0086 200 306 332 430
car 0.0038 175 221 331 442
motorbike 0.8778 186 293 324 433
motorbike 0.4752 297 324 331 461
motorbike 0.0631 295 313 330 399
motorbike 0.0267 260 228 330 366
motorbike 0.0228 293 280 329 351
motorbike 0.0201 100 141 234 487
motorbike 0.0159 288 280 329 435
motorbike 0.0105 256 142 294 222
motorbike 0.0069 173 154 330 433
motorbike 0.0047 269 144 311 226
motorbike 0.0045 137 306 286 423
motorbike 0.0040 264 132 307 196
motorbike 0.0036 263 132 328 240
motorbike 0.0032 299 384 333 464
motorbike 0.0026 1 376 47 500
motorbike 0.0016 265 183 287 232
motorbike 0.0012 260 316 333 468
motorbike 0.0011 314 389 333 447
motorbike 0.0011 108 273 312 446
motorbike 0.0010 195 347 313 412
motorbike 0.0010 270 277 319 355
chair 0.0177 110 25 198 181
chair 0.0065 2 139 113 502
chair 0.0061 115 39 194 97
chair 0.0032 209 81 261 162
chair 0.0016 112 83 228 177
chair 0.0016 105 10 211 116
chair 0.0012 80 4 246 192
chair 0.0012 165 28 193 102
sofa 0.0013 1 135 113 445
diningtable 0.0019 2 139 113 502
diningtable 0.0015 0 267 113 384
