person 0.0483 123 128 203 191
person 0.0068 136 137 178 168
person 0.0062 162 124 207 192
person 0.0060 111 141 150 163
person 0.0057 252 186 264 199
person 0.0047 102 148 192 196
person 0.0028 113 119 177 169
person 0.0028 142 144 218 197
person 0.0026 178 123 219 191
person 0.0025 169 128 206 162
person 0.0025 93 133 162 184
person 0.0021 148 117 214 172
person 0.0021 240 125 273 193
person 0.0021 57 21 487 304
person 0.0016 170 116 232 170
person 0.0015 241 100 262 148
person 0.0015 0 256 5 357
person 0.0013 44 159 58 172
person 0.0013 0 177 3 206
person 0.0012 0 206 16 340
person 0.0011 491 211 500 229
person 0.0011 1 223 6 334
person 0.0010 284 109 304 138
person 0.0010 41 158 61 184
car 0.5689 491 211 500 229
car 0.0679 494 204 499 222
car 0.0360 490 191 500 232
car 0.0155 0 195 19 318
car 0.0145 493 220 498 234
car 0.0113 -1 167 26 260
car 0.0087 0 208 21 251
car 0.0070 494 190 498 215
car 0.0040 1 223 6 334
car 0.0035 0 229 15 355
car 0.0014 495 184 499 200
car 0.0011 479 205 496 238
bus 0.9997 14 13 483 336
bus 0.1155 -1 155 27 246
bus 0.0030 1 94 47 261
bus 0.0018 490 177 500 230
bus 0.0018 -1 189 23 278
bus 0.0012 491 211 500 229
bus 0.0012 1 97 27 225
train 0.1316 -1 155 27 246
train 0.0019 0 86 31 270
train 0.0018 -1 189 23 278
train 0.0012 27 -6 472 250
boat 0.0053 0 208 21 251
boat 0.0034 -1 167 26 260
boat 0.0012 0 195 19 318
diningtable 0.0055 25 92 481 334
