person 0.0586 411 187 426 202
person 0.0196 76 54 470 367
person 0.0092 479 187 490 199
person 0.0070 60 150 78 179
person 0.0054 260 90 333 142
person 0.0044 419 185 431 200
person 0.0036 434 183 444 200
person 0.0035 448 185 462 200
person 0.0025 409 181 429 205
person 0.0023 471 186 482 199
person 0.0019 439 186 453 201
person 0.0018 494 183 498 202
person 0.0017 63 160 77 178
person 0.0016 298 90 335 142
person 0.0015 245 123 284 142
car 0.7927 407 176 499 252
car 0.0267 76 54 470 367
car 0.0092 409 181 429 205
car 0.0069 411 187 426 202
car 0.0057 -3 82 109 291
car 0.0017 409 179 445 204
bus 0.9964 0 102 97 279
bus 0.7795 79 5 431 374
bus 0.1140 409 144 497 260
bus 0.0440 410 172 494 229
bus 0.0013 76 143 105 248
train 0.0548 409 144 497 260
train 0.0127 84 10 461 367
train 0.0030 410 172 494 229
train 0.0021 -3 82 109 291
