person 0.9956 214 75 298 174
person 0.9935 127 94 222 198
person 0.9863 262 106 495 333
person 0.9676 308 78 378 156
person 0.9407 18 118 170 350
person 0.3489 471 126 500 227
person 0.0585 30 120 143 260
person 0.0434 266 127 486 244
person 0.0192 0 105 5 203
person 0.0144 469 59 501 259
person 0.0143 476 138 499 289
person 0.0075 0 66 8 288
person 0.0055 0 168 100 348
person 0.0041 298 79 384 232
person 0.0036 385 118 505 358
person 0.0034 264 91 396 186
person 0.0034 0 113 3 251
person 0.0029 453 119 499 276
person 0.0026 0 129 1 197
person 0.0025 471 124 500 382
person 0.0025 0 30 9 210
person 0.0022 458 13 496 85
person 0.0021 469 14 498 148
person 0.0019 0 119 2 170
person 0.0016 469 75 499 163
person 0.0016 484 159 499 349
person 0.0016 352 198 382 219
person 0.0013 0 38 3 193
person 0.0012 326 89 416 147
person 0.0012 52 133 445 339
person 0.0010 3 160 25 273
boat 0.0013 64 166 384 355
bottle 0.9495 322 238 349 297
bottle 0.0129 343 242 362 276
bottle 0.0088 348 240 369 274
bottle 0.0055 352 203 370 214
bottle 0.0033 316 252 351 286
bottle 0.0032 347 257 358 274
bottle 0.0023 426 273 451 308
bottle 0.0019 254 190 298 200
bottle 0.0015 256 192 296 207
bottle 0.0013 354 240 369 255
bottle 0.0010 298 248 372 291
chair 0.7952 0 334 73 373
chair 0.7749 383 238 501 371
chair 0.6463 -5 182 117 349
chair 0.0688 472 129 500 261
chair 0.0677 1 247 91 371
chair 0.0608 11 143 178 360
chair 0.0224 379 321 495 373
chair 0.0194 0 184 61 359
chair 0.0164 385 118 505 358
chair 0.0151 0 174 48 258
chair 0.0136 17 249 165 357
chair 0.0113 129 100 205 185
chair 0.0113 5 282 89 347
chair 0.0081 383 171 498 288
chair 0.0077 482 150 499 319
chair 0.0048 19 162 167 280
chair 0.0048 442 153 500 355
chair 0.0045 490 192 499 249
chair 0.0044 14 245 112 298
chair 0.0044 0 294 71 366
chair 0.0038 135 274 167 299
chair 0.0036 14 297 178 373
chair 0.0034 295 141 497 364
chair 0.0029 114 158 128 205
chair 0.0028 412 258 494 326
chair 0.0028 0 105 5 203
chair 0.0022 494 205 499 235
chair 0.0020 45 272 129 320
chair 0.0019 47 276 90 355
chair 0.0019 0 125 2 180
chair 0.0019 484 207 499 379
chair 0.0018 493 198 498 225
chair 0.0016 438 246 499 375
chair 0.0016 215 79 298 161
chair 0.0015 209 141 218 166
chair 0.0015 471 124 500 382
chair 0.0013 14 126 128 257
chair 0.0012 115 120 160 194
chair 0.0012 3 160 25 273
chair 0.0012 163 277 205 342
chair 0.0012 0 113 3 251
chair 0.0011 160 272 176 327
chair 0.0011 0 144 1 201
chair 0.0010 453 119 499 276
chair 0.0010 0 66 8 288
chair 0.0010 79 269 171 318
sofa 0.0041 0 334 73 373
sofa 0.0025 387 154 506 371
sofa 0.0014 472 129 500 261
sofa 0.0012 382 283 497 373
sofa 0.0010 4 120 132 352
diningtable 0.8922 80 163 403 354
diningtable 0.0441 105 176 383 283
diningtable 0.0025 250 136 501 362
diningtable 0.0014 56 182 203 273
diningtable 0.0011 266 127 486 244
tvmonitor 0.0013 258 182 369 220
tvmonitor 0.0010 89 152 398 322
