person 0.0370 318 217 422 264
person 0.0178 298 221 421 332
person 0.0103 365 217 422 260
person 0.0021 44 112 56 123
person 0.0020 315 243 387 258
person 0.0016 65 111 74 125
person 0.0011 97 156 106 176
person 0.0010 98 163 103 178
person 0.0010 379 219 420 246
aeroplane 0.0012 255 111 314 123
bus 0.0024 72 147 113 191
bottle 0.0393 83 222 92 236
bottle 0.0217 379 182 391 224
bottle 0.0050 65 111 74 125
bottle 0.0018 84 218 93 230
chair 0.0941 302 228 421 364
chair 0.0375 226 297 315 378
chair 0.0244 32 241 265 366
chair 0.0044 0 210 28 301
chair 0.0012 151 258 340 363
sofa 0.9721 31 243 287 366
sofa 0.9520 302 228 421 364
sofa 0.0075 87 231 396 298
sofa 0.0057 151 258 340 363
sofa 0.0054 302 231 417 267
sofa 0.0042 54 237 280 311
sofa 0.0038 208 285 313 370
sofa 0.0015 365 217 422 260
sofa 0.0011 259 226 408 311
pottedplant 0.0068 342 201 363 223
pottedplant 0.0015 175 182 191 221
diningtable 0.0031 208 285 313 370
tvmonitor 0.8208 72 147 113 191
tvmonitor 0.1338 -3 122 45 208
tvmonitor 0.0032 89 151 111 189
tvmonitor 0.0028 0 210 28 301
tvmonitor 0.0011 483 81 500 233
