person 0.0025 0 227 10 392
person 0.0011 1 236 5 398
person 0.0011 447 207 501 378
person 0.0010 487 173 499 217
bottle 0.6185 369 262 430 362
bottle 0.0112 0 197 4 209
bottle 0.0027 295 230 312 256
bottle 0.0024 18 225 24 241
bottle 0.0015 423 353 444 374
bottle 0.0010 487 173 499 217
chair 0.0488 441 328 499 374
chair 0.0450 6 245 44 329
chair 0.0310 0 208 12 376
chair 0.0095 441 324 475 367
chair 0.0043 0 309 7 380
chair 0.0041 2 215 6 361
chair 0.0037 1 236 5 398
chair 0.0027 386 325 481 375
chair 0.0014 474 335 499 377
chair 0.0014 451 292 499 370
chair 0.0013 371 260 438 364
chair 0.0010 441 246 501 379
sofa 0.0084 441 328 499 374
sofa 0.0071 0 208 12 376
sofa 0.0020 6 245 44 329
sofa 0.0017 0 299 7 373
sofa 0.0012 441 246 501 379
pottedplant 0.0020 0 197 4 209
diningtable 0.7654 2 315 428 374
tvmonitor 0.9987 191 63 321 160
tvmonitor 0.0034 145 23 354 197
tvmonitor 0.0016 213 271 281 322
