person 0.5424 190 222 251 318
person 0.0159 393 275 402 284
person 0.0067 216 241 254 318
person 0.0059 192 224 248 275
person 0.0041 445 253 496 432
person 0.0030 192 244 225 315
person 0.0026 193 271 250 324
person 0.0025 416 282 437 312
person 0.0022 196 264 220 309
person 0.0012 4 146 50 341
person 0.0010 115 132 158 202
person 0.0010 419 283 433 295
car 0.0037 408 307 451 326
chair 0.0031 442 268 495 449
pottedplant 0.4537 239 154 318 231
pottedplant 0.1490 58 146 113 197
pottedplant 0.0575 377 280 399 312
pottedplant 0.0391 416 282 437 312
pottedplant 0.0277 48 143 116 234
pottedplant 0.0217 260 182 320 232
pottedplant 0.0164 111 122 152 150
pottedplant 0.0164 53 183 110 230
pottedplant 0.0119 338 279 410 330
pottedplant 0.0116 397 280 462 328
pottedplant 0.0106 378 281 397 297
pottedplant 0.0104 370 314 457 376
pottedplant 0.0090 409 283 431 312
pottedplant 0.0076 2 126 24 215
pottedplant 0.0062 339 298 361 333
pottedplant 0.0061 97 107 156 151
pottedplant 0.0060 377 282 418 313
pottedplant 0.0051 110 132 154 203
pottedplant 0.0047 408 307 451 326
pottedplant 0.0045 14 165 47 249
pottedplant 0.0044 337 307 412 373
pottedplant 0.0042 445 253 496 432
pottedplant 0.0042 419 283 433 295
pottedplant 0.0040 407 290 448 322
pottedplant 0.0039 332 278 469 365
pottedplant 0.0039 0 51 58 245
pottedplant 0.0037 3 131 52 322
pottedplant 0.0036 7 69 46 145
pottedplant 0.0036 152 100 200 128
pottedplant 0.0033 372 280 404 301
pottedplant 0.0029 375 287 489 407
pottedplant 0.0028 380 286 396 305
pottedplant 0.0026 242 166 286 198
pottedplant 0.0024 242 158 287 223
pottedplant 0.0023 411 289 424 306
pottedplant 0.0020 391 278 403 293
pottedplant 0.0019 345 296 439 344
pottedplant 0.0019 386 280 407 313
pottedplant 0.0019 392 297 467 341
pottedplant 0.0019 411 312 486 374
pottedplant 0.0017 255 143 327 266
pottedplant 0.0017 100 102 140 131
pottedplant 0.0016 376 273 411 329
pottedplant 0.0015 390 279 427 297
pottedplant 0.0014 455 265 497 340
pottedplant 0.0013 393 275 402 284
pottedplant 0.0012 243 147 311 199
pottedplant 0.0012 66 164 110 196
pottedplant 0.0012 212 118 362 219
pottedplant 0.0012 404 311 455 338
pottedplant 0.0012 324 294 394 347
pottedplant 0.0012 58 184 108 201
pottedplant 0.0011 358 291 400 321
pottedplant 0.0011 390 308 474 448
pottedplant 0.0010 72 143 90 158
