person 0.9974 120 22 373 299
person 0.7383 7 194 201 279
person 0.0127 -13 138 223 298
person 0.0055 -3 16 204 290
person 0.0042 27 83 334 278
person 0.0025 3 208 135 297
bottle 0.0153 279 329 353 366
bottle 0.0072 3 256 109 365
bottle 0.0020 0 286 22 376
bottle 0.0011 398 339 498 374
chair 0.4943 298 115 420 331
chair 0.2075 148 81 410 301
chair 0.0937 32 28 328 276
chair 0.0067 14 187 228 281
chair 0.0048 141 168 363 274
chair 0.0043 329 18 483 350
chair 0.0040 95 145 258 241
chair 0.0030 130 316 437 371
chair 0.0028 129 145 436 366
chair 0.0025 121 148 380 235
chair 0.0025 289 273 430 350
chair 0.0022 140 274 424 344
chair 0.0015 71 143 353 299
chair 0.0011 141 162 217 277
sofa 0.0047 68 38 427 324
sofa 0.0017 298 115 420 331
diningtable 0.0204 88 273 418 347
diningtable 0.0181 130 316 437 371
diningtable 0.0016 255 312 476 368
