cat 0.9448 60 116 437 253
cat 0.0084 216 148 427 244
cat 0.0036 202 130 448 331
cat 0.0023 134 187 359 273
cat 0.0017 71 100 483 353
dog 0.0027 54 126 444 234
chair 0.0028 17 121 432 335
chair 0.0026 0 -10 16 134
chair 0.0010 0 24 13 173
pottedplant 0.0029 35 101 459 282
diningtable 0.0407 42 108 449 342
diningtable 0.0030 382 108 502 367
diningtable 0.0014 0 131 270 334
diningtable 0.0012 8 305 315 369
tvmonitor 0.0203 376 137 502 368
tvmonitor 0.0028 17 121 432 335
tvmonitor 0.0010 334 204 450 335
