person 0.0132 206 -2 351 106
person 0.0054 141 -1 345 63
person 0.0053 231 -4 393 66
person 0.0053 289 4 356 132
person 0.0048 316 0 365 24
person 0.0037 324 0 376 15
person 0.0031 329 0 390 22
person 0.0029 244 -1 328 62
person 0.0029 279 0 370 54
person 0.0025 238 1 375 28
person 0.0021 316 3 381 128
person 0.0020 52 -2 337 98
person 0.0016 290 0 402 27
person 0.0015 296 0 347 25
person 0.0015 0 1 327 56
person 0.0015 339 0 400 14
person 0.0010 347 1 372 10
bicycle 0.0015 10 -2 314 97
bottle 0.0012 329 54 358 124
chair 0.0044 10 -2 314 97
pottedplant 0.9876 -12 27 396 472
pottedplant 0.8836 289 -22 402 423
pottedplant 0.0284 321 -2 402 134
pottedplant 0.0111 251 -1 382 112
pottedplant 0.0107 300 93 393 309
pottedplant 0.0092 325 28 406 262
pottedplant 0.0085 149 -55 410 414
pottedplant 0.0075 272 32 364 141
pottedplant 0.0058 5 -38 337 327
pottedplant 0.0048 323 16 360 122
pottedplant 0.0048 299 242 403 393
pottedplant 0.0047 318 1 405 60
pottedplant 0.0035 254 148 400 416
pottedplant 0.0026 2 226 330 489
pottedplant 0.0019 238 -21 396 225
pottedplant 0.0018 222 25 341 144
pottedplant 0.0012 159 -2 328 103
pottedplant 0.0012 329 54 358 124
pottedplant 0.0012 325 -45 431 401
pottedplant 0.0010 354 66 405 334
pottedplant 0.0010 10 -2 314 97
diningtable 0.0061 30 358 358 504
diningtable 0.0033 4 228 390 491
