person 0.9994 160 177 359 493
person 0.3413 18 245 40 269
person 0.0077 20 255 37 270
person 0.0066 0 249 39 274
person 0.0041 288 258 320 274
person 0.0034 8 243 48 314
person 0.0023 173 249 186 268
person 0.0022 28 246 40 268
person 0.0019 313 256 322 271
person 0.0018 32 257 40 271
person 0.0016 15 251 27 262
person 0.0014 26 247 44 276
person 0.0012 151 258 209 486
person 0.0011 14 256 29 269
bicycle 0.0018 162 296 222 490
bicycle 0.0010 166 293 363 493
car 0.0127 337 284 354 299
car 0.0099 143 248 320 483
car 0.0055 336 280 355 307
car 0.0048 340 293 355 308
car 0.0010 341 288 355 334
car 0.0010 337 281 354 292
motorbike 0.0044 166 293 363 493
aeroplane 0.0049 -17 -88 249 585
bus 0.0046 -18 -34 386 524
train 0.0196 -17 -88 249 585
boat 0.0038 -18 -34 386 524
boat 0.0030 143 248 320 483
cat 0.0022 169 324 220 498
bottle 0.0057 199 350 223 478
bottle 0.0053 184 407 212 495
bottle 0.0026 187 352 213 477
bottle 0.0015 159 265 222 481
bottle 0.0011 198 403 221 498
chair 0.7916 48 261 100 335
chair 0.6153 -1 303 49 486
chair 0.4734 99 264 148 337
chair 0.3173 2 268 53 406
chair 0.2811 149 258 213 456
chair 0.2679 164 241 361 484
chair 0.1480 127 258 241 487
chair 0.0968 8 268 49 334
chair 0.0343 174 258 231 272
chair 0.0324 158 260 226 374
chair 0.0286 346 413 378 500
chair 0.0243 24 285 56 388
chair 0.0185 16 248 39 273
chair 0.0149 103 261 164 368
chair 0.0146 51 263 146 335
chair 0.0142 38 256 183 495
chair 0.0138 139 256 190 489
chair 0.0120 8 243 48 314
chair 0.0105 20 255 37 270
chair 0.0068 15 303 60 512
chair 0.0063 0 275 18 309
chair 0.0051 2 309 34 438
chair 0.0048 150 269 217 329
chair 0.0040 32 257 40 271
chair 0.0040 33 258 95 407
chair 0.0040 189 270 334 371
chair 0.0040 162 261 230 307
chair 0.0038 197 389 348 492
chair 0.0037 9 396 39 498
chair 0.0035 156 270 200 364
chair 0.0032 0 307 23 478
chair 0.0031 52 260 150 407
chair 0.0029 169 324 220 498
chair 0.0029 144 262 173 336
chair 0.0023 14 256 29 269
chair 0.0021 144 285 174 387
chair 0.0020 173 252 188 269
chair 0.0020 30 310 55 476
chair 0.0017 148 265 162 321
chair 0.0016 177 263 228 278
chair 0.0015 291 262 320 272
chair 0.0014 187 262 321 295
chair 0.0013 160 319 191 432
chair 0.0013 162 266 180 279
chair 0.0012 296 258 363 492
chair 0.0012 33 265 44 280
chair 0.0012 154 266 312 335
chair 0.0011 0 250 17 278
chair 0.0010 8 335 36 485
chair 0.0010 98 269 213 384
chair 0.0010 88 263 119 333
chair 0.0010 -6 40 77 525
sofa 0.0241 -1 303 49 486
sofa 0.0149 164 241 361 484
sofa 0.0062 2 268 53 406
sofa 0.0036 127 258 241 487
sofa 0.0021 149 258 213 456
diningtable 0.0051 -1 303 49 486
diningtable 0.0034 159 265 222 481
diningtable 0.0013 164 241 361 484
tvmonitor 0.0014 127 258 241 487
tvmonitor 0.0010 59 108 154 153
