person 0.0019 -9 0 266 256
bicycle 0.0063 26 0 304 168
car 0.0017 27 5 302 217
cat 0.9043 30 52 275 191
cat 0.0389 18 13 318 246
chair 0.9367 18 13 318 246
chair 0.0276 289 7 347 128
chair 0.0223 -8 3 269 162
chair 0.0141 59 53 276 193
chair 0.0073 227 1 348 145
chair 0.0042 336 8 349 79
chair 0.0038 -1 4 291 80
chair 0.0031 338 0 349 141
chair 0.0024 270 -4 350 209
chair 0.0022 328 -8 350 150
chair 0.0021 312 17 350 175
chair 0.0014 303 0 348 92
sofa 0.6517 15 44 325 267
sofa 0.0260 26 0 304 168
sofa 0.0102 59 53 276 193
diningtable 0.0056 290 3 346 116
diningtable 0.0037 15 44 325 267
diningtable 0.0017 311 10 350 155
