person 0.0073 298 250 348 329
car 0.0032 456 169 478 177
car 0.0023 453 167 496 178
car 0.0011 462 168 486 175
boat 0.0278 160 164 236 180
boat 0.0131 350 149 386 169
boat 0.0041 94 138 189 177
boat 0.0040 246 152 319 172
boat 0.0024 0 150 23 157
boat 0.0024 358 156 380 167
boat 0.0024 343 142 381 167
boat 0.0024 307 164 356 174
boat 0.0021 251 161 314 176
boat 0.0016 311 165 333 172
boat 0.0016 466 140 499 161
boat 0.0015 320 167 342 173
boat 0.0014 233 164 257 174
boat 0.0013 328 167 353 172
boat 0.0013 155 138 246 179
boat 0.0011 310 156 353 171
boat 0.0011 351 155 369 165
boat 0.0011 0 149 11 156
