person 0.7988 276 33 311 85
person 0.7630 245 36 287 90
person 0.1915 489 131 499 178
person 0.0320 391 172 412 199
person 0.0245 494 139 500 167
person 0.0197 490 136 499 208
person 0.0145 483 123 500 229
person 0.0132 445 95 499 259
person 0.0116 495 148 499 176
person 0.0097 478 141 498 182
person 0.0082 451 136 498 214
person 0.0071 48 200 95 295
person 0.0064 0 217 3 239
person 0.0045 495 134 499 156
person 0.0045 494 159 498 183
person 0.0041 239 36 290 153
person 0.0039 479 166 488 179
person 0.0037 392 183 408 200
person 0.0035 56 196 70 209
person 0.0033 244 40 306 110
person 0.0033 282 33 306 63
person 0.0031 286 47 312 81
person 0.0030 64 197 78 210
person 0.0028 357 153 364 175
person 0.0026 288 163 299 184
person 0.0023 243 169 252 196
person 0.0023 153 183 336 264
person 0.0022 493 88 500 184
person 0.0022 92 186 105 203
person 0.0022 51 196 72 228
person 0.0020 0 197 2 226
person 0.0019 367 152 375 174
person 0.0019 245 35 267 81
person 0.0019 40 203 49 218
person 0.0018 487 102 499 328
person 0.0016 45 201 56 220
person 0.0015 298 164 307 181
person 0.0015 281 133 314 188
person 0.0015 373 153 379 173
person 0.0015 112 178 127 190
person 0.0014 165 182 187 208
person 0.0013 123 155 297 236
person 0.0013 244 165 263 198
person 0.0012 0 186 4 293
person 0.0012 286 31 303 42
person 0.0012 470 77 498 395
person 0.0011 472 166 482 182
person 0.0011 86 186 100 202
person 0.0011 163 181 208 209
person 0.0011 285 157 302 186
person 0.0011 188 146 377 226
person 0.0011 0 178 5 245
person 0.0010 71 196 88 209
person 0.0010 188 186 203 200
person 0.0010 448 132 499 375
person 0.0010 105 178 118 190
bicycle 0.0031 448 216 499 369
bicycle 0.0016 0 217 3 239
car 0.0158 81 188 212 319
car 0.0089 0 213 3 233
car 0.0060 47 206 114 294
car 0.0038 33 219 49 237
car 0.0024 19 218 32 230
car 0.0019 43 193 152 306
car 0.0018 445 95 499 259
car 0.0016 442 166 499 221
car 0.0015 5 218 20 229
car 0.0015 0 197 2 226
car 0.0012 157 183 265 276
bus 0.0040 445 95 499 259
dog 0.0017 391 172 412 199
horse 0.9792 101 188 232 326
horse 0.9424 47 196 114 299
horse 0.2089 174 177 260 298
horse 0.0449 163 185 208 214
horse 0.0404 73 188 108 213
horse 0.0393 161 184 246 252
horse 0.0336 180 200 259 262
horse 0.0336 85 194 122 274
horse 0.0310 70 178 139 299
horse 0.0261 145 181 191 208
horse 0.0185 90 186 161 314
horse 0.0173 108 185 129 219
horse 0.0139 100 180 141 254
horse 0.0123 88 185 131 217
horse 0.0116 165 182 187 208
horse 0.0107 129 179 202 217
horse 0.0100 74 178 108 254
horse 0.0078 102 186 182 242
horse 0.0078 148 178 217 303
horse 0.0069 162 182 204 250
horse 0.0068 44 200 62 238
horse 0.0064 132 180 169 208
horse 0.0064 43 197 80 227
horse 0.0060 103 185 120 220
horse 0.0049 33 219 49 237
horse 0.0046 87 179 159 219
horse 0.0045 51 186 120 246
horse 0.0044 46 186 81 249
horse 0.0044 33 202 70 236
horse 0.0043 159 181 179 208
horse 0.0040 34 206 52 237
horse 0.0039 109 187 147 215
horse 0.0038 64 197 78 210
horse 0.0036 90 189 106 209
horse 0.0032 102 179 138 207
horse 0.0030 71 196 88 209
horse 0.0029 176 183 217 250
horse 0.0028 98 205 117 255
horse 0.0026 87 198 158 266
horse 0.0025 93 206 110 255
horse 0.0024 81 180 120 208
horse 0.0022 40 199 67 277
horse 0.0017 56 196 70 209
horse 0.0017 35 215 49 231
horse 0.0016 139 185 162 212
horse 0.0016 107 201 144 301
horse 0.0016 161 184 175 202
horse 0.0016 147 191 180 276
horse 0.0016 124 181 162 252
horse 0.0014 45 201 56 220
horse 0.0014 160 182 235 221
horse 0.0014 60 197 104 223
horse 0.0014 112 184 128 198
horse 0.0013 90 190 111 230
horse 0.0012 152 190 167 209
horse 0.0012 86 186 100 202
horse 0.0010 185 187 206 214
horse 0.0010 122 243 161 310
horse 0.0010 54 201 69 218
horse 0.0010 52 193 93 213
cow 0.0038 47 196 114 299
cow 0.0012 81 188 212 319
chair 0.0018 33 219 49 237
chair 0.0017 392 183 408 200
chair 0.0015 20 220 33 235
