person 0.9994 190 92 296 365
person 0.9983 274 18 437 381
person 0.9925 22 51 196 368
person 0.0105 317 147 367 181
person 0.0092 0 247 24 337
person 0.0024 0 216 5 302
person 0.0024 0 193 19 322
person 0.0019 339 146 363 180
person 0.0013 28 213 103 337
person 0.0012 0 290 28 372
person 0.0011 276 134 284 150
person 0.0011 1 249 12 307
bottle 0.0464 29 257 41 301
bottle 0.0050 30 265 37 295
bottle 0.0030 26 313 47 337
bottle 0.0021 45 302 67 337
bottle 0.0018 31 272 39 299
chair 0.0678 0 247 24 337
chair 0.0112 30 257 50 302
chair 0.0098 1 249 12 307
chair 0.0083 28 249 61 306
chair 0.0075 3 257 43 329
chair 0.0068 0 234 8 305
chair 0.0057 0 242 2 277
chair 0.0046 0 290 28 372
chair 0.0044 0 256 21 302
chair 0.0043 181 134 307 365
chair 0.0043 0 193 19 322
chair 0.0039 28 250 100 305
chair 0.0038 30 266 42 303
chair 0.0022 1 261 10 332
chair 0.0022 0 355 48 375
chair 0.0021 0 289 33 324
chair 0.0019 26 246 40 298
chair 0.0017 0 278 25 316
chair 0.0017 184 232 207 362
chair 0.0013 3 249 89 378
chair 0.0010 11 261 86 327
sofa 0.1788 0 247 24 337
sofa 0.0163 3 257 43 329
sofa 0.0097 1 249 12 307
sofa 0.0075 0 245 57 378
sofa 0.0057 0 193 19 322
sofa 0.0049 0 234 8 305
sofa 0.0048 181 134 307 365
sofa 0.0038 29 261 102 321
sofa 0.0037 0 256 21 302
sofa 0.0035 0 290 28 372
sofa 0.0027 29 258 61 324
sofa 0.0025 2 261 95 363
sofa 0.0021 0 200 31 386
sofa 0.0020 77 256 355 359
sofa 0.0019 1 285 63 339
sofa 0.0018 -2 247 56 309
sofa 0.0015 30 257 50 302
sofa 0.0013 25 255 227 353
sofa 0.0012 0 278 25 316
sofa 0.0012 0 289 33 324
sofa 0.0011 1 261 10 332
sofa 0.0010 42 300 382 363
pottedplant 0.0010 0 242 2 277
diningtable 0.1201 5 305 85 363
diningtable 0.0037 10 293 81 343
diningtable 0.0035 0 271 61 383
diningtable 0.0020 0 319 68 374
diningtable 0.0016 2 261 95 363
diningtable 0.0015 20 255 190 358
diningtable 0.0013 0 290 28 372
diningtable 0.0010 0 262 23 312
