person 0.0034 18 209 207 376
bird 0.0042 172 161 265 236
cat 0.0036 185 60 308 233
cat 0.0029 153 140 278 241
bottle 0.0016 127 66 311 226
bottle 0.0012 136 64 226 208
chair 0.9246 213 265 426 344
chair 0.0101 175 327 502 374
chair 0.0065 406 207 501 337
chair 0.0045 205 181 436 339
chair 0.0037 4 326 65 371
chair 0.0020 410 226 501 275
pottedplant 0.2986 20 183 234 369
pottedplant 0.0449 164 51 324 241
pottedplant 0.0120 84 35 484 329
pottedplant 0.0082 199 60 306 186
pottedplant 0.0051 31 48 243 342
pottedplant 0.0012 81 67 269 224
pottedplant 0.0010 153 140 278 241
diningtable 0.2897 190 333 513 372
diningtable 0.0378 4 326 65 371
diningtable 0.0210 17 342 490 385
diningtable 0.0202 199 352 509 373
diningtable 0.0164 -10 326 448 375
diningtable 0.0013 84 35 484 329
diningtable 0.0012 18 209 207 376
