person 0.1143 449 161 460 182
person 0.0468 256 119 274 149
person 0.0420 257 125 271 145
person 0.0293 255 135 279 174
person 0.0064 258 134 271 150
person 0.0057 247 109 281 170
person 0.0032 0 282 11 330
person 0.0030 259 129 283 162
person 0.0021 449 161 464 200
person 0.0018 223 123 231 142
person 0.0016 0 293 4 322
person 0.0013 0 285 22 372
person 0.0011 0 283 4 313
car 0.0089 64 169 98 199
car 0.0041 119 250 210 376
bus 0.0230 42 210 224 374
bus 0.0114 104 242 221 370
train 0.0032 42 210 224 374
train 0.0024 119 250 210 376
boat 0.0203 116 232 212 362
boat 0.0174 42 210 224 374
boat 0.0012 125 256 201 321
bottle 0.0050 297 281 307 299
bottle 0.0044 308 280 318 298
chair 0.6932 321 213 395 291
chair 0.6351 290 185 335 251
chair 0.4889 250 182 294 246
chair 0.1838 280 164 303 185
chair 0.1803 299 187 340 213
chair 0.1560 67 234 224 362
chair 0.1008 255 146 280 178
chair 0.0987 246 168 311 227
chair 0.0914 248 160 281 180
chair 0.0551 198 187 240 249
chair 0.0454 180 160 201 185
chair 0.0400 275 165 309 197
chair 0.0377 182 173 198 187
chair 0.0375 294 186 378 247
chair 0.0358 267 215 392 313
chair 0.0329 299 188 410 275
chair 0.0309 239 167 255 177
chair 0.0278 220 181 259 248
chair 0.0253 119 250 210 376
chair 0.0242 184 168 220 229
chair 0.0238 181 165 199 179
chair 0.0233 184 173 206 212
chair 0.0207 206 175 280 246
chair 0.0206 288 176 346 224
chair 0.0197 243 165 260 178
chair 0.0186 371 168 409 225
chair 0.0171 453 178 486 252
chair 0.0159 357 172 380 208
chair 0.0153 206 167 222 176
chair 0.0150 243 161 316 199
chair 0.0142 218 166 234 174
chair 0.0124 297 173 311 188
chair 0.0121 197 172 216 212
chair 0.0121 185 169 306 258
chair 0.0115 246 246 354 353
chair 0.0115 261 153 298 211
chair 0.0112 314 169 329 190
chair 0.0106 349 221 393 320
chair 0.0103 180 166 200 198
chair 0.0095 283 167 306 212
chair 0.0093 199 167 215 176
chair 0.0080 180 182 199 223
chair 0.0080 337 180 404 298
chair 0.0077 253 202 291 238
chair 0.0076 256 157 272 173
chair 0.0068 338 210 404 266
chair 0.0067 204 174 226 210
chair 0.0066 188 171 254 226
chair 0.0066 291 167 313 195
chair 0.0063 226 167 241 175
chair 0.0062 266 161 278 180
chair 0.0060 286 201 322 254
chair 0.0059 212 137 446 327
chair 0.0057 282 160 318 186
chair 0.0053 183 183 226 250
chair 0.0047 297 166 309 184
chair 0.0047 408 220 487 366
chair 0.0044 252 297 341 366
chair 0.0042 357 191 376 208
chair 0.0042 277 164 290 181
chair 0.0040 293 169 330 195
chair 0.0039 188 165 203 177
chair 0.0039 285 186 323 217
chair 0.0039 54 195 213 280
chair 0.0038 292 208 316 250
chair 0.0038 213 191 235 232
chair 0.0036 311 172 395 224
chair 0.0036 387 173 408 214
chair 0.0035 215 167 273 182
chair 0.0035 219 142 296 250
chair 0.0035 375 220 405 288
chair 0.0034 255 130 288 183
chair 0.0034 285 185 349 291
chair 0.0033 213 172 234 210
chair 0.0030 180 161 198 171
chair 0.0030 184 149 220 208
chair 0.0028 340 218 404 357
chair 0.0028 339 190 406 243
chair 0.0027 461 207 488 255
chair 0.0026 260 175 307 205
chair 0.0026 170 164 200 227
chair 0.0025 185 190 205 230
chair 0.0024 358 168 399 199
chair 0.0023 233 182 254 224
chair 0.0022 289 174 313 209
chair 0.0022 189 184 203 199
chair 0.0021 197 170 237 194
chair 0.0020 456 179 490 209
chair 0.0020 267 156 279 173
chair 0.0019 221 140 295 182
chair 0.0019 314 211 333 248
chair 0.0018 303 174 315 189
chair 0.0018 200 145 238 210
chair 0.0018 269 249 353 303
chair 0.0018 277 153 285 174
chair 0.0017 199 174 213 187
chair 0.0017 235 165 255 201
chair 0.0017 283 175 302 186
chair 0.0017 367 168 386 201
chair 0.0017 225 156 430 233
sofa 0.0076 408 220 487 366
sofa 0.0045 104 242 221 370
sofa 0.0039 246 246 354 353
sofa 0.0038 267 215 392 313
sofa 0.0024 252 297 341 366
sofa 0.0022 320 200 395 311
sofa 0.0016 453 178 486 252
sofa 0.0015 42 210 224 374
sofa 0.0015 286 187 344 248
sofa 0.0010 288 176 346 224
pottedplant 0.4477 203 144 233 168
pottedplant 0.1233 453 178 486 252
pottedplant 0.0972 26 158 62 230
pottedplant 0.0904 177 185 237 249
pottedplant 0.0677 101 143 137 217
pottedplant 0.0562 164 65 193 140
pottedplant 0.0517 207 156 225 169
pottedplant 0.0461 180 160 201 185
pottedplant 0.0445 -2 248 127 367
pottedplant 0.0436 13 143 53 216
pottedplant 0.0387 167 125 181 142
pottedplant 0.0368 180 161 198 171
pottedplant 0.0351 165 119 184 151
pottedplant 0.0302 169 69 191 102
pottedplant 0.0291 207 147 228 163
pottedplant 0.0290 163 89 194 186
pottedplant 0.0231 11 118 75 236
pottedplant 0.0227 184 168 220 229
pottedplant 0.0215 219 159 231 171
pottedplant 0.0211 213 146 234 174
pottedplant 0.0199 187 161 204 170
pottedplant 0.0199 200 198 238 263
pottedplant 0.0189 449 178 489 210
pottedplant 0.0189 28 152 104 209
pottedplant 0.0187 217 145 231 164
pottedplant 0.0174 201 148 210 162
pottedplant 0.0149 200 157 211 170
pottedplant 0.0142 197 202 233 238
pottedplant 0.0139 179 151 200 178
pottedplant 0.0123 66 144 103 213
pottedplant 0.0118 181 165 199 179
pottedplant 0.0117 -14 214 224 379
pottedplant 0.0104 202 133 238 185
pottedplant 0.0103 188 165 203 177
pottedplant 0.0099 359 169 382 200
pottedplant 0.0092 50 144 86 212
pottedplant 0.0078 447 200 462 245
pottedplant 0.0077 247 109 281 170
pottedplant 0.0075 261 69 332 175
pottedplant 0.0075 34 169 55 213
pottedplant 0.0073 103 117 121 148
pottedplant 0.0073 199 167 215 176
pottedplant 0.0069 199 167 239 232
pottedplant 0.0067 259 86 297 157
pottedplant 0.0066 23 166 61 202
pottedplant 0.0066 255 135 279 174
pottedplant 0.0065 292 97 331 177
pottedplant 0.0062 64 169 98 199
pottedplant 0.0060 157 68 203 210
pottedplant 0.0058 112 169 133 218
pottedplant 0.0058 74 123 136 235
pottedplant 0.0051 12 171 34 213
pottedplant 0.0051 180 182 199 223
pottedplant 0.0049 93 156 129 225
pottedplant 0.0049 94 126 128 199
pottedplant 0.0047 451 103 492 178
pottedplant 0.0044 311 156 330 190
pottedplant 0.0042 182 146 192 161
pottedplant 0.0040 200 145 238 210
pottedplant 0.0040 198 148 215 176
pottedplant 0.0039 38 178 62 221
pottedplant 0.0039 185 190 205 230
pottedplant 0.0039 34 121 53 151
pottedplant 0.0037 189 152 226 174
pottedplant 0.0037 0 282 11 330
pottedplant 0.0036 280 83 323 162
pottedplant 0.0036 195 138 285 181
pottedplant 0.0035 449 161 464 200
pottedplant 0.0035 184 149 220 208
pottedplant 0.0034 163 103 179 148
pottedplant 0.0033 450 148 488 213
pottedplant 0.0033 24 120 64 208
pottedplant 0.0032 256 107 274 145
pottedplant 0.0032 48 163 122 219
pottedplant 0.0031 448 186 466 237
pottedplant 0.0030 170 164 200 227
pottedplant 0.0030 34 175 70 208
pottedplant 0.0028 441 162 472 237
pottedplant 0.0028 155 74 187 163
pottedplant 0.0027 181 158 317 241
pottedplant 0.0026 25 137 148 240
pottedplant 0.0026 213 191 235 232
pottedplant 0.0025 0 285 22 372
pottedplant 0.0025 167 91 182 140
pottedplant 0.0025 197 158 216 187
pottedplant 0.0024 31 123 100 236
pottedplant 0.0024 285 74 344 200
pottedplant 0.0023 184 167 250 264
pottedplant 0.0022 217 126 232 165
pottedplant 0.0020 196 203 217 236
pottedplant 0.0020 414 179 485 248
pottedplant 0.0019 179 141 197 170
pottedplant 0.0019 10 170 23 214
pottedplant 0.0019 161 166 179 220
pottedplant 0.0018 313 155 328 171
pottedplant 0.0018 108 143 127 182
pottedplant 0.0017 394 168 472 228
pottedplant 0.0017 184 101 323 195
pottedplant 0.0017 357 49 420 188
pottedplant 0.0017 110 124 124 144
diningtable 0.2576 208 176 281 191
diningtable 0.2507 408 220 487 366
diningtable 0.1491 206 172 280 227
diningtable 0.0317 246 246 354 353
diningtable 0.0228 206 162 308 196
diningtable 0.0212 214 177 276 201
diningtable 0.0172 226 180 293 248
diningtable 0.0142 200 171 250 191
diningtable 0.0096 202 167 246 181
diningtable 0.0086 181 165 199 179
diningtable 0.0086 255 249 346 305
diningtable 0.0068 215 167 273 182
diningtable 0.0063 246 168 311 227
diningtable 0.0060 233 172 293 192
diningtable 0.0048 182 173 198 187
diningtable 0.0037 253 160 292 182
diningtable 0.0032 220 181 259 248
diningtable 0.0032 234 164 279 181
diningtable 0.0025 180 160 201 185
diningtable 0.0024 206 167 222 176
diningtable 0.0023 218 166 234 174
diningtable 0.0022 183 165 227 181
diningtable 0.0022 321 213 395 291
diningtable 0.0019 119 250 210 376
diningtable 0.0019 456 179 490 209
diningtable 0.0018 183 156 258 199
diningtable 0.0018 181 158 317 241
diningtable 0.0017 282 178 323 207
diningtable 0.0016 260 175 307 205
diningtable 0.0016 199 167 215 176
diningtable 0.0016 249 147 282 179
diningtable 0.0016 195 138 285 181
diningtable 0.0015 212 176 237 184
diningtable 0.0015 180 161 198 171
diningtable 0.0015 366 169 410 197
diningtable 0.0013 204 145 281 250
diningtable 0.0012 185 171 226 194
diningtable 0.0011 237 177 291 205
diningtable 0.0011 188 165 203 177
diningtable 0.0011 239 167 255 177
