person 0.0482 214 277 224 304
person 0.0107 432 112 442 120
person 0.0081 -10 14 458 311
person 0.0064 142 266 182 324
person 0.0040 471 115 480 122
person 0.0033 455 280 471 294
person 0.0024 493 112 499 121
car 0.1341 174 273 216 305
car 0.0458 454 114 475 122
car 0.0316 493 112 499 121
car 0.0304 456 118 475 124
car 0.0191 432 112 442 120
car 0.0166 370 112 388 122
car 0.0161 448 118 466 124
car 0.0124 438 115 451 122
car 0.0122 447 115 468 122
car 0.0105 471 115 480 122
car 0.0105 27 296 465 380
car 0.0100 52 7 506 316
car 0.0087 470 118 478 123
car 0.0067 436 113 478 123
car 0.0057 481 114 492 122
car 0.0056 441 118 452 123
car 0.0048 170 271 206 293
car 0.0039 494 116 499 129
car 0.0033 142 267 218 316
car 0.0031 340 104 359 112
car 0.0026 348 109 389 123
car 0.0024 419 114 440 121
car 0.0023 306 184 336 192
car 0.0021 336 110 347 118
car 0.0019 442 116 486 125
car 0.0017 340 107 359 116
car 0.0017 35 269 463 348
car 0.0017 430 118 445 124
car 0.0014 481 119 489 123
car 0.0011 361 111 382 121
motorbike 0.0024 10 73 479 359
aeroplane 0.9871 -16 19 468 336
aeroplane 0.0661 1 95 31 115
aeroplane 0.0116 0 85 32 111
aeroplane 0.0066 0 70 32 130
aeroplane 0.0052 0 99 11 112
aeroplane 0.0038 1 109 9 119
aeroplane 0.0036 130 108 168 126
aeroplane 0.0015 0 89 15 122
aeroplane 0.0014 10 101 33 110
aeroplane 0.0014 1 82 24 93
aeroplane 0.0013 0 101 32 123
aeroplane 0.0013 348 109 389 123
aeroplane 0.0012 0 73 23 103
aeroplane 0.0011 135 116 158 127
aeroplane 0.0011 134 112 161 124
aeroplane 0.0010 3 108 22 118
aeroplane 0.0010 1 89 8 105
train 0.0028 52 7 506 316
bird 0.0012 10 73 479 359
sheep 0.0035 52 7 506 316
cow 0.0131 52 7 506 316
sofa 0.0040 10 73 479 359
diningtable 0.0340 -17 67 465 365
tvmonitor 0.0012 10 73 479 359
