person 0.0402 340 171 374 235
person 0.0021 256 150 289 183
person 0.0012 357 96 369 114
bicycle 0.0165 256 150 289 183
bird 0.0011 256 150 289 183
cat 0.0060 110 168 163 197
cat 0.0010 429 292 470 320
bottle 0.1325 290 197 295 210
bottle 0.1038 270 195 276 208
bottle 0.0093 261 195 268 207
bottle 0.0089 255 192 260 207
bottle 0.0062 432 103 436 121
bottle 0.0057 261 187 267 201
bottle 0.0046 256 187 260 203
bottle 0.0044 316 198 321 210
bottle 0.0040 425 102 430 122
bottle 0.0037 129 114 137 137
bottle 0.0032 114 128 121 137
bottle 0.0028 127 91 137 140
bottle 0.0026 298 103 312 144
bottle 0.0026 289 202 297 212
bottle 0.0020 128 127 137 137
bottle 0.0020 268 186 278 200
bottle 0.0017 124 196 134 211
bottle 0.0010 129 156 135 169
bottle 0.0010 111 128 117 136
chair 0.6807 419 240 498 384
chair 0.3929 338 176 371 245
chair 0.1697 11 247 266 358
chair 0.0404 476 256 500 373
chair 0.0325 0 275 25 351
chair 0.0266 216 206 235 230
chair 0.0237 426 296 502 371
chair 0.0152 256 179 290 207
chair 0.0110 338 190 361 234
chair 0.0092 109 169 167 216
chair 0.0080 323 183 360 245
chair 0.0074 315 200 321 217
chair 0.0057 0 216 20 332
chair 0.0052 335 195 352 228
chair 0.0045 91 226 252 314
chair 0.0042 0 290 14 346
chair 0.0035 0 242 9 296
chair 0.0034 285 190 320 215
chair 0.0034 167 205 199 222
chair 0.0030 110 168 157 194
chair 0.0030 334 196 369 263
chair 0.0028 326 173 390 229
chair 0.0028 337 174 360 208
chair 0.0025 476 319 498 372
chair 0.0023 458 259 497 369
chair 0.0023 339 210 359 250
chair 0.0022 372 202 394 238
chair 0.0022 215 205 253 232
chair 0.0022 345 165 412 228
chair 0.0018 315 196 325 240
chair 0.0017 0 169 54 335
chair 0.0016 1 243 51 293
chair 0.0015 492 311 499 380
chair 0.0015 336 197 351 212
chair 0.0013 255 155 289 185
chair 0.0013 272 189 362 236
chair 0.0012 297 168 326 193
chair 0.0012 353 178 393 243
chair 0.0011 0 249 46 336
chair 0.0011 347 174 355 190
chair 0.0011 340 174 375 206
chair 0.0011 305 199 323 239
chair 0.0011 285 170 322 227
chair 0.0010 221 207 230 229
chair 0.0010 0 250 6 269
chair 0.0010 337 184 369 220
chair 0.0010 106 148 146 213
sofa 0.8553 11 247 266 358
sofa 0.0258 338 176 371 245
sofa 0.0086 102 156 161 206
sofa 0.0083 110 168 163 197
sofa 0.0049 258 183 336 219
sofa 0.0047 0 244 23 343
sofa 0.0037 338 190 361 234
sofa 0.0030 73 229 212 315
sofa 0.0024 256 179 290 207
sofa 0.0022 337 174 360 208
sofa 0.0017 272 189 362 236
sofa 0.0016 345 165 412 228
sofa 0.0015 238 194 328 235
sofa 0.0012 337 184 369 220
sofa 0.0012 285 190 320 215
sofa 0.0011 -14 255 132 350
pottedplant 0.8952 372 163 409 229
pottedplant 0.6273 2 169 55 227
pottedplant 0.1157 0 167 56 299
pottedplant 0.0549 256 179 290 207
pottedplant 0.0367 255 155 289 185
pottedplant 0.0358 3 228 48 288
pottedplant 0.0186 257 149 291 206
pottedplant 0.0089 340 171 374 235
pottedplant 0.0059 -2 96 59 259
pottedplant 0.0057 144 129 155 137
pottedplant 0.0057 268 186 278 200
pottedplant 0.0054 270 195 276 208
pottedplant 0.0046 290 197 295 210
pottedplant 0.0045 127 91 137 140
pottedplant 0.0039 378 172 399 227
pottedplant 0.0037 353 178 393 243
pottedplant 0.0037 0 216 20 332
pottedplant 0.0035 255 171 289 196
pottedplant 0.0032 0 170 22 261
pottedplant 0.0028 343 150 411 247
pottedplant 0.0023 372 202 394 238
pottedplant 0.0020 266 166 280 180
pottedplant 0.0019 192 69 227 103
pottedplant 0.0019 257 177 274 208
pottedplant 0.0019 0 242 9 296
pottedplant 0.0019 261 187 267 201
pottedplant 0.0018 0 250 6 269
pottedplant 0.0017 278 185 285 200
pottedplant 0.0016 0 203 10 276
pottedplant 0.0016 128 127 137 137
pottedplant 0.0015 0 136 30 369
pottedplant 0.0014 0 195 11 247
pottedplant 0.0013 258 165 272 179
pottedplant 0.0010 131 128 140 136
pottedplant 0.0010 251 143 280 211
pottedplant 0.0010 252 95 264 140
pottedplant 0.0010 -1 78 13 275
diningtable 0.0169 0 275 25 351
diningtable 0.0100 428 251 501 378
diningtable 0.0069 111 220 300 320
diningtable 0.0065 476 256 500 373
diningtable 0.0043 259 192 332 233
diningtable 0.0037 55 245 279 354
diningtable 0.0035 267 201 319 218
diningtable 0.0021 74 187 342 345
diningtable 0.0015 285 190 320 215
diningtable 0.0015 216 206 235 230
diningtable 0.0014 81 189 343 266
diningtable 0.0011 122 198 161 218
diningtable 0.0011 2 264 99 328
diningtable 0.0010 253 191 294 210
diningtable 0.0010 292 206 316 214
diningtable 0.0010 167 191 233 229
tvmonitor 0.0271 110 168 163 197
tvmonitor 0.0060 102 156 161 206
tvmonitor 0.0019 183 179 225 217
