person 0.0472 18 144 64 223
person 0.0112 302 103 318 129
person 0.0048 27 140 55 189
person 0.0020 241 156 321 235
bird 0.0048 168 69 181 79
bird 0.0029 155 66 182 80
bird 0.0013 146 54 176 82
bird 0.0013 289 55 318 92
cat 0.0018 55 150 103 175
bottle 0.0013 302 103 318 129
chair 0.2024 192 120 234 158
chair 0.0463 167 149 304 227
chair 0.0394 241 156 321 235
chair 0.0186 47 166 127 218
chair 0.0107 197 123 227 148
chair 0.0104 178 115 252 165
chair 0.0044 180 111 201 157
chair 0.0044 299 98 319 133
chair 0.0039 228 114 255 162
chair 0.0025 50 144 123 203
chair 0.0025 225 141 248 163
chair 0.0021 21 180 64 223
chair 0.0019 200 132 255 164
chair 0.0015 17 159 108 221
chair 0.0013 285 202 319 237
chair 0.0012 230 225 320 240
chair 0.0010 239 117 285 159
chair 0.0010 264 137 315 164
chair 0.0010 162 142 259 209
sofa 0.5753 167 149 304 227
sofa 0.4185 241 156 321 235
sofa 0.0185 192 120 234 158
sofa 0.0145 47 166 127 218
sofa 0.0047 183 114 278 164
sofa 0.0025 17 159 108 221
sofa 0.0023 148 155 236 220
sofa 0.0022 162 142 259 209
sofa 0.0017 279 167 319 235
sofa 0.0016 200 132 255 164
sofa 0.0012 168 83 309 219
sofa 0.0012 263 145 317 180
pottedplant 0.0804 238 111 262 161
pottedplant 0.0251 198 119 254 162
pottedplant 0.0158 228 114 255 162
pottedplant 0.0151 120 58 147 81
pottedplant 0.0142 183 97 196 111
pottedplant 0.0096 198 120 227 159
pottedplant 0.0019 183 114 278 164
pottedplant 0.0011 168 83 309 219
pottedplant 0.0010 219 105 263 169
pottedplant 0.0010 242 114 253 144
pottedplant 0.0010 226 128 249 143
diningtable 0.0019 242 177 317 240
tvmonitor 0.0946 95 116 129 170
tvmonitor 0.0239 299 98 319 133
