person 0.0818 8 165 135 373
person 0.0492 149 135 172 175
person 0.0123 2 193 60 351
person 0.0096 174 139 203 163
person 0.0076 145 130 182 190
person 0.0051 403 316 502 376
person 0.0049 207 110 269 172
person 0.0044 272 301 502 368
person 0.0035 391 155 499 379
person 0.0027 -2 -3 127 307
person 0.0016 303 87 504 377
person 0.0014 432 305 499 366
person 0.0012 237 114 276 171
person 0.0011 153 152 168 173
bird 0.0011 321 233 343 271
bird 0.0010 204 110 251 138
cat 0.0044 321 233 343 271
dog 0.0014 207 110 269 172
dog 0.0013 320 238 341 273
dog 0.0010 204 110 251 138
bottle 0.0472 321 233 343 271
bottle 0.0035 103 111 115 152
bottle 0.0019 111 116 126 149
bottle 0.0015 115 123 125 147
chair 0.7004 4 219 139 366
chair 0.3305 261 302 494 368
chair 0.0251 1 302 138 375
chair 0.0010 3 323 99 373
chair 0.0010 403 316 502 376
sofa 0.5942 261 302 494 368
sofa 0.3877 4 198 136 352
sofa 0.0118 276 218 500 369
sofa 0.0044 387 248 501 364
sofa 0.0034 403 316 502 376
sofa 0.0033 2 193 60 351
sofa 0.0013 -3 323 142 373
pottedplant 0.0026 248 0 277 18
diningtable 0.0381 157 205 397 373
tvmonitor 0.9926 133 100 288 215
tvmonitor 0.0023 122 72 362 283
tvmonitor 0.0014 162 3 235 45
tvmonitor 0.0011 1 44 31 110
