person 0.0012 58 103 501 326
bicycle 0.8799 87 114 341 281
bicycle 0.1265 53 83 461 309
bicycle 0.0942 172 123 330 248
bicycle 0.0251 123 117 308 196
bicycle 0.0212 240 109 319 167
bicycle 0.0209 210 169 353 281
bicycle 0.0127 194 125 288 184
bicycle 0.0062 248 195 348 244
bicycle 0.0057 79 170 277 267
bicycle 0.0052 257 124 336 266
bicycle 0.0036 269 206 359 253
bicycle 0.0031 235 127 324 183
bicycle 0.0028 215 120 303 272
bicycle 0.0027 195 109 364 196
bicycle 0.0021 248 105 344 143
bicycle 0.0016 154 127 248 185
bicycle 0.0015 305 198 365 245
bicycle 0.0014 244 101 316 213
bicycle 0.0013 200 129 239 185
bicycle 0.0010 199 150 287 199
car 0.0033 158 114 335 196
car 0.0025 271 36 313 55
car 0.0018 56 116 307 277
car 0.0012 53 83 461 309
motorbike 0.0065 87 114 341 281
motorbike 0.0023 53 83 461 309
aeroplane 0.0030 58 103 501 326
aeroplane 0.0013 119 111 375 285
train 0.0073 388 139 503 302
boat 0.0063 58 103 501 326
boat 0.0012 405 125 498 309
chair 0.0028 304 204 364 254
chair 0.0021 87 114 341 281
chair 0.0014 310 204 358 234
chair 0.0012 172 123 330 248
chair 0.0011 240 109 319 167
pottedplant 0.0022 87 114 341 281
pottedplant 0.0018 53 83 461 309
diningtable 0.0118 53 83 461 309
diningtable 0.0081 56 116 307 277
diningtable 0.0075 123 117 308 196
diningtable 0.0057 194 115 292 169
diningtable 0.0018 120 121 248 163
