person 0.0301 476 242 500 291
person 0.0144 179 162 200 206
person 0.0093 218 173 237 207
person 0.0040 161 152 212 214
person 0.0026 168 171 204 207
person 0.0011 485 241 499 280
person 0.0010 191 167 201 180
person 0.0010 222 184 233 203
car 0.0108 334 178 347 188
car 0.0064 341 191 377 212
car 0.0049 495 193 500 210
car 0.0029 497 182 499 205
car 0.0015 336 137 350 147
car 0.0014 341 188 378 202
car 0.0013 329 182 427 218
car 0.0012 374 196 425 208
car 0.0010 348 194 375 203
car 0.0010 492 171 499 234
bird 0.0033 9 83 38 168
bird 0.0010 15 86 32 105
cat 0.0062 218 173 237 207
cat 0.0016 9 83 38 168
cat 0.0010 476 242 500 291
bottle 0.0150 359 251 374 265
bottle 0.0034 356 245 378 268
bottle 0.0028 132 195 142 222
bottle 0.0023 123 193 141 222
bottle 0.0021 124 201 135 221
bottle 0.0019 358 248 366 257
bottle 0.0017 361 246 378 256
bottle 0.0016 14 92 29 177
chair 0.9213 66 304 142 374
chair 0.9170 410 204 450 258
chair 0.7821 191 332 282 374
chair 0.3620 336 194 374 249
chair 0.1735 386 207 406 252
chair 0.1515 450 245 499 370
chair 0.1222 333 199 353 247
chair 0.1123 390 194 410 203
chair 0.0966 350 206 373 249
chair 0.0921 341 191 377 212
chair 0.0808 485 241 499 280
chair 0.0617 65 287 377 370
chair 0.0587 387 191 412 200
chair 0.0445 348 191 377 200
chair 0.0420 476 242 500 291
chair 0.0398 398 199 418 205
chair 0.0393 395 193 434 250
chair 0.0338 348 194 375 203
chair 0.0273 402 201 433 207
chair 0.0234 375 193 411 248
chair 0.0219 342 203 407 255
chair 0.0219 358 203 376 244
chair 0.0212 350 192 374 228
chair 0.0197 354 189 392 249
chair 0.0176 381 203 402 242
chair 0.0165 387 193 409 230
chair 0.0164 335 194 370 225
chair 0.0147 454 237 501 310
chair 0.0138 341 188 378 202
chair 0.0112 326 202 360 259
chair 0.0105 334 178 347 188
chair 0.0102 406 206 427 251
chair 0.0100 387 198 432 209
chair 0.0099 393 315 464 374
chair 0.0089 361 202 402 240
chair 0.0083 384 196 397 204
chair 0.0080 384 221 401 255
chair 0.0075 418 206 452 235
chair 0.0062 492 242 499 258
chair 0.0060 400 208 418 251
chair 0.0058 399 191 414 200
chair 0.0057 388 202 431 236
chair 0.0056 437 207 451 253
chair 0.0055 389 211 403 229
chair 0.0052 490 245 499 271
chair 0.0048 360 195 431 244
chair 0.0047 416 199 434 207
chair 0.0042 364 199 413 223
chair 0.0041 342 205 358 216
chair 0.0040 351 205 370 216
chair 0.0039 299 252 440 344
chair 0.0038 324 289 474 373
chair 0.0038 382 189 417 201
chair 0.0037 428 208 447 218
chair 0.0036 389 191 411 213
chair 0.0035 428 213 446 225
chair 0.0034 470 218 498 295
chair 0.0033 392 224 401 252
chair 0.0033 469 240 498 348
chair 0.0032 57 298 201 372
chair 0.0032 193 307 284 366
chair 0.0032 187 285 287 329
chair 0.0031 2 297 79 372
chair 0.0031 357 196 424 209
chair 0.0030 344 197 394 221
chair 0.0029 370 200 391 245
chair 0.0028 388 224 396 252
chair 0.0027 333 218 354 255
chair 0.0026 464 225 475 235
chair 0.0024 416 218 443 256
chair 0.0023 312 232 425 317
chair 0.0023 461 198 496 239
chair 0.0022 466 224 481 237
chair 0.0022 413 204 486 259
chair 0.0021 456 190 497 274
chair 0.0020 335 196 349 206
chair 0.0019 466 233 481 240
chair 0.0018 440 211 451 228
chair 0.0018 199 292 443 372
chair 0.0018 335 171 375 232
chair 0.0017 385 191 397 198
chair 0.0017 404 211 414 227
chair 0.0017 385 206 398 216
chair 0.0017 395 202 436 218
chair 0.0017 333 186 351 195
chair 0.0016 463 216 484 242
chair 0.0016 389 206 406 215
chair 0.0016 393 222 402 238
chair 0.0015 337 200 348 219
chair 0.0014 -1 247 68 382
chair 0.0014 12 324 123 374
chair 0.0014 427 199 449 226
chair 0.0014 224 302 280 328
chair 0.0013 440 205 451 220
chair 0.0013 416 203 438 240
chair 0.0013 342 198 359 205
chair 0.0013 421 215 436 224
chair 0.0013 420 206 435 215
chair 0.0013 361 204 375 216
chair 0.0012 485 248 499 305
sofa 0.9540 85 285 404 369
sofa 0.5710 450 245 499 370
sofa 0.0342 454 237 501 310
sofa 0.0188 191 332 282 374
sofa 0.0175 476 242 500 291
sofa 0.0142 485 241 499 280
sofa 0.0129 66 304 142 374
sofa 0.0127 469 240 498 348
sofa 0.0069 299 252 440 344
sofa 0.0061 470 218 498 295
sofa 0.0048 324 289 474 373
sofa 0.0035 59 235 508 375
sofa 0.0032 2 297 79 372
sofa 0.0028 178 267 464 352
sofa 0.0025 393 315 464 374
sofa 0.0020 185 277 290 318
sofa 0.0017 387 198 432 209
sofa 0.0014 374 251 499 369
sofa 0.0014 -1 247 68 382
sofa 0.0013 464 174 501 376
sofa 0.0012 456 190 497 274
sofa 0.0011 341 191 377 212
sofa 0.0011 334 252 418 304
sofa 0.0011 468 282 498 375
sofa 0.0011 408 296 500 370
sofa 0.0011 57 298 201 372
sofa 0.0011 409 209 449 255
pottedplant 0.6473 0 297 68 371
pottedplant 0.1541 218 173 237 207
pottedplant 0.0915 475 198 500 240
pottedplant 0.0869 458 188 497 248
pottedplant 0.0598 470 190 498 273
pottedplant 0.0354 463 199 487 238
pottedplant 0.0227 487 197 498 243
pottedplant 0.0110 495 197 499 224
pottedplant 0.0061 -1 298 123 382
pottedplant 0.0061 2 311 47 378
pottedplant 0.0059 494 207 498 234
pottedplant 0.0054 468 217 498 242
pottedplant 0.0053 492 220 498 239
pottedplant 0.0053 479 221 495 236
pottedplant 0.0046 451 179 501 293
pottedplant 0.0041 495 193 500 210
pottedplant 0.0041 0 292 30 373
pottedplant 0.0032 471 157 500 245
pottedplant 0.0032 222 184 233 203
pottedplant 0.0031 227 185 236 202
pottedplant 0.0027 0 252 82 379
pottedplant 0.0026 492 171 499 234
pottedplant 0.0023 356 245 378 268
pottedplant 0.0022 463 216 484 242
pottedplant 0.0021 221 174 231 187
pottedplant 0.0018 466 224 481 237
pottedplant 0.0017 468 214 481 230
pottedplant 0.0016 479 216 493 228
pottedplant 0.0016 445 144 501 259
pottedplant 0.0014 489 207 499 272
pottedplant 0.0011 342 172 380 196
pottedplant 0.0010 478 204 492 218
pottedplant 0.0010 352 176 370 189
diningtable 0.1570 387 198 432 209
diningtable 0.1299 360 195 431 244
diningtable 0.0778 388 204 444 254
diningtable 0.0761 386 200 432 219
diningtable 0.0470 32 313 140 375
diningtable 0.0459 388 202 431 236
diningtable 0.0255 402 201 433 207
diningtable 0.0250 331 196 382 245
diningtable 0.0212 357 196 424 209
diningtable 0.0200 341 191 377 212
diningtable 0.0172 31 353 111 377
diningtable 0.0166 398 199 418 205
diningtable 0.0165 5 321 86 374
diningtable 0.0133 -1 298 123 382
diningtable 0.0117 348 194 375 203
diningtable 0.0083 390 194 410 203
diningtable 0.0080 334 252 418 304
diningtable 0.0066 375 193 411 248
diningtable 0.0056 342 203 407 255
diningtable 0.0040 386 207 406 252
diningtable 0.0036 329 182 427 218
diningtable 0.0036 364 199 413 223
diningtable 0.0034 396 206 422 212
diningtable 0.0031 335 194 370 225
diningtable 0.0028 312 232 425 317
diningtable 0.0027 304 251 372 297
diningtable 0.0026 4 347 98 382
diningtable 0.0022 405 204 428 212
diningtable 0.0022 348 191 377 200
diningtable 0.0021 341 188 378 202
diningtable 0.0018 361 202 402 240
diningtable 0.0017 344 197 394 221
diningtable 0.0016 336 208 360 250
diningtable 0.0016 389 206 406 215
diningtable 0.0015 405 204 429 240
diningtable 0.0015 410 217 448 256
diningtable 0.0014 387 191 412 200
diningtable 0.0014 351 205 370 216
diningtable 0.0013 401 203 452 221
diningtable 0.0013 483 244 500 290
diningtable 0.0012 398 204 421 239
diningtable 0.0012 452 284 498 372
diningtable 0.0010 342 205 358 216
tvmonitor 0.9945 157 152 218 214
tvmonitor 0.0093 66 307 140 377
tvmonitor 0.0017 191 332 282 374
tvmonitor 0.0016 334 178 347 188
tvmonitor 0.0016 336 257 422 316
tvmonitor 0.0013 485 241 499 280
