person 0.0325 51 77 497 346
bicycle 0.9851 15 29 482 344
bicycle 0.0118 27 67 321 305
bicycle 0.0035 29 157 173 283
bicycle 0.0031 13 85 194 288
bicycle 0.0019 149 67 430 301
car 0.0072 1 22 42 52
car 0.0059 72 8 487 313
car 0.0029 1 2 49 51
car 0.0010 0 0 57 128
motorbike 0.0330 31 70 472 351
bus 0.0052 38 7 464 317
train 0.0059 17 14 428 304
boat 0.0070 51 77 497 346
boat 0.0025 1 22 42 52
bottle 0.0014 72 8 487 313
chair 0.0019 72 8 487 313
chair 0.0011 1 1 43 51
pottedplant 0.0052 131 -3 204 126
pottedplant 0.0022 120 53 207 104
pottedplant 0.0019 0 16 60 142
diningtable 0.0026 51 77 497 346
diningtable 0.0010 1 22 42 52
